Tiempo	Corriente
8.565390e-01	1.131130e-02
1.119157e+00	1.130260e-02
1.363247e+00	1.129800e-02
1.609526e+00	1.129480e-02
1.851066e+00	1.129420e-02
2.098110e+00	1.128970e-02
2.321890e+00	1.128910e-02
2.552109e+00	1.128750e-02
2.798281e+00	1.128860e-02
3.041833e+00	1.128720e-02
3.265268e+00	1.128890e-02
3.492744e+00	1.129180e-02
3.724714e+00	1.128800e-02
3.947519e+00	1.128810e-02
4.174359e+00	1.128930e-02
4.399658e+00	1.128800e-02
4.626766e+00	1.128800e-02
4.857543e+00	1.128720e-02
5.085624e+00	1.128830e-02
5.311381e+00	1.128870e-02
5.538268e+00	1.128850e-02
5.766067e+00	1.128680e-02
5.991754e+00	1.128890e-02
6.219485e+00	1.128700e-02
6.446367e+00	1.128810e-02
6.673859e+00	1.128700e-02
6.905787e+00	1.128740e-02
7.150163e+00	1.128920e-02
7.394608e+00	1.128900e-02
7.618464e+00	1.128930e-02
7.846662e+00	1.128990e-02
8.074825e+00	1.129020e-02
8.302340e+00	1.128880e-02
8.529798e+00	1.128860e-02
8.762285e+00	1.128850e-02
8.984783e+00	1.129080e-02
9.212419e+00	1.129050e-02
9.440551e+00	1.128960e-02
9.668787e+00	1.128720e-02
9.894596e+00	1.128620e-02
1.012224e+01	1.128660e-02
1.035275e+01	1.128580e-02
1.058021e+01	1.128610e-02
1.080854e+01	1.128440e-02
1.103885e+01	1.128570e-02
1.126680e+01	1.128510e-02
1.149262e+01	1.128520e-02
1.171952e+01	1.128730e-02
1.194720e+01	1.128770e-02
1.217585e+01	1.128590e-02
1.240353e+01	1.128820e-02
1.263383e+01	1.128570e-02
1.286424e+01	1.128630e-02
1.309136e+01	1.128670e-02
1.331795e+01	1.128400e-02
1.354380e+01	1.128620e-02
1.377580e+01	1.128540e-02
1.400009e+01	1.128510e-02
1.424106e+01	1.128520e-02
1.446495e+01	1.128450e-02
1.469169e+01	1.128510e-02
1.492152e+01	1.128310e-02
1.514652e+01	1.128420e-02
1.537579e+01	1.128410e-02
1.564194e+01	1.128080e-02
1.587013e+01	1.128290e-02
1.609778e+01	1.128150e-02
1.633858e+01	1.128100e-02
1.658086e+01	1.128080e-02
1.682648e+01	1.128310e-02
1.704969e+01	1.128300e-02
1.727718e+01	1.128390e-02
1.750453e+01	1.128470e-02
1.773267e+01	1.128590e-02
1.796021e+01	1.128640e-02
1.818871e+01	1.128600e-02
1.842678e+01	1.128490e-02
1.865165e+01	1.128660e-02
1.887941e+01	1.128340e-02
1.910778e+01	1.128690e-02
1.933341e+01	1.128580e-02
1.955873e+01	1.128680e-02
1.978466e+01	1.128920e-02
2.001337e+01	1.128910e-02
2.024167e+01	1.128870e-02
2.047173e+01	1.128660e-02
2.069687e+01	1.128750e-02
2.092324e+01	1.128850e-02
2.115102e+01	1.128870e-02
2.137671e+01	1.128750e-02
2.160232e+01	1.128740e-02
2.182851e+01	1.128700e-02
2.205470e+01	1.128710e-02
2.228537e+01	1.128730e-02
2.251992e+01	1.129240e-02
2.274405e+01	1.129380e-02
2.296961e+01	1.130250e-02
2.319737e+01	1.130450e-02
2.342432e+01	1.131170e-02
2.365456e+01	1.131570e-02
2.388104e+01	1.131580e-02
2.410652e+01	1.131660e-02
2.433479e+01	1.132310e-02
2.457507e+01	1.132890e-02
2.481745e+01	1.133180e-02
2.504282e+01	1.133560e-02
2.526984e+01	1.133890e-02
2.549465e+01	1.134200e-02
2.572172e+01	1.134580e-02
2.594865e+01	1.134750e-02
2.617576e+01	1.135320e-02
2.640291e+01	1.135460e-02
2.664166e+01	1.135710e-02
2.686579e+01	1.136190e-02
2.709257e+01	1.136180e-02
2.731984e+01	1.136770e-02
2.754799e+01	1.137230e-02
2.777567e+01	1.137500e-02
2.800466e+01	1.137940e-02
2.823349e+01	1.138350e-02
2.846088e+01	1.138460e-02
2.870309e+01	1.138930e-02
2.892667e+01	1.139200e-02
2.915253e+01	1.139630e-02
2.937973e+01	1.139600e-02
2.960658e+01	1.139910e-02
2.983235e+01	1.140420e-02
3.006179e+01	1.140630e-02
3.028972e+01	1.140900e-02
3.051878e+01	1.141230e-02
3.079219e+01	1.141600e-02
3.101611e+01	1.141540e-02
3.124357e+01	1.142210e-02
3.146945e+01	1.142770e-02
3.169693e+01	1.142720e-02
3.192264e+01	1.143100e-02
3.215099e+01	1.143390e-02
3.237795e+01	1.143860e-02
3.260542e+01	1.143880e-02
3.284391e+01	1.144190e-02
3.306775e+01	1.144580e-02
3.329735e+01	1.144910e-02
3.352420e+01	1.145300e-02
3.375142e+01	1.145290e-02
3.397946e+01	1.145690e-02
3.420702e+01	1.145890e-02
3.443522e+01	1.146060e-02
3.466280e+01	1.146220e-02
3.489270e+01	1.146460e-02
3.512089e+01	1.146520e-02
3.534652e+01	1.146690e-02
3.557455e+01	1.147040e-02
3.580175e+01	1.147170e-02
3.603061e+01	1.147340e-02
3.625776e+01	1.147930e-02
3.648570e+01	1.148080e-02
3.671190e+01	1.148090e-02
3.693920e+01	1.148210e-02
3.716589e+01	1.148720e-02
3.739308e+01	1.148730e-02
3.762068e+01	1.149090e-02
3.784866e+01	1.149430e-02
3.807776e+01	1.149670e-02
3.830458e+01	1.150020e-02
3.853273e+01	1.150010e-02
3.876179e+01	1.150420e-02
3.898844e+01	1.150550e-02
3.921555e+01	1.150570e-02
3.944467e+01	1.150660e-02
3.967050e+01	1.150550e-02
3.990027e+01	1.150820e-02
4.013072e+01	1.150760e-02
4.035749e+01	1.151140e-02
4.058580e+01	1.151360e-02
4.081273e+01	1.151440e-02
4.105283e+01	1.151440e-02
4.127569e+01	1.151700e-02
4.150167e+01	1.151900e-02
4.172887e+01	1.151420e-02
4.195667e+01	1.151760e-02
4.218359e+01	1.151820e-02
4.241280e+01	1.151980e-02
4.264273e+01	1.152190e-02
4.286970e+01	1.152200e-02
4.310919e+01	1.152130e-02
4.335329e+01	1.152400e-02
4.357725e+01	1.152660e-02
4.380529e+01	1.152770e-02
4.403177e+01	1.152890e-02
4.426040e+01	1.152930e-02
4.448628e+01	1.153290e-02
4.471191e+01	1.153350e-02
4.494138e+01	1.153530e-02
4.517185e+01	1.153360e-02
4.540075e+01	1.153520e-02
4.563170e+01	1.153440e-02
4.589973e+01	1.153480e-02
4.612595e+01	1.153530e-02
4.635319e+01	1.153910e-02
4.658167e+01	1.153650e-02
4.680805e+01	1.153820e-02
4.703443e+01	1.153940e-02
4.727079e+01	1.154220e-02
4.749490e+01	1.154180e-02
4.772120e+01	1.154300e-02
4.794941e+01	1.154530e-02
4.817435e+01	1.154200e-02
4.840069e+01	1.154230e-02
4.862863e+01	1.154120e-02
4.885881e+01	1.154500e-02
4.908561e+01	1.154430e-02
4.932455e+01	1.154550e-02
4.954923e+01	1.154680e-02
4.977545e+01	1.155010e-02
5.000157e+01	1.154840e-02
5.024906e+01	1.154650e-02
5.047327e+01	1.155080e-02
5.070070e+01	1.155090e-02
5.092660e+01	1.155130e-02
5.115424e+01	1.155230e-02
5.139468e+01	1.155170e-02
5.161959e+01	1.155440e-02
5.184629e+01	1.155390e-02
5.207484e+01	1.155600e-02
5.230380e+01	1.155830e-02
5.253296e+01	1.155930e-02
5.275950e+01	1.156130e-02
5.298649e+01	1.156210e-02
5.321552e+01	1.156410e-02
5.345785e+01	1.156520e-02
5.370139e+01	1.156390e-02
5.392659e+01	1.155970e-02
5.415465e+01	1.156090e-02
5.438264e+01	1.156440e-02
5.461078e+01	1.156560e-02
5.483845e+01	1.156290e-02
5.506599e+01	1.156530e-02
5.529429e+01	1.156460e-02
5.552174e+01	1.156410e-02
5.575227e+01	1.156590e-02
5.598203e+01	1.156780e-02
5.620676e+01	1.156540e-02
5.643754e+01	1.156640e-02
5.666269e+01	1.156760e-02
5.689021e+01	1.156660e-02
5.711743e+01	1.156820e-02
5.734561e+01	1.156780e-02
5.757115e+01	1.156500e-02
5.779883e+01	1.156870e-02
5.802498e+01	1.165730e-02
5.825293e+01	1.164460e-02
5.848372e+01	1.164790e-02
5.871166e+01	1.164940e-02
5.893849e+01	1.165280e-02
5.916545e+01	1.165450e-02
5.939415e+01	1.165830e-02
5.962165e+01	1.166190e-02
5.985077e+01	1.166430e-02
6.007896e+01	1.166610e-02
6.030784e+01	1.166770e-02
6.053871e+01	1.167300e-02
6.077678e+01	1.167250e-02
6.104167e+01	1.167730e-02
6.126964e+01	1.167760e-02
6.149809e+01	1.167740e-02
6.172637e+01	1.168030e-02
6.195282e+01	1.167990e-02
6.218265e+01	1.167890e-02
6.241162e+01	1.168210e-02
6.263918e+01	1.168410e-02
6.287660e+01	1.168430e-02
6.310144e+01	1.168190e-02
6.332864e+01	1.168450e-02
6.355629e+01	1.168630e-02
6.378262e+01	1.168480e-02
6.401267e+01	1.168380e-02
6.423923e+01	1.168770e-02
6.446503e+01	1.169010e-02
6.469335e+01	1.168910e-02
6.492293e+01	1.169120e-02
6.515168e+01	1.168980e-02
6.537873e+01	1.169080e-02
6.560668e+01	1.169210e-02
6.583355e+01	1.169280e-02
6.606105e+01	1.169500e-02
6.628841e+01	1.169180e-02
6.651559e+01	1.169290e-02
6.674668e+01	1.169390e-02
6.697377e+01	1.169670e-02
6.720292e+01	1.169710e-02
6.743274e+01	1.169600e-02
6.766284e+01	1.169580e-02
6.789370e+01	1.169820e-02
6.812152e+01	1.169770e-02
6.834953e+01	1.170230e-02
6.857774e+01	1.170260e-02
6.880752e+01	1.169970e-02
6.904216e+01	1.170040e-02
6.927992e+01	1.170030e-02
6.950843e+01	1.170320e-02
6.973868e+01	1.170100e-02
6.996759e+01	1.170250e-02
7.019657e+01	1.170670e-02
7.043098e+01	1.170530e-02
7.065440e+01	1.170670e-02
7.088239e+01	1.170930e-02
7.112083e+01	1.170580e-02
7.134414e+01	1.170570e-02
7.157027e+01	1.170720e-02
7.179767e+01	1.170640e-02
7.202556e+01	1.170730e-02
7.225564e+01	1.170730e-02
7.248461e+01	1.170860e-02
7.271480e+01	1.170740e-02
7.294338e+01	1.170970e-02
7.318614e+01	1.170830e-02
7.342870e+01	1.170900e-02
7.367432e+01	1.171300e-02
7.391680e+01	1.171240e-02
7.414279e+01	1.171250e-02
7.437253e+01	1.171130e-02
7.460078e+01	1.171270e-02
7.483000e+01	1.171200e-02
7.506069e+01	1.171230e-02
7.529324e+01	1.171340e-02
7.551728e+01	1.171480e-02
7.574764e+01	1.171440e-02
7.597214e+01	1.171500e-02
7.623853e+01	1.171400e-02
7.646824e+01	1.171510e-02
7.669607e+01	1.171360e-02
7.692679e+01	1.171250e-02
7.715467e+01	1.171590e-02
7.739373e+01	1.171390e-02
7.761806e+01	1.171730e-02
7.784447e+01	1.171720e-02
7.807196e+01	1.171570e-02
7.829873e+01	1.171820e-02
7.852678e+01	1.171680e-02
7.875669e+01	1.171990e-02
7.898679e+01	1.171800e-02
7.921392e+01	1.171920e-02
7.944096e+01	1.172040e-02
7.966833e+01	1.172210e-02
7.989609e+01	1.172090e-02
8.012342e+01	1.172340e-02
8.035013e+01	1.172380e-02
8.058227e+01	1.172210e-02
8.081114e+01	1.171970e-02
8.103906e+01	1.172480e-02
8.126868e+01	1.172520e-02
8.150884e+01	1.172280e-02
8.173348e+01	1.172490e-02
8.196257e+01	1.172290e-02
8.219233e+01	1.172330e-02
8.241808e+01	1.172340e-02
8.264753e+01	1.172440e-02
8.287969e+01	1.172420e-02
8.310347e+01	1.172500e-02
8.333370e+01	1.172210e-02
8.355766e+01	1.172610e-02
8.378542e+01	1.172290e-02
8.401364e+01	1.172130e-02
8.424267e+01	1.172200e-02
8.447167e+01	1.172430e-02
8.469813e+01	1.172280e-02
8.492866e+01	1.172530e-02
8.515821e+01	1.172420e-02
8.538741e+01	1.172510e-02
8.561714e+01	1.172400e-02
8.584473e+01	1.172410e-02
8.607384e+01	1.172470e-02
8.630262e+01	1.172530e-02
8.653197e+01	1.172670e-02
8.675987e+01	1.172700e-02
8.698754e+01	1.172640e-02
8.721472e+01	1.172790e-02
8.744172e+01	1.172830e-02
8.766504e+01	1.172730e-02
8.789351e+01	1.172730e-02
8.812287e+01	1.172850e-02
8.835166e+01	1.172930e-02
8.858111e+01	1.172970e-02
8.880950e+01	1.172990e-02
8.903891e+01	1.172610e-02
8.926673e+01	1.172860e-02
8.949666e+01	1.132640e-02
8.972420e+01	1.133500e-02
8.995065e+01	1.134460e-02
9.017861e+01	1.134960e-02
9.040695e+01	1.135160e-02
9.063661e+01	1.135160e-02
9.086438e+01	1.135270e-02
9.108968e+01	1.135380e-02
9.135657e+01	1.135790e-02
9.158474e+01	1.135660e-02
9.182577e+01	1.135770e-02
9.204893e+01	1.135720e-02
9.227708e+01	1.135890e-02
9.250368e+01	1.135780e-02
9.273227e+01	1.135720e-02
9.296285e+01	1.135640e-02
9.319123e+01	1.135490e-02
9.341929e+01	1.135550e-02
9.364627e+01	1.135490e-02
9.387267e+01	1.135380e-02
9.410570e+01	1.135430e-02
9.432985e+01	1.135390e-02
9.455869e+01	1.135280e-02
9.478726e+01	1.135240e-02
9.502014e+01	1.135390e-02
9.524796e+01	1.135270e-02
9.547662e+01	1.135100e-02
9.570367e+01	1.135190e-02
9.594195e+01	1.135210e-02
9.616479e+01	1.135490e-02
9.639137e+01	1.135220e-02
9.661780e+01	1.135260e-02
9.684464e+01	1.134950e-02
9.707091e+01	1.135240e-02
9.729869e+01	1.135290e-02
9.753150e+01	1.135070e-02
9.777538e+01	1.135000e-02
9.801872e+01	1.134890e-02
9.824409e+01	1.134970e-02
9.847024e+01	1.135140e-02
9.869876e+01	1.134950e-02
9.892756e+01	1.135190e-02
9.915578e+01	1.135410e-02
9.938479e+01	1.135070e-02
9.961155e+01	1.135210e-02
9.983872e+01	1.135150e-02
1.000748e+02	1.135400e-02
1.003201e+02	1.135110e-02
1.005647e+02	1.135270e-02
1.007878e+02	1.135250e-02
1.010157e+02	1.135360e-02
1.012436e+02	1.135300e-02
1.014719e+02	1.135190e-02
1.017027e+02	1.134930e-02
1.019310e+02	1.134690e-02
1.021558e+02	1.134870e-02
1.023836e+02	1.134730e-02
1.026118e+02	1.134910e-02
1.028393e+02	1.134660e-02
1.030677e+02	1.134520e-02
1.032959e+02	1.134690e-02
1.035246e+02	1.134690e-02
1.037505e+02	1.134830e-02
1.039798e+02	1.134720e-02
1.042075e+02	1.134640e-02
1.044357e+02	1.134790e-02
1.046630e+02	1.134810e-02
1.048896e+02	1.134670e-02
1.051354e+02	1.134870e-02
1.053607e+02	1.135090e-02
1.055909e+02	1.134930e-02
1.058186e+02	1.134950e-02
1.060500e+02	1.134430e-02
1.062932e+02	1.134180e-02
1.065576e+02	1.133710e-02
1.067859e+02	1.133520e-02
1.070127e+02	1.133450e-02
1.072409e+02	1.133230e-02
1.074677e+02	1.133010e-02
1.076956e+02	1.132710e-02
1.079226e+02	1.132630e-02
1.081495e+02	1.132380e-02
1.083714e+02	1.132370e-02
1.085982e+02	1.132200e-02
1.088271e+02	1.132100e-02
1.090550e+02	1.131860e-02
1.092814e+02	1.131660e-02
1.095137e+02	1.131330e-02
1.097371e+02	1.131240e-02
1.099658e+02	1.131050e-02
1.101911e+02	1.130810e-02
1.104233e+02	1.130720e-02
1.106682e+02	1.130250e-02
1.108910e+02	1.130090e-02
1.111196e+02	1.129840e-02
1.113485e+02	1.129650e-02
1.115766e+02	1.129540e-02
1.118030e+02	1.129550e-02
1.120290e+02	1.128980e-02
1.122551e+02	1.129060e-02
1.124942e+02	1.128580e-02
1.127197e+02	1.128550e-02
1.129537e+02	1.128430e-02
1.131776e+02	1.128420e-02
1.134048e+02	1.128070e-02
1.136316e+02	1.128110e-02
1.138596e+02	1.128070e-02
1.140867e+02	1.127510e-02
1.143150e+02	1.127500e-02
1.145392e+02	1.127650e-02
1.147679e+02	1.127290e-02
1.149964e+02	1.127080e-02
1.152248e+02	1.126890e-02
1.154522e+02	1.126980e-02
1.156816e+02	1.126640e-02
1.159142e+02	1.126280e-02
1.161587e+02	1.126320e-02
1.163827e+02	1.126000e-02
1.166079e+02	1.125820e-02
1.168398e+02	1.125910e-02
1.170697e+02	1.125660e-02
1.172967e+02	1.125700e-02
1.175228e+02	1.125530e-02
1.177498e+02	1.125210e-02
1.179766e+02	1.125400e-02
1.182037e+02	1.125070e-02
1.184308e+02	1.125170e-02
1.186596e+02	1.125160e-02
1.188872e+02	1.124890e-02
1.191153e+02	1.124510e-02
1.193437e+02	1.124640e-02
1.195725e+02	1.124300e-02
1.198025e+02	1.124110e-02
1.200312e+02	1.124050e-02
1.202594e+02	1.124030e-02
1.204862e+02	1.124080e-02
1.207278e+02	1.124130e-02
1.209516e+02	1.123770e-02
1.211791e+02	1.123620e-02
1.214067e+02	1.123350e-02
1.216740e+02	1.123140e-02
1.219005e+02	1.123030e-02
1.221286e+02	1.123080e-02
1.223563e+02	1.122990e-02
1.225840e+02	1.122730e-02
1.228190e+02	1.122650e-02
1.230433e+02	1.122220e-02
1.232698e+02	1.122130e-02
1.234962e+02	1.121970e-02
1.237236e+02	1.122150e-02
1.239528e+02	1.121950e-02
1.241798e+02	1.121830e-02
1.244061e+02	1.121750e-02
1.246336e+02	1.121630e-02
1.248701e+02	1.121580e-02
1.250946e+02	1.121220e-02
1.253241e+02	1.121240e-02
1.255517e+02	1.121180e-02
1.257809e+02	1.121180e-02
1.260086e+02	1.120900e-02
1.262347e+02	1.120730e-02
1.264606e+02	1.120720e-02
1.266875e+02	1.120480e-02
1.269279e+02	1.120470e-02
1.271537e+02	1.120510e-02
1.273789e+02	1.120170e-02
1.276053e+02	1.120250e-02
1.278523e+02	1.119930e-02
1.280760e+02	1.119880e-02
1.283026e+02	1.119700e-02
1.285295e+02	1.119610e-02
1.287570e+02	1.119520e-02
1.289884e+02	1.119680e-02
1.292138e+02	1.119180e-02
1.294415e+02	1.119440e-02
1.296686e+02	1.119070e-02
1.298944e+02	1.118990e-02
1.301228e+02	1.118830e-02
1.303510e+02	1.118990e-02
1.305787e+02	1.118700e-02
1.308056e+02	1.118480e-02
1.310316e+02	1.118430e-02
1.312593e+02	1.118270e-02
1.314856e+02	1.118300e-02
1.317127e+02	1.118190e-02
1.319402e+02	1.118210e-02
1.321662e+02	1.118000e-02
1.323960e+02	1.117870e-02
1.326217e+02	1.117700e-02
1.328493e+02	1.117770e-02
1.330850e+02	1.117660e-02
1.333096e+02	1.117740e-02
1.335377e+02	1.117650e-02
1.337657e+02	1.117450e-02
1.339958e+02	1.117640e-02
1.342221e+02	1.117650e-02
1.344491e+02	1.117480e-02
1.346770e+02	1.117270e-02
1.349037e+02	1.117190e-02
1.351315e+02	1.117190e-02
1.353609e+02	1.116780e-02
1.355874e+02	1.116980e-02
1.358147e+02	1.116760e-02
1.360428e+02	1.116950e-02
1.362708e+02	1.117040e-02
1.364975e+02	1.117110e-02
1.367646e+02	1.116760e-02
1.369917e+02	1.116790e-02
1.372204e+02	1.116410e-02
1.374488e+02	1.116110e-02
1.376761e+02	1.116210e-02
1.379041e+02	1.116180e-02
1.381324e+02	1.116010e-02
1.383735e+02	1.115740e-02
1.385998e+02	1.116050e-02
1.388246e+02	1.115930e-02
1.390567e+02	1.115700e-02
1.393010e+02	1.115710e-02
1.395237e+02	1.115770e-02
1.397512e+02	1.115430e-02
1.399817e+02	1.115700e-02
1.402097e+02	1.115370e-02
1.404377e+02	1.115360e-02
1.406626e+02	1.115130e-02
1.408927e+02	1.115330e-02
1.411212e+02	1.114980e-02
1.413464e+02	1.114800e-02
1.415756e+02	1.114920e-02
1.418018e+02	1.115060e-02
1.420278e+02	1.114790e-02
1.422555e+02	1.114830e-02
1.424912e+02	1.114650e-02
1.427151e+02	1.114800e-02
1.429427e+02	1.114600e-02
1.431764e+02	1.114320e-02
1.433995e+02	1.114540e-02
1.436289e+02	1.114540e-02
1.438587e+02	1.114220e-02
1.440844e+02	1.114390e-02
1.443094e+02	1.114150e-02
1.445322e+02	1.114150e-02
1.447596e+02	1.113880e-02
1.449847e+02	1.113820e-02
1.452098e+02	1.113610e-02
1.454347e+02	1.113570e-02
1.456647e+02	1.113440e-02
1.458939e+02	1.113710e-02
1.461215e+02	1.113530e-02
1.463487e+02	1.113420e-02
1.465892e+02	1.113450e-02
1.468140e+02	1.113210e-02
1.470398e+02	1.113120e-02
1.472647e+02	1.112930e-02
1.474923e+02	1.112850e-02
1.477217e+02	1.112830e-02
1.479511e+02	1.112920e-02
1.481815e+02	1.112670e-02
1.484103e+02	1.112640e-02
1.486370e+02	1.112660e-02
1.488644e+02	1.112590e-02
1.490926e+02	1.112580e-02
1.493214e+02	1.112360e-02
1.495497e+02	1.112400e-02
1.497708e+02	1.112160e-02
1.499977e+02	1.112050e-02
1.502236e+02	1.112110e-02
1.504531e+02	1.111930e-02
1.506815e+02	1.111990e-02
1.509103e+02	1.112000e-02
1.511378e+02	1.111970e-02
1.513631e+02	1.111810e-02
1.515904e+02	1.111340e-02
1.518619e+02	1.111370e-02
1.520917e+02	1.111540e-02
1.523236e+02	1.111330e-02
1.525477e+02	1.111200e-02
1.527748e+02	1.111170e-02
1.530011e+02	1.110970e-02
1.532289e+02	1.111150e-02
1.534557e+02	1.111030e-02
1.536858e+02	1.110970e-02
1.539261e+02	1.110890e-02
1.541508e+02	1.110610e-02
1.543779e+02	1.110630e-02
1.546047e+02	1.110260e-02
1.548338e+02	1.110220e-02
1.550602e+02	1.110350e-02
1.552856e+02	1.110110e-02
1.555150e+02	1.110050e-02
1.557448e+02	1.110380e-02
1.559701e+02	1.110280e-02
1.561964e+02	1.110060e-02
1.564243e+02	1.109850e-02
1.566517e+02	1.109990e-02
1.568796e+02	1.109930e-02
1.571074e+02	1.110050e-02
1.573351e+02	1.109990e-02
1.575634e+02	1.109650e-02
1.577900e+02	1.109530e-02
1.580197e+02	1.109350e-02
1.582497e+02	1.109200e-02
1.584780e+02	1.109010e-02
1.587036e+02	1.108980e-02
1.589298e+02	1.108800e-02
1.591573e+02	1.109040e-02
1.593848e+02	1.108890e-02
1.596123e+02	1.108500e-02
1.598420e+02	1.108410e-02
1.600719e+02	1.108650e-02
1.602969e+02	1.108670e-02
1.605227e+02	1.108710e-02
1.607515e+02	1.108280e-02
1.609804e+02	1.108470e-02
1.612078e+02	1.108330e-02
1.614341e+02	1.108300e-02
1.616616e+02	1.108270e-02
1.618907e+02	1.108190e-02
1.621228e+02	1.107950e-02
1.623478e+02	1.107990e-02
1.625771e+02	1.108000e-02
1.628037e+02	1.107930e-02
1.630307e+02	1.107720e-02
1.632584e+02	1.107770e-02
1.634855e+02	1.107640e-02
1.637169e+02	1.107700e-02
1.639468e+02	1.107860e-02
1.641868e+02	1.107800e-02
1.644113e+02	1.107540e-02
1.646374e+02	1.107630e-02
1.648648e+02	1.107470e-02
1.650929e+02	1.107520e-02
1.653232e+02	1.107240e-02
1.655500e+02	1.107320e-02
1.657757e+02	1.107150e-02
1.660051e+02	1.107050e-02
1.662428e+02	1.106820e-02
1.664667e+02	1.107140e-02
1.666969e+02	1.106930e-02
1.669663e+02	1.106610e-02
1.671951e+02	1.106640e-02
1.674243e+02	1.106440e-02
1.676559e+02	1.106370e-02
1.678802e+02	1.106460e-02
1.681092e+02	1.106240e-02
1.683435e+02	1.106210e-02
1.685697e+02	1.106080e-02
1.687999e+02	1.105960e-02
1.690267e+02	1.105880e-02
1.692649e+02	1.105770e-02
1.694901e+02	1.105650e-02
1.697170e+02	1.105690e-02
1.699474e+02	1.105650e-02
1.701741e+02	1.105570e-02
1.704025e+02	1.105160e-02
1.706315e+02	1.105230e-02
1.708593e+02	1.105230e-02
1.710908e+02	1.105370e-02
1.713144e+02	1.105210e-02
1.715523e+02	1.105070e-02
1.717761e+02	1.105280e-02
1.720037e+02	1.105270e-02
1.722297e+02	1.105130e-02
1.724564e+02	1.105170e-02
1.726837e+02	1.104910e-02
1.729126e+02	1.105030e-02
1.731417e+02	1.104820e-02
1.733686e+02	1.104710e-02
1.736009e+02	1.104370e-02
1.738266e+02	1.104470e-02
1.740576e+02	1.104520e-02
1.743018e+02	1.104610e-02
1.745476e+02	1.104390e-02
1.747755e+02	1.104300e-02
1.750037e+02	1.104220e-02
1.752326e+02	1.103920e-02
1.754598e+02	1.104150e-02
1.756927e+02	1.104020e-02
1.759163e+02	1.104210e-02
1.761453e+02	1.103850e-02
1.763749e+02	1.103880e-02
1.766008e+02	1.103900e-02
1.768324e+02	1.103520e-02
1.770597e+02	1.103800e-02
1.772902e+02	1.103900e-02
1.775180e+02	1.103670e-02
1.777615e+02	1.103490e-02
1.779853e+02	1.103410e-02
1.782110e+02	1.103210e-02
1.784369e+02	1.103240e-02
1.786647e+02	1.103240e-02
1.788935e+02	1.103220e-02
1.791196e+02	1.103120e-02
1.793488e+02	1.103000e-02
1.795782e+02	1.103070e-02
1.798207e+02	1.103010e-02
1.800444e+02	1.102800e-02
1.802717e+02	1.102990e-02
1.804961e+02	1.102750e-02
1.807235e+02	1.102570e-02
1.809503e+02	1.102550e-02
1.811761e+02	1.102470e-02
1.814028e+02	1.102460e-02
1.816310e+02	1.102210e-02
1.818528e+02	1.102280e-02
1.821220e+02	1.102220e-02
1.823493e+02	1.102290e-02
1.825776e+02	1.102120e-02
1.828053e+02	1.101900e-02
1.830344e+02	1.102110e-02
1.832604e+02	1.102140e-02
1.834855e+02	1.102060e-02
1.837134e+02	1.101990e-02
1.839412e+02	1.101570e-02
1.841666e+02	1.101800e-02
1.843927e+02	1.102010e-02
1.846204e+02	1.101820e-02
1.848478e+02	1.101740e-02
1.850748e+02	1.101530e-02
1.853024e+02	1.101790e-02
1.855294e+02	1.101420e-02
1.857548e+02	1.101640e-02
1.859887e+02	1.101470e-02
1.862133e+02	1.101160e-02
1.864389e+02	1.101110e-02
1.866678e+02	1.101110e-02
1.868956e+02	1.101070e-02
1.871263e+02	1.101330e-02
1.873545e+02	1.101320e-02
1.875808e+02	1.101200e-02
1.878067e+02	1.100960e-02
1.880419e+02	1.100810e-02
1.882639e+02	1.100830e-02
1.884915e+02	1.100910e-02
1.887209e+02	1.100920e-02
1.889483e+02	1.100830e-02
1.891768e+02	1.100490e-02
1.894031e+02	1.100260e-02
1.896312e+02	1.100380e-02
1.898571e+02	1.100270e-02
1.900827e+02	1.099990e-02
1.903108e+02	1.100460e-02
1.905404e+02	1.100790e-02
1.907688e+02	1.100430e-02
1.909939e+02	1.100230e-02
1.912220e+02	1.100260e-02
1.914486e+02	1.099880e-02
1.916779e+02	1.100230e-02
1.919057e+02	1.099510e-02
1.921407e+02	1.099900e-02
1.923657e+02	1.099850e-02
1.925956e+02	1.099580e-02
1.928227e+02	1.099360e-02
1.930493e+02	1.099410e-02
1.932786e+02	1.099290e-02
1.935067e+02	1.099320e-02
1.937339e+02	1.099130e-02
1.939611e+02	1.099270e-02
1.941886e+02	1.099180e-02
1.944157e+02	1.099300e-02
1.946438e+02	1.099250e-02
1.948721e+02	1.099170e-02
1.950984e+02	1.099340e-02
1.953261e+02	1.099260e-02
1.955528e+02	1.098980e-02
1.957799e+02	1.099010e-02
1.960096e+02	1.098850e-02
1.962409e+02	1.098860e-02
1.964674e+02	1.099250e-02
1.966929e+02	1.099170e-02
1.969208e+02	1.099290e-02
1.972084e+02	1.099080e-02
1.974343e+02	1.099030e-02
1.976622e+02	1.098890e-02
1.978917e+02	1.098760e-02
1.981196e+02	1.098960e-02
1.983587e+02	1.098900e-02
1.985834e+02	1.098680e-02
1.988102e+02	1.098620e-02
1.990383e+02	1.098610e-02
1.992647e+02	1.098400e-02
1.994936e+02	1.098630e-02
1.997589e+02	1.098570e-02
1.999847e+02	1.098320e-02
2.002140e+02	1.098450e-02
2.004402e+02	1.098600e-02
2.006742e+02	1.098220e-02
2.008993e+02	1.098400e-02
2.011250e+02	1.098130e-02
2.013526e+02	1.098410e-02
2.015781e+02	1.098200e-02
2.018056e+02	1.098190e-02
2.020347e+02	1.098310e-02
2.022662e+02	1.098180e-02
2.025104e+02	1.097770e-02
2.027326e+02	1.097880e-02
2.029621e+02	1.097920e-02
2.031956e+02	1.097880e-02
2.034196e+02	1.097720e-02
2.036467e+02	1.098110e-02
2.038738e+02	1.098130e-02
2.041025e+02	1.098060e-02
2.043278e+02	1.097920e-02
2.045505e+02	1.097960e-02
2.047788e+02	1.097700e-02
2.050090e+02	1.097850e-02
2.052378e+02	1.097840e-02
2.054645e+02	1.097900e-02
2.056918e+02	1.097570e-02
2.059192e+02	1.097310e-02
2.061454e+02	1.097380e-02
2.063734e+02	1.097560e-02
2.066079e+02	1.097470e-02
2.068319e+02	1.097320e-02
2.070591e+02	1.097090e-02
2.072888e+02	1.097080e-02
2.075163e+02	1.097200e-02
2.077427e+02	1.097080e-02
2.079698e+02	1.097040e-02
2.081957e+02	1.097180e-02
2.084218e+02	1.097200e-02
2.086518e+02	1.097060e-02
2.088810e+02	1.096960e-02
2.091094e+02	1.096810e-02
2.093355e+02	1.096770e-02
2.095639e+02	1.096980e-02
2.097919e+02	1.097010e-02
2.100212e+02	1.096900e-02
2.102516e+02	1.096810e-02
2.104794e+02	1.097000e-02
2.107029e+02	1.096680e-02
2.109315e+02	1.096680e-02
2.111619e+02	1.096680e-02
2.113901e+02	1.096790e-02
2.116177e+02	1.096670e-02
2.118463e+02	1.096600e-02
2.120735e+02	1.096720e-02
2.123405e+02	1.096560e-02
2.125687e+02	1.096440e-02
2.128008e+02	1.096440e-02
2.130249e+02	1.096370e-02
2.132514e+02	1.096080e-02
2.134788e+02	1.096220e-02
2.137067e+02	1.096420e-02
2.139339e+02	1.096200e-02
2.141612e+02	1.095840e-02
2.143903e+02	1.096120e-02
2.146188e+02	1.095730e-02
2.148581e+02	1.095790e-02
2.150827e+02	1.095780e-02
2.153108e+02	1.095920e-02
2.155387e+02	1.095880e-02
2.157659e+02	1.095740e-02
2.159960e+02	1.096010e-02
2.162238e+02	1.095870e-02
2.164538e+02	1.095530e-02
2.166824e+02	1.095450e-02
2.169060e+02	1.095550e-02
2.171332e+02	1.095320e-02
2.173607e+02	1.095300e-02
2.175878e+02	1.095160e-02
2.178160e+02	1.095450e-02
2.180455e+02	1.095310e-02
2.182745e+02	1.095270e-02
2.185002e+02	1.095290e-02
2.187278e+02	1.095490e-02
2.189541e+02	1.095560e-02
2.191807e+02	1.095170e-02
2.194192e+02	1.095200e-02
2.196644e+02	1.095300e-02
2.199068e+02	1.095220e-02
2.201306e+02	1.095230e-02
2.203600e+02	1.095050e-02
2.205872e+02	1.095050e-02
2.208169e+02	1.095070e-02
2.210563e+02	1.095160e-02
2.212837e+02	1.094650e-02
2.215107e+02	1.094870e-02
2.217379e+02	1.094960e-02
2.219645e+02	1.094650e-02
2.221923e+02	1.094770e-02
2.224188e+02	1.094660e-02
2.226454e+02	1.094780e-02
2.228713e+02	1.094720e-02
2.231089e+02	1.094360e-02
2.233331e+02	1.094520e-02
2.235585e+02	1.094740e-02
2.237876e+02	1.094620e-02
2.240156e+02	1.094480e-02
2.242410e+02	1.094670e-02
2.244681e+02	1.094650e-02
2.246972e+02	1.094530e-02
2.249457e+02	1.094170e-02
2.251701e+02	1.094320e-02
2.253977e+02	1.094930e-02
2.256309e+02	1.094740e-02
2.258546e+02	1.094470e-02
2.260838e+02	1.094430e-02
2.263149e+02	1.094530e-02
2.265394e+02	1.094530e-02
2.267687e+02	1.094790e-02
2.269988e+02	1.094740e-02
2.272223e+02	1.094840e-02
2.274906e+02	1.094510e-02
2.277196e+02	1.094330e-02
2.279463e+02	1.094290e-02
2.281758e+02	1.094320e-02
2.284008e+02	1.094270e-02
2.286290e+02	1.094110e-02
2.288562e+02	1.094040e-02
2.290858e+02	1.094100e-02
2.293253e+02	1.094060e-02
2.295509e+02	1.093910e-02
2.297786e+02	1.093990e-02
2.300081e+02	1.093840e-02
2.302363e+02	1.093910e-02
2.304625e+02	1.093480e-02
2.306894e+02	1.093360e-02
2.309262e+02	1.093850e-02
2.311595e+02	1.093370e-02
2.314046e+02	1.093340e-02
2.316279e+02	1.093350e-02
2.318556e+02	1.093220e-02
2.320832e+02	1.093790e-02
2.323104e+02	1.093780e-02
2.325377e+02	1.093860e-02
2.327669e+02	1.093670e-02
2.329926e+02	1.093640e-02
2.332197e+02	1.093290e-02
2.334571e+02	1.093450e-02
2.336827e+02	1.093230e-02
2.339115e+02	1.093430e-02
2.341389e+02	1.093360e-02
2.343667e+02	1.093270e-02
2.345968e+02	1.093280e-02
2.348256e+02	1.093580e-02
2.350527e+02	1.093410e-02
2.352838e+02	1.093490e-02
2.355250e+02	1.093060e-02
2.357697e+02	1.093060e-02
2.359928e+02	1.093050e-02
2.362261e+02	1.092710e-02
2.364497e+02	1.092780e-02
2.366781e+02	1.092800e-02
2.369068e+02	1.093100e-02
2.371345e+02	1.093080e-02
2.373615e+02	1.093040e-02
2.375910e+02	1.092870e-02
2.378187e+02	1.092800e-02
2.380497e+02	1.092770e-02
2.382777e+02	1.093020e-02
2.385068e+02	1.092870e-02
2.387337e+02	1.092810e-02
2.389630e+02	1.092650e-02
2.391896e+02	1.092890e-02
2.394177e+02	1.092490e-02
2.396617e+02	1.092710e-02
2.398860e+02	1.092510e-02
2.401134e+02	1.092660e-02
2.403446e+02	1.093120e-02
2.405683e+02	1.092940e-02
2.407969e+02	1.092740e-02
2.410278e+02	1.092620e-02
2.412547e+02	1.092460e-02
2.414829e+02	1.092210e-02
2.417247e+02	1.092260e-02
2.419487e+02	1.092410e-02
2.421764e+02	1.092500e-02
2.424063e+02	1.092400e-02
2.426715e+02	1.092370e-02
2.429004e+02	1.092310e-02
2.431279e+02	1.092340e-02
2.433555e+02	1.092080e-02
2.435844e+02	1.092380e-02
2.438117e+02	1.092310e-02
2.440388e+02	1.091970e-02
2.442678e+02	1.092530e-02
2.444957e+02	1.092750e-02
2.447256e+02	1.092500e-02
2.449571e+02	1.092520e-02
2.451807e+02	1.092340e-02
2.454296e+02	1.092120e-02
2.456538e+02	1.092100e-02
2.458877e+02	1.092060e-02
2.461119e+02	1.091780e-02
2.463411e+02	1.092080e-02
2.465713e+02	1.091770e-02
2.468027e+02	1.091790e-02
2.470273e+02	1.091570e-02
2.472578e+02	1.091780e-02
2.474867e+02	1.091720e-02
2.477137e+02	1.091730e-02
2.479397e+02	1.091520e-02
2.481677e+02	1.091940e-02
2.483966e+02	1.091430e-02
2.486238e+02	1.091550e-02
2.488529e+02	1.091650e-02
2.490817e+02	1.091500e-02
2.493092e+02	1.091520e-02
2.495399e+02	1.091340e-02
2.497686e+02	1.091280e-02
2.499911e+02	1.091450e-02
2.502192e+02	1.091540e-02
2.504490e+02	1.091720e-02
2.506822e+02	1.091590e-02
2.509070e+02	1.091640e-02
2.511326e+02	1.091500e-02
2.513627e+02	1.091270e-02
2.515907e+02	1.091530e-02
2.518198e+02	1.091100e-02
2.520593e+02	1.091070e-02
2.522835e+02	1.090970e-02
2.525110e+02	1.091000e-02
2.527388e+02	1.090890e-02
2.529676e+02	1.090740e-02
2.531958e+02	1.090600e-02
2.534247e+02	1.090890e-02
2.536567e+02	1.090670e-02
2.538794e+02	1.090710e-02
2.541046e+02	1.090850e-02
2.543339e+02	1.091090e-02
2.545618e+02	1.090930e-02
2.547912e+02	1.091090e-02
2.550192e+02	1.090980e-02
2.552490e+02	1.090950e-02
2.554767e+02	1.090930e-02
2.557046e+02	1.090930e-02
2.559535e+02	1.090720e-02
2.561776e+02	1.090650e-02
2.564048e+02	1.090660e-02
2.566327e+02	1.090830e-02
2.568599e+02	1.090540e-02
2.570890e+02	1.091200e-02
2.573177e+02	1.090800e-02
2.575450e+02	1.090620e-02
2.578118e+02	1.090610e-02
2.580408e+02	1.090710e-02
2.582712e+02	1.090310e-02
2.584976e+02	1.090460e-02
2.587267e+02	1.090210e-02
2.589534e+02	1.090210e-02
2.591806e+02	1.090170e-02
2.594105e+02	1.090340e-02
2.596357e+02	1.090230e-02
2.598644e+02	1.089930e-02
2.600939e+02	1.090090e-02
2.603199e+02	1.090020e-02
2.605480e+02	1.090250e-02
2.607775e+02	1.090060e-02
2.610065e+02	1.090120e-02
2.612359e+02	1.090180e-02
2.614861e+02	1.090090e-02
2.617107e+02	1.090280e-02
2.619397e+02	1.090040e-02
2.621656e+02	1.089960e-02
2.623893e+02	1.090130e-02
2.626181e+02	1.090160e-02
2.628477e+02	1.089640e-02
2.630759e+02	1.089840e-02
2.633064e+02	1.090110e-02
2.635357e+02	1.089700e-02
2.637697e+02	1.090000e-02
2.639933e+02	1.089720e-02
2.642231e+02	1.089550e-02
2.644475e+02	1.089550e-02
2.646734e+02	1.089650e-02
2.649007e+02	1.089550e-02
2.651283e+02	1.089580e-02
2.653568e+02	1.089520e-02
2.655880e+02	1.089450e-02
2.658198e+02	1.089230e-02
2.660426e+02	1.089420e-02
2.662689e+02	1.089820e-02
2.664967e+02	1.089400e-02
2.667297e+02	1.089700e-02
2.669725e+02	1.089650e-02
2.671977e+02	1.089530e-02
2.674343e+02	1.089650e-02
2.676586e+02	1.089630e-02
2.678877e+02	1.089200e-02
2.681144e+02	1.089760e-02
2.683439e+02	1.089720e-02
2.685716e+02	1.089410e-02
2.688008e+02	1.089450e-02
2.690298e+02	1.089460e-02
2.692581e+02	1.089580e-02
2.694876e+02	1.089260e-02
2.697208e+02	1.089090e-02
2.699446e+02	1.088960e-02
2.701742e+02	1.089050e-02
2.704051e+02	1.088790e-02
2.706435e+02	1.088860e-02
2.708661e+02	1.088910e-02
2.710940e+02	1.089180e-02
2.713235e+02	1.089270e-02
2.715514e+02	1.089400e-02
2.717788e+02	1.088770e-02
2.720076e+02	1.088990e-02
2.722348e+02	1.088770e-02
2.724666e+02	1.088900e-02
2.726892e+02	1.088820e-02
2.729587e+02	1.088920e-02
2.731877e+02	1.088590e-02
2.734159e+02	1.088720e-02
2.736474e+02	1.088830e-02
2.738719e+02	1.088650e-02
2.741003e+02	1.088770e-02
2.743320e+02	1.088470e-02
2.745551e+02	1.088570e-02
2.747928e+02	1.088630e-02
2.750162e+02	1.088520e-02
2.752473e+02	1.088500e-02
2.754717e+02	1.088720e-02
2.756997e+02	1.088700e-02
2.759276e+02	1.088370e-02
2.761559e+02	1.088560e-02
2.763828e+02	1.088530e-02
2.766087e+02	1.088400e-02
2.768426e+02	1.088280e-02
2.770663e+02	1.088290e-02
2.772926e+02	1.088000e-02
2.775222e+02	1.087900e-02
2.777511e+02	1.088200e-02
2.779820e+02	1.088280e-02
2.782078e+02	1.088400e-02
2.784378e+02	1.088020e-02
2.786700e+02	1.088010e-02
2.789138e+02	1.088180e-02
2.791367e+02	1.088240e-02
2.793646e+02	1.088010e-02
2.795961e+02	1.087910e-02
2.798207e+02	1.087600e-02
2.800487e+02	1.087940e-02
2.802769e+02	1.088080e-02
2.805067e+02	1.088160e-02
2.807325e+02	1.088180e-02
2.809564e+02	1.087900e-02
2.811849e+02	1.087890e-02
2.814172e+02	1.087750e-02
2.816405e+02	1.087990e-02
2.818751e+02	1.087670e-02
2.820988e+02	1.087600e-02
2.823265e+02	1.087680e-02
2.825541e+02	1.087720e-02
2.827828e+02	1.087460e-02
2.830191e+02	1.087780e-02
2.832432e+02	1.087620e-02
2.834712e+02	1.087570e-02
2.837009e+02	1.087730e-02
2.839309e+02	1.087570e-02
2.841606e+02	1.087370e-02
2.843866e+02	1.087680e-02
2.846165e+02	1.087660e-02
2.848447e+02	1.087570e-02
2.850674e+02	1.087660e-02
2.852961e+02	1.087480e-02
2.855246e+02	1.087290e-02
2.857538e+02	1.087890e-02
2.859829e+02	1.087570e-02
2.862109e+02	1.087470e-02
2.864397e+02	1.087610e-02
2.866676e+02	1.087490e-02
2.868945e+02	1.087490e-02
2.871231e+02	1.087400e-02
2.873483e+02	1.087620e-02
2.875734e+02	1.087920e-02
2.877975e+02	1.087590e-02
2.880652e+02	1.087250e-02
2.882903e+02	1.087340e-02
2.885143e+02	1.087260e-02
2.887403e+02	1.087220e-02
2.889663e+02	1.087180e-02
2.891924e+02	1.087150e-02
2.894184e+02	1.087280e-02
2.896447e+02	1.087020e-02
2.898704e+02	1.087250e-02
2.900966e+02	1.087020e-02
2.903226e+02	1.087140e-02
2.905528e+02	1.087220e-02
2.907786e+02	1.087280e-02
2.910047e+02	1.086880e-02
2.912285e+02	1.086840e-02
2.914544e+02	1.087430e-02
2.916860e+02	1.087050e-02
2.919086e+02	1.087090e-02
2.921347e+02	1.086980e-02
2.923610e+02	1.087080e-02
2.925896e+02	1.087040e-02
2.928157e+02	1.087170e-02
2.930417e+02	1.086810e-02
2.932677e+02	1.087140e-02
2.934937e+02	1.087130e-02
2.937174e+02	1.087060e-02
2.939435e+02	1.086860e-02
2.941677e+02	1.087160e-02
2.943938e+02	1.086810e-02
2.946196e+02	1.086890e-02
2.948466e+02	1.087010e-02
2.950727e+02	1.087230e-02
2.952987e+02	1.086670e-02
2.955248e+02	1.086780e-02
2.957507e+02	1.086280e-02
2.959787e+02	1.086410e-02
2.962058e+02	1.086360e-02
2.964320e+02	1.086040e-02
2.966576e+02	1.086300e-02
2.968892e+02	1.086250e-02
2.971155e+02	1.086520e-02
2.973410e+02	1.086300e-02
2.975722e+02	1.086430e-02
2.978009e+02	1.086580e-02
2.980267e+02	1.086300e-02
2.982528e+02	1.086200e-02
2.984796e+02	1.086360e-02
2.987057e+02	1.086570e-02
2.989361e+02	1.086440e-02
2.991622e+02	1.086310e-02
2.993886e+02	1.086630e-02
2.996152e+02	1.086440e-02
2.998416e+02	1.086680e-02
3.000676e+02	1.086510e-02
3.002942e+02	1.086550e-02
3.005201e+02	1.086500e-02
3.007464e+02	1.086300e-02
3.009726e+02	1.086380e-02
3.012122e+02	1.086200e-02
3.014366e+02	1.086430e-02
3.016649e+02	1.086040e-02
3.018912e+02	1.086410e-02
3.021154e+02	1.086080e-02
3.023393e+02	1.086080e-02
3.025655e+02	1.086090e-02
3.027912e+02	1.086670e-02
3.030173e+02	1.086200e-02
3.032837e+02	1.086270e-02
3.035095e+02	1.086340e-02
3.037378e+02	1.086130e-02
3.039642e+02	1.086200e-02
3.041936e+02	1.086320e-02
3.044196e+02	1.085910e-02
3.046481e+02	1.085980e-02
3.048744e+02	1.085940e-02
3.051025e+02	1.085670e-02
3.053287e+02	1.085900e-02
3.055567e+02	1.085840e-02
3.057809e+02	1.085720e-02
3.060069e+02	1.085510e-02
3.062336e+02	1.085470e-02
3.064600e+02	1.085500e-02
3.066912e+02	1.085440e-02
3.069139e+02	1.085360e-02
3.071399e+02	1.085210e-02
3.073666e+02	1.085550e-02
3.075927e+02	1.085900e-02
3.078276e+02	1.085740e-02
3.080542e+02	1.085880e-02
3.082805e+02	1.085620e-02
3.085067e+02	1.086010e-02
3.087327e+02	1.085590e-02
3.089588e+02	1.085580e-02
3.091846e+02	1.085510e-02
3.094105e+02	1.085370e-02
3.096388e+02	1.085290e-02
3.098645e+02	1.085280e-02
3.100906e+02	1.085450e-02
3.103167e+02	1.085430e-02
3.105428e+02	1.085400e-02
3.107692e+02	1.085500e-02
3.109971e+02	1.085300e-02
3.112216e+02	1.085430e-02
3.114476e+02	1.085560e-02
3.116760e+02	1.085410e-02
3.119030e+02	1.085220e-02
3.121296e+02	1.085250e-02
3.123536e+02	1.085230e-02
3.125796e+02	1.085150e-02
3.128069e+02	1.084890e-02
3.130334e+02	1.084820e-02
3.132596e+02	1.084850e-02
3.134858e+02	1.085000e-02
3.137127e+02	1.084730e-02
3.139390e+02	1.085170e-02
3.141652e+02	1.085070e-02
3.143914e+02	1.085060e-02
3.146303e+02	1.084920e-02
3.148546e+02	1.084910e-02
3.150809e+02	1.084760e-02
3.153073e+02	1.084880e-02
3.155328e+02	1.084980e-02
3.157583e+02	1.084880e-02
3.159848e+02	1.085020e-02
3.162113e+02	1.084930e-02
3.164376e+02	1.084950e-02
3.166638e+02	1.084970e-02
3.168896e+02	1.085140e-02
3.171160e+02	1.085310e-02
3.173427e+02	1.085230e-02
3.175664e+02	1.085080e-02
3.177908e+02	1.084960e-02
3.180147e+02	1.084870e-02
3.182513e+02	1.085080e-02
3.185160e+02	1.084870e-02
3.187447e+02	1.084730e-02
3.189707e+02	1.084610e-02
3.191970e+02	1.084820e-02
3.194230e+02	1.084690e-02
3.196475e+02	1.085310e-02
3.198739e+02	1.085700e-02
3.201002e+02	1.086070e-02
3.203264e+02	1.086450e-02
3.205527e+02	1.086750e-02
3.207834e+02	1.087310e-02
3.210096e+02	1.087640e-02
3.212356e+02	1.087900e-02
3.214613e+02	1.088130e-02
3.216896e+02	1.088840e-02
3.219178e+02	1.088940e-02
3.221439e+02	1.089400e-02
3.223718e+02	1.089820e-02
3.225961e+02	1.090010e-02
3.228244e+02	1.090480e-02
3.230506e+02	1.091050e-02
3.232833e+02	1.091510e-02
3.235080e+02	1.091520e-02
3.237346e+02	1.091590e-02
3.239586e+02	1.091850e-02
3.241857e+02	1.092460e-02
3.244118e+02	1.092830e-02
3.246383e+02	1.093400e-02
3.248646e+02	1.093610e-02
3.250927e+02	1.093380e-02
3.253187e+02	1.093370e-02
3.255435e+02	1.093430e-02
3.257792e+02	1.093150e-02
3.260032e+02	1.092890e-02
3.262294e+02	1.093170e-02
3.264553e+02	1.092750e-02
3.266836e+02	1.092790e-02
3.269075e+02	1.092820e-02
3.271335e+02	1.092760e-02
3.273596e+02	1.092390e-02
3.275854e+02	1.092490e-02
3.278116e+02	1.092440e-02
3.280398e+02	1.092350e-02
3.282620e+02	1.092440e-02
3.284884e+02	1.092430e-02
3.287164e+02	1.092180e-02
3.289424e+02	1.092310e-02
3.291688e+02	1.092320e-02
3.293947e+02	1.092310e-02
3.296229e+02	1.092150e-02
3.298492e+02	1.092230e-02
3.300755e+02	1.092200e-02
3.302997e+02	1.092120e-02
3.305258e+02	1.092230e-02
3.307574e+02	1.092320e-02
3.309838e+02	1.092160e-02
3.312103e+02	1.092000e-02
3.314364e+02	1.092130e-02
3.316684e+02	1.092180e-02
3.318948e+02	1.092030e-02
3.321213e+02	1.091710e-02
3.323494e+02	1.091990e-02
3.325752e+02	1.091680e-02
3.328016e+02	1.091480e-02
3.330285e+02	1.091610e-02
3.332599e+02	1.091680e-02
3.334836e+02	1.091350e-02
3.337496e+02	1.091300e-02
3.339758e+02	1.091560e-02
3.342026e+02	1.091700e-02
3.344307e+02	1.091450e-02
3.346568e+02	1.091580e-02
3.348828e+02	1.091590e-02
3.351282e+02	1.091210e-02
3.353524e+02	1.091640e-02
3.355789e+02	1.091380e-02
3.358034e+02	1.091460e-02
3.360295e+02	1.091080e-02
3.362575e+02	1.091370e-02
3.364835e+02	1.091290e-02
3.367097e+02	1.091190e-02
3.369356e+02	1.091110e-02
3.371617e+02	1.091230e-02
3.373878e+02	1.091180e-02
3.376143e+02	1.090980e-02
3.378408e+02	1.090820e-02
3.380670e+02	1.090880e-02
3.382931e+02	1.091090e-02
3.385196e+02	1.091050e-02
3.387480e+02	1.091100e-02
3.389757e+02	1.091030e-02
3.392039e+02	1.090910e-02
3.394299e+02	1.090990e-02
3.396565e+02	1.090870e-02
3.398824e+02	1.090840e-02
3.401103e+02	1.091150e-02
3.403363e+02	1.090990e-02
3.405624e+02	1.090990e-02
3.407880e+02	1.090750e-02
3.410140e+02	1.090830e-02
3.412403e+02	1.090920e-02
3.414680e+02	1.090800e-02
3.416965e+02	1.090590e-02
3.419226e+02	1.090450e-02
3.421485e+02	1.090550e-02
3.423778e+02	1.090510e-02
3.426037e+02	1.090400e-02
3.428306e+02	1.090330e-02
3.430572e+02	1.090180e-02
3.432940e+02	1.090200e-02
3.435200e+02	1.089890e-02
3.437480e+02	1.090340e-02
3.439750e+02	1.090460e-02
3.442016e+02	1.090210e-02
3.444277e+02	1.090320e-02
3.446538e+02	1.090390e-02
3.448801e+02	1.090040e-02
3.451061e+02	1.090090e-02
3.453338e+02	1.090190e-02
3.455596e+02	1.090180e-02
3.457888e+02	1.090090e-02
3.460153e+02	1.090180e-02
3.462407e+02	1.089960e-02
3.464671e+02	1.089970e-02
3.466935e+02	1.089800e-02
3.469215e+02	1.089970e-02
3.471500e+02	1.089810e-02
3.473764e+02	1.089620e-02
3.476024e+02	1.089780e-02
3.478285e+02	1.089760e-02
3.480551e+02	1.089430e-02
3.482830e+02	1.089690e-02
3.485093e+02	1.089860e-02
3.487369e+02	1.089710e-02
3.490105e+02	1.089560e-02
3.492344e+02	1.089690e-02
3.494606e+02	1.089470e-02
3.496866e+02	1.089510e-02
3.499149e+02	1.089480e-02
3.501427e+02	1.089640e-02
3.503709e+02	1.089660e-02
3.505995e+02	1.089620e-02
3.508256e+02	1.089600e-02
3.510519e+02	1.089560e-02
3.512866e+02	1.089600e-02
3.515111e+02	1.089400e-02
3.517399e+02	1.089290e-02
3.519687e+02	1.089160e-02
3.521946e+02	1.089340e-02
3.524207e+02	1.089070e-02
3.526466e+02	1.089380e-02
3.528726e+02	1.089460e-02
3.530999e+02	1.089380e-02
3.533259e+02	1.089300e-02
3.535520e+02	1.089100e-02
3.537831e+02	1.089340e-02
3.540073e+02	1.089120e-02
3.542336e+02	1.089340e-02
3.544599e+02	1.089310e-02
3.546864e+02	1.089250e-02
3.549128e+02	1.089180e-02
3.551386e+02	1.089280e-02
3.553668e+02	1.089340e-02
3.555909e+02	1.089370e-02
3.558170e+02	1.089290e-02
3.560434e+02	1.089220e-02
3.562752e+02	1.089230e-02
3.564996e+02	1.089030e-02
3.567259e+02	1.089170e-02
3.569517e+02	1.089250e-02
3.571798e+02	1.089080e-02
3.574062e+02	1.088950e-02
3.576345e+02	1.089220e-02
3.578626e+02	1.089120e-02
3.580886e+02	1.089170e-02
3.583148e+02	1.089030e-02
3.585418e+02	1.089120e-02
3.587700e+02	1.088910e-02
3.589962e+02	1.088890e-02
3.592227e+02	1.088890e-02
3.594487e+02	1.089140e-02
3.596746e+02	1.088880e-02
3.599003e+02	1.089140e-02
3.601257e+02	1.089190e-02
3.603578e+02	1.089010e-02
3.605860e+02	1.089030e-02
3.608125e+02	1.089020e-02
3.610512e+02	1.088920e-02
3.612756e+02	1.088680e-02
3.615020e+02	1.088610e-02
3.617306e+02	1.088790e-02
3.619609e+02	1.088400e-02
3.621846e+02	1.088400e-02
3.624106e+02	1.088490e-02
3.626366e+02	1.088600e-02
3.628627e+02	1.088510e-02
3.630907e+02	1.088580e-02
3.633189e+02	1.088640e-02
3.635476e+02	1.088460e-02
3.637777e+02	1.088480e-02
3.640036e+02	1.088690e-02
3.642698e+02	1.088580e-02
3.644976e+02	1.089090e-02
3.647259e+02	1.088650e-02
3.649540e+02	1.088540e-02
3.651849e+02	1.088570e-02
3.654112e+02	1.088550e-02
3.656393e+02	1.088330e-02
3.658653e+02	1.088130e-02
3.660918e+02	1.088120e-02
3.663185e+02	1.088550e-02
3.665465e+02	1.088400e-02
3.667726e+02	1.088420e-02
3.669986e+02	1.088480e-02
3.672247e+02	1.088090e-02
3.674508e+02	1.088190e-02
3.676817e+02	1.088280e-02
3.679070e+02	1.088260e-02
3.681326e+02	1.088060e-02
3.683590e+02	1.088590e-02
3.685854e+02	1.088350e-02
3.688117e+02	1.088170e-02
3.690577e+02	1.087960e-02
3.692837e+02	1.088090e-02
3.695117e+02	1.087980e-02
3.697381e+02	1.087940e-02
3.699644e+02	1.087960e-02
3.701967e+02	1.087980e-02
3.704204e+02	1.088090e-02
3.706486e+02	1.088140e-02
3.708746e+02	1.087810e-02
3.711009e+02	1.088000e-02
3.713272e+02	1.087890e-02
3.715538e+02	1.087700e-02
3.717799e+02	1.087530e-02
3.720077e+02	1.087650e-02
3.722356e+02	1.087700e-02
3.724617e+02	1.087530e-02
3.726941e+02	1.087650e-02
3.729180e+02	1.087570e-02
3.731446e+02	1.087480e-02
3.733707e+02	1.087370e-02
3.735967e+02	1.087430e-02
3.738207e+02	1.087320e-02
3.740468e+02	1.087280e-02
3.742731e+02	1.087530e-02
3.745014e+02	1.087420e-02
3.747273e+02	1.087370e-02
3.749536e+02	1.087400e-02
3.751845e+02	1.087480e-02
3.754104e+02	1.087430e-02
3.756389e+02	1.087660e-02
3.758677e+02	1.087570e-02
3.760958e+02	1.087510e-02
3.763237e+02	1.087360e-02
3.765497e+02	1.087400e-02
3.767760e+02	1.087510e-02
3.770023e+02	1.087490e-02
3.772285e+02	1.087410e-02
3.774545e+02	1.087130e-02
3.776837e+02	1.087420e-02
3.779086e+02	1.087140e-02
3.781368e+02	1.087300e-02
3.783629e+02	1.087170e-02
3.785890e+02	1.087250e-02
3.788166e+02	1.087010e-02
3.790622e+02	1.087270e-02
3.792882e+02	1.087260e-02
3.795567e+02	1.087300e-02
3.797827e+02	1.087180e-02
3.800086e+02	1.087310e-02
3.802346e+02	1.087090e-02
3.804585e+02	1.087150e-02
3.806896e+02	1.087210e-02
3.809136e+02	1.087270e-02
3.811398e+02	1.086670e-02
3.813673e+02	1.087020e-02
3.815928e+02	1.087320e-02
3.818187e+02	1.086990e-02
3.820430e+02	1.087000e-02
3.822711e+02	1.086960e-02
3.824973e+02	1.087110e-02
3.827256e+02	1.086940e-02
3.829537e+02	1.086860e-02
3.831850e+02	1.086970e-02
3.834092e+02	1.086710e-02
3.836352e+02	1.086820e-02
3.838614e+02	1.086830e-02
3.840876e+02	1.086900e-02
3.843136e+02	1.086860e-02
3.845608e+02	1.086910e-02
3.847951e+02	1.086830e-02
3.850190e+02	1.086430e-02
3.852477e+02	1.086560e-02
3.854736e+02	1.086500e-02
3.857136e+02	1.086650e-02
3.859380e+02	1.086630e-02
3.861640e+02	1.086420e-02
3.863899e+02	1.086390e-02
3.866187e+02	1.086580e-02
3.868453e+02	1.086560e-02
3.870738e+02	1.086510e-02
3.873026e+02	1.086740e-02
3.875311e+02	1.086610e-02
3.877597e+02	1.086670e-02
3.879904e+02	1.086540e-02
3.882146e+02	1.086490e-02
3.884431e+02	1.086260e-02
3.886698e+02	1.086450e-02
3.888964e+02	1.086510e-02
3.891228e+02	1.086590e-02
3.893494e+02	1.086510e-02
3.895757e+02	1.086640e-02
3.898021e+02	1.086410e-02
3.900285e+02	1.086780e-02
3.902552e+02	1.086580e-02
3.904817e+02	1.086370e-02
3.907085e+02	1.086250e-02
3.909346e+02	1.086080e-02
3.911609e+02	1.086280e-02
3.913876e+02	1.086160e-02
3.916159e+02	1.086050e-02
3.918425e+02	1.086180e-02
3.920667e+02	1.086240e-02
3.922929e+02	1.086150e-02
3.925216e+02	1.085840e-02
3.927480e+02	1.086280e-02
3.929743e+02	1.086030e-02
3.932006e+02	1.085970e-02
3.934289e+02	1.086630e-02
3.936554e+02	1.086180e-02
3.938818e+02	1.086450e-02
3.941082e+02	1.086160e-02
3.943366e+02	1.085790e-02
3.945652e+02	1.085910e-02
3.948362e+02	1.085920e-02
3.950607e+02	1.086010e-02
3.952872e+02	1.085910e-02
3.955133e+02	1.085580e-02
3.957419e+02	1.085700e-02
3.959698e+02	1.085980e-02
3.961972e+02	1.085540e-02
3.964256e+02	1.085370e-02
3.966519e+02	1.085480e-02
3.968782e+02	1.085150e-02
3.971048e+02	1.085400e-02
3.973315e+02	1.085640e-02
3.975581e+02	1.085670e-02
3.977848e+02	1.085450e-02
3.980109e+02	1.085900e-02
3.982371e+02	1.085630e-02
3.984637e+02	1.085510e-02
3.986905e+02	1.085570e-02
3.989170e+02	1.085370e-02
3.991436e+02	1.085620e-02
3.993679e+02	1.085510e-02
3.995941e+02	1.085540e-02
3.998206e+02	1.085650e-02
4.000470e+02	1.085380e-02
4.002736e+02	1.085350e-02
4.005001e+02	1.085160e-02
4.007267e+02	1.085270e-02
4.009535e+02	1.085060e-02
4.011797e+02	1.085300e-02
4.014059e+02	1.085340e-02
4.016343e+02	1.085260e-02
4.018609e+02	1.085240e-02
4.020872e+02	1.085170e-02
4.023136e+02	1.085200e-02
4.025406e+02	1.085310e-02
4.027669e+02	1.085060e-02
4.029933e+02	1.085250e-02
4.032200e+02	1.085160e-02
4.034462e+02	1.085190e-02
4.036729e+02	1.085250e-02
4.038994e+02	1.085170e-02
4.041259e+02	1.085100e-02
4.043527e+02	1.085010e-02
4.045809e+02	1.085050e-02
4.048158e+02	1.085150e-02
4.050408e+02	1.085130e-02
4.052672e+02	1.085210e-02
4.054936e+02	1.085430e-02
4.057201e+02	1.085450e-02
4.059465e+02	1.085080e-02
4.061727e+02	1.085290e-02
4.063992e+02	1.084910e-02
4.066258e+02	1.085280e-02
4.068539e+02	1.085050e-02
4.070822e+02	1.085230e-02
4.073088e+02	1.085310e-02
4.075355e+02	1.085320e-02
4.077640e+02	1.085100e-02
4.079926e+02	1.085420e-02
4.082190e+02	1.085400e-02
4.084472e+02	1.085540e-02
4.086737e+02	1.085410e-02
4.089001e+02	1.085310e-02
4.091268e+02	1.085480e-02
4.093532e+02	1.085200e-02
4.095798e+02	1.084950e-02
4.098059e+02	1.085070e-02
4.100764e+02	1.084890e-02
4.103007e+02	1.084820e-02
4.105269e+02	1.084900e-02
4.107527e+02	1.084800e-02
4.109791e+02	1.085200e-02
4.112056e+02	1.085090e-02
4.114320e+02	1.084870e-02
4.116588e+02	1.084920e-02
4.118871e+02	1.085030e-02
4.121136e+02	1.085070e-02
4.123398e+02	1.084780e-02
4.125687e+02	1.085000e-02
4.127952e+02	1.084950e-02
4.130217e+02	1.084980e-02
4.132483e+02	1.084780e-02
4.134747e+02	1.084650e-02
4.136993e+02	1.084580e-02
4.139277e+02	1.084590e-02
4.141559e+02	1.084700e-02
4.143847e+02	1.084610e-02
4.146132e+02	1.084460e-02
4.148398e+02	1.084570e-02
4.150682e+02	1.084810e-02
4.152948e+02	1.084390e-02
4.155214e+02	1.084660e-02
4.157477e+02	1.084950e-02
4.159760e+02	1.084420e-02
4.162049e+02	1.084710e-02
4.164308e+02	1.084810e-02
4.166589e+02	1.084770e-02
4.168876e+02	1.084660e-02
4.171162e+02	1.084630e-02
4.173445e+02	1.084460e-02
4.175731e+02	1.084220e-02
4.177996e+02	1.084020e-02
4.180258e+02	1.084210e-02
4.182524e+02	1.084100e-02
4.184787e+02	1.084330e-02
4.187052e+02	1.084230e-02
4.189317e+02	1.084260e-02
4.191581e+02	1.084230e-02
4.193846e+02	1.084280e-02
4.196110e+02	1.084460e-02
4.198377e+02	1.084320e-02
4.200642e+02	1.084560e-02
4.202908e+02	1.084620e-02
4.205212e+02	1.084170e-02
4.207456e+02	1.084210e-02
4.209742e+02	1.084260e-02
4.212027e+02	1.084240e-02
4.214291e+02	1.084150e-02
4.216556e+02	1.084250e-02
4.218831e+02	1.084270e-02
4.221117e+02	1.084340e-02
4.223402e+02	1.084000e-02
4.225779e+02	1.083960e-02
4.228123e+02	1.083970e-02
4.230371e+02	1.083640e-02
4.232656e+02	1.083820e-02
4.234937e+02	1.083930e-02
4.237222e+02	1.083970e-02
4.239501e+02	1.083950e-02
4.241762e+02	1.083990e-02
4.244070e+02	1.084030e-02
4.246307e+02	1.083890e-02
4.248585e+02	1.083830e-02
4.250845e+02	1.083770e-02
4.253510e+02	1.084120e-02
4.255825e+02	1.083820e-02
4.258084e+02	1.083730e-02
4.260347e+02	1.084050e-02
4.262614e+02	1.084030e-02
4.264886e+02	1.083690e-02
4.267177e+02	1.083730e-02
4.269458e+02	1.083820e-02
4.271737e+02	1.083680e-02
4.274017e+02	1.083610e-02
4.276298e+02	1.083780e-02
4.278561e+02	1.083530e-02
4.280845e+02	1.083890e-02
4.283147e+02	1.083670e-02
4.285387e+02	1.083720e-02
4.287673e+02	1.083620e-02
4.289936e+02	1.083520e-02
4.292216e+02	1.083500e-02
4.294480e+02	1.083670e-02
4.296766e+02	1.083870e-02
4.299028e+02	1.083510e-02
4.301291e+02	1.083700e-02
4.303585e+02	1.083700e-02
4.305869e+02	1.083570e-02
4.308135e+02	1.083210e-02
4.310396e+02	1.083490e-02
4.312673e+02	1.083320e-02
4.314934e+02	1.083430e-02
4.317237e+02	1.083460e-02
4.319536e+02	1.083470e-02
4.321805e+02	1.083620e-02
4.324129e+02	1.083210e-02
4.326408e+02	1.083380e-02
4.328716e+02	1.083510e-02
4.330960e+02	1.083220e-02
4.333238e+02	1.083530e-02
4.335526e+02	1.083510e-02
4.337808e+02	1.083500e-02
4.340052e+02	1.083620e-02
4.342317e+02	1.083230e-02
4.344595e+02	1.083360e-02
4.346876e+02	1.083270e-02
4.349161e+02	1.083390e-02
4.351428e+02	1.083050e-02
4.353726e+02	1.083260e-02
4.356004e+02	1.083250e-02
4.358327e+02	1.083250e-02
4.360606e+02	1.083500e-02
4.362866e+02	1.083110e-02
4.365127e+02	1.083430e-02
4.367387e+02	1.083530e-02
4.369666e+02	1.083500e-02
4.371948e+02	1.083370e-02
4.374254e+02	1.083380e-02
4.376492e+02	1.082800e-02
4.378775e+02	1.083170e-02
4.381058e+02	1.082780e-02
4.383344e+02	1.083140e-02
4.385606e+02	1.082950e-02
4.387887e+02	1.083170e-02
4.390193e+02	1.083270e-02
4.392439e+02	1.083140e-02
4.394726e+02	1.083090e-02
4.397013e+02	1.083130e-02
4.399294e+02	1.083140e-02
4.401576e+02	1.083100e-02
4.404233e+02	1.083120e-02
4.406495e+02	1.083200e-02
4.408776e+02	1.083390e-02
4.411037e+02	1.083480e-02
4.413320e+02	1.083400e-02
4.415596e+02	1.083540e-02
4.417856e+02	1.083610e-02
4.420160e+02	1.083410e-02
4.422406e+02	1.083300e-02
4.424717e+02	1.083460e-02
4.427357e+02	1.083290e-02
4.429604e+02	1.083230e-02
4.431887e+02	1.083220e-02
4.434171e+02	1.083420e-02
4.436466e+02	1.083570e-02
4.438747e+02	1.083190e-02
4.440994e+02	1.083280e-02
4.443258e+02	1.083400e-02
4.445522e+02	1.083190e-02
4.447846e+02	1.083360e-02
4.450087e+02	1.083350e-02
4.452347e+02	1.083200e-02
4.454632e+02	1.083190e-02
4.456926e+02	1.083040e-02
4.459209e+02	1.083070e-02
4.461557e+02	1.083070e-02
4.463797e+02	1.083040e-02
4.466057e+02	1.082940e-02
4.468319e+02	1.082820e-02
4.470597e+02	1.082770e-02
4.472842e+02	1.082760e-02
4.475107e+02	1.083070e-02
4.477368e+02	1.082910e-02
4.479661e+02	1.082920e-02
4.481924e+02	1.082920e-02
4.484207e+02	1.083250e-02
4.486473e+02	1.083150e-02
4.488757e+02	1.083050e-02
4.491018e+02	1.083150e-02
4.493284e+02	1.083210e-02
4.495544e+02	1.083180e-02
4.497809e+02	1.083230e-02
4.500095e+02	1.083020e-02
4.502376e+02	1.083130e-02
4.504637e+02	1.082990e-02
4.506899e+02	1.082880e-02
4.509161e+02	1.082940e-02
4.511443e+02	1.082640e-02
4.513703e+02	1.082730e-02
4.515982e+02	1.082610e-02
4.518244e+02	1.082970e-02
4.520504e+02	1.082720e-02
4.522846e+02	1.082800e-02
4.525106e+02	1.082680e-02
4.527374e+02	1.082610e-02
4.529656e+02	1.082670e-02
4.531941e+02	1.082710e-02
4.534207e+02	1.082610e-02
4.536489e+02	1.082630e-02
4.538775e+02	1.082790e-02
4.541055e+02	1.082630e-02
4.543339e+02	1.082620e-02
4.545599e+02	1.082470e-02
4.547866e+02	1.082580e-02
4.550129e+02	1.082790e-02
4.552394e+02	1.082810e-02
4.555059e+02	1.082530e-02
4.557339e+02	1.082720e-02
4.559624e+02	1.082830e-02
4.561891e+02	1.082560e-02
4.564197e+02	1.082500e-02
4.566437e+02	1.082540e-02
4.568723e+02	1.082610e-02
4.570986e+02	1.082610e-02
4.573285e+02	1.082290e-02
4.575567e+02	1.082630e-02
4.577853e+02	1.082610e-02
4.580116e+02	1.082520e-02
4.582376e+02	1.082560e-02
4.584637e+02	1.082640e-02
4.586899e+02	1.082450e-02
4.589158e+02	1.082520e-02
4.591418e+02	1.082410e-02
4.593683e+02	1.082310e-02
4.595989e+02	1.082480e-02
4.598232e+02	1.082400e-02
4.600494e+02	1.082230e-02
4.602757e+02	1.082160e-02
4.605018e+02	1.082330e-02
4.607277e+02	1.082200e-02
4.609556e+02	1.082420e-02
4.612237e+02	1.082460e-02
4.614474e+02	1.082290e-02
4.616766e+02	1.082610e-02
4.619048e+02	1.082590e-02
4.621307e+02	1.082190e-02
4.623609e+02	1.082370e-02
4.625856e+02	1.082270e-02
4.628118e+02	1.082150e-02
4.630381e+02	1.082230e-02
4.632645e+02	1.082400e-02
4.634907e+02	1.082370e-02
4.637171e+02	1.082350e-02
4.639449e+02	1.082240e-02
4.641735e+02	1.082550e-02
4.643995e+02	1.082370e-02
4.646256e+02	1.082550e-02
4.648534e+02	1.082440e-02
4.650796e+02	1.082300e-02
4.653059e+02	1.082170e-02
4.655326e+02	1.082070e-02
4.657587e+02	1.082250e-02
4.659845e+02	1.082000e-02
4.662126e+02	1.082240e-02
4.664388e+02	1.081990e-02
4.666650e+02	1.081950e-02
4.668916e+02	1.082030e-02
4.671178e+02	1.081950e-02
4.673447e+02	1.082100e-02
4.675729e+02	1.082190e-02
4.678054e+02	1.082170e-02
4.680276e+02	1.082250e-02
4.682536e+02	1.082100e-02
4.684796e+02	1.082160e-02
4.687085e+02	1.082190e-02
4.689366e+02	1.082000e-02
4.691627e+02	1.082170e-02
4.693887e+02	1.082120e-02
4.696148e+02	1.081960e-02
4.698546e+02	1.082040e-02
4.700787e+02	1.082130e-02
4.703053e+02	1.082140e-02
4.705737e+02	1.081810e-02
4.708000e+02	1.081980e-02
4.710264e+02	1.081990e-02
4.712523e+02	1.082110e-02
4.714783e+02	1.082270e-02
4.717043e+02	1.082090e-02
4.719326e+02	1.082120e-02
4.721603e+02	1.082270e-02
4.723864e+02	1.082120e-02
4.726138e+02	1.082180e-02
4.728410e+02	1.082220e-02
4.730670e+02	1.081960e-02
4.732931e+02	1.082260e-02
4.735192e+02	1.082150e-02
4.737457e+02	1.082010e-02
4.739724e+02	1.082180e-02
4.741988e+02	1.082450e-02
4.744248e+02	1.082060e-02
4.746525e+02	1.081940e-02
4.748786e+02	1.081940e-02
4.751047e+02	1.081840e-02
4.753335e+02	1.081810e-02
4.755596e+02	1.081860e-02
4.757855e+02	1.081890e-02
4.760118e+02	1.082030e-02
4.762398e+02	1.081850e-02
4.764659e+02	1.082110e-02
4.767336e+02	1.082130e-02
4.769578e+02	1.081870e-02
4.771838e+02	1.082180e-02
4.774100e+02	1.081960e-02
4.776376e+02	1.081980e-02
4.778575e+02	1.081780e-02
4.780840e+02	1.082000e-02
4.783095e+02	1.082020e-02
4.785338e+02	1.082040e-02
4.787657e+02	1.082010e-02
4.789901e+02	1.081970e-02
4.792156e+02	1.081990e-02
4.794417e+02	1.081920e-02
4.796679e+02	1.081960e-02
4.798952e+02	1.081940e-02
4.801215e+02	1.081900e-02
4.803459e+02	1.081870e-02
4.805725e+02	1.081770e-02
4.807987e+02	1.081750e-02
4.810270e+02	1.081630e-02
4.812527e+02	1.081810e-02
4.814809e+02	1.081850e-02
4.817072e+02	1.081920e-02
4.819334e+02	1.081880e-02
4.821616e+02	1.081790e-02
4.823877e+02	1.081950e-02
4.826137e+02	1.081610e-02
4.828459e+02	1.081810e-02
4.830699e+02	1.081420e-02
4.832960e+02	1.081450e-02
4.835226e+02	1.081470e-02
4.837487e+02	1.081570e-02
4.839769e+02	1.081360e-02
4.842047e+02	1.081140e-02
4.844312e+02	1.081220e-02
4.846595e+02	1.081440e-02
4.848856e+02	1.081250e-02
4.851117e+02	1.081150e-02
4.853379e+02	1.081500e-02
4.855645e+02	1.081700e-02
4.858312e+02	1.081430e-02
4.860597e+02	1.081600e-02
4.862862e+02	1.081740e-02
4.865167e+02	1.081200e-02
4.867450e+02	1.081260e-02
4.869713e+02	1.081380e-02
4.871972e+02	1.081430e-02
4.874236e+02	1.081190e-02
4.876496e+02	1.081070e-02
4.878757e+02	1.081460e-02
4.881033e+02	1.081710e-02
4.883317e+02	1.081640e-02
4.885578e+02	1.081400e-02
4.887849e+02	1.081540e-02
4.890136e+02	1.081440e-02
4.892412e+02	1.081280e-02
4.894697e+02	1.081370e-02
4.896957e+02	1.081460e-02
4.899223e+02	1.081710e-02
4.901485e+02	1.081630e-02
4.903797e+02	1.081390e-02
4.906078e+02	1.081270e-02
4.908361e+02	1.081210e-02
4.910642e+02	1.081600e-02
4.912926e+02	1.081060e-02
4.915207e+02	1.081080e-02
4.917491e+02	1.081120e-02
4.919817e+02	1.081210e-02
4.922067e+02	1.081250e-02
4.924333e+02	1.081650e-02
4.926607e+02	1.081330e-02
4.928873e+02	1.081570e-02
4.931134e+02	1.081380e-02
4.933424e+02	1.081040e-02
4.935678e+02	1.080870e-02
4.937945e+02	1.081000e-02
4.940203e+02	1.081030e-02
4.942464e+02	1.080580e-02
4.944746e+02	1.080980e-02
4.947028e+02	1.080780e-02
4.949289e+02	1.080870e-02
4.951577e+02	1.080960e-02
4.953858e+02	1.081010e-02
4.956125e+02	1.081110e-02
4.958437e+02	1.081210e-02
4.960681e+02	1.080970e-02
4.962945e+02	1.080730e-02
4.965230e+02	1.080930e-02
4.967510e+02	1.081100e-02
4.969770e+02	1.081030e-02
4.972232e+02	1.081190e-02
4.974472e+02	1.080950e-02
4.976753e+02	1.080910e-02
4.979024e+02	1.080780e-02
4.981287e+02	1.080550e-02
4.983555e+02	1.080810e-02
4.985818e+02	1.080560e-02
4.988098e+02	1.080600e-02
4.990357e+02	1.080720e-02
4.992620e+02	1.080610e-02
4.994899e+02	1.080540e-02
4.997181e+02	1.080660e-02
4.999443e+02	1.080680e-02
5.001728e+02	1.080560e-02
5.003996e+02	1.080770e-02
5.006275e+02	1.080790e-02
5.009001e+02	1.080770e-02
5.011241e+02	1.080740e-02
5.013501e+02	1.080340e-02
5.015765e+02	1.080170e-02
5.018025e+02	1.080590e-02
5.020289e+02	1.080480e-02
5.022555e+02	1.080420e-02
5.024820e+02	1.080300e-02
5.027087e+02	1.080200e-02
5.029348e+02	1.080690e-02
5.031608e+02	1.080470e-02
5.033886e+02	1.080620e-02
5.036146e+02	1.080630e-02
5.038421e+02	1.080810e-02
5.040705e+02	1.080610e-02
5.042988e+02	1.080150e-02
5.045247e+02	1.080520e-02
5.047530e+02	1.080310e-02
5.049816e+02	1.080520e-02
5.052087e+02	1.080460e-02
5.054351e+02	1.080480e-02
5.056632e+02	1.080550e-02
5.058895e+02	1.080760e-02
5.061156e+02	1.080570e-02
5.063383e+02	1.080170e-02
5.065673e+02	1.080090e-02
5.067956e+02	1.080430e-02
5.070216e+02	1.080630e-02
5.072497e+02	1.080370e-02
5.074774e+02	1.080290e-02
5.077119e+02	1.080310e-02
5.079405e+02	1.080150e-02
5.081688e+02	1.080150e-02
5.083965e+02	1.080450e-02
5.086225e+02	1.080250e-02
5.088587e+02	1.080350e-02
5.090842e+02	1.080450e-02
5.093100e+02	1.080460e-02
5.095362e+02	1.080290e-02
5.097625e+02	1.080070e-02
5.099908e+02	1.080320e-02
5.102192e+02	1.080350e-02
5.104475e+02	1.080410e-02
5.106757e+02	1.080410e-02
5.109043e+02	1.080220e-02
5.111325e+02	1.080110e-02
5.113587e+02	1.080030e-02
5.115847e+02	1.080340e-02
5.118117e+02	1.080060e-02
5.120378e+02	1.080080e-02
5.122640e+02	1.080060e-02
5.125317e+02	1.079790e-02
5.127552e+02	1.079920e-02
5.129795e+02	1.079910e-02
5.132057e+02	1.080150e-02
5.134362e+02	1.080050e-02
5.136607e+02	1.080030e-02
5.138867e+02	1.080060e-02
5.141107e+02	1.080290e-02
5.143491e+02	1.080410e-02
5.145735e+02	1.080310e-02
5.148006e+02	1.080110e-02
5.150267e+02	1.080310e-02
5.152526e+02	1.080080e-02
5.154796e+02	1.080350e-02
5.157069e+02	1.080030e-02
5.159806e+02	1.079980e-02
5.162067e+02	1.080230e-02
5.164336e+02	1.080420e-02
5.166598e+02	1.080360e-02
5.168856e+02	1.080030e-02
5.171119e+02	1.080000e-02
5.173397e+02	1.080080e-02
5.175636e+02	1.080350e-02
5.177897e+02	1.080270e-02
5.180158e+02	1.080360e-02
5.182420e+02	1.080450e-02
5.184680e+02	1.080240e-02
5.186956e+02	1.079980e-02
5.189276e+02	1.079810e-02
5.191535e+02	1.079850e-02
5.193797e+02	1.079820e-02
5.196066e+02	1.079890e-02
5.198324e+02	1.079920e-02
5.200564e+02	1.079780e-02
5.202823e+02	1.080000e-02
5.205083e+02	1.079990e-02
5.207348e+02	1.079770e-02
5.209604e+02	1.079950e-02
5.211866e+02	1.079860e-02
5.214126e+02	1.079960e-02
5.216386e+02	1.079980e-02
5.218663e+02	1.079870e-02
5.220943e+02	1.079960e-02
5.223205e+02	1.080080e-02
5.225467e+02	1.079860e-02
5.227727e+02	1.079790e-02
5.229988e+02	1.080040e-02
5.232272e+02	1.079800e-02
5.234535e+02	1.079660e-02
5.236815e+02	1.079700e-02
5.239077e+02	1.079520e-02
5.241332e+02	1.079570e-02
5.243746e+02	1.079600e-02
5.245994e+02	1.079500e-02
5.248276e+02	1.079660e-02
5.250536e+02	1.079710e-02
5.252798e+02	1.079520e-02
5.255057e+02	1.079290e-02
5.257339e+02	1.079270e-02
5.259599e+02	1.079740e-02
5.261864e+02	1.079330e-02
5.264125e+02	1.079520e-02
5.266387e+02	1.079620e-02
5.268668e+02	1.079620e-02
5.270937e+02	1.079500e-02
5.273203e+02	1.079350e-02
5.275465e+02	1.079570e-02
5.277727e+02	1.079600e-02
5.279986e+02	1.079440e-02
5.282267e+02	1.079350e-02
5.284526e+02	1.079250e-02
5.286789e+02	1.079400e-02
5.289059e+02	1.079380e-02
5.291336e+02	1.079390e-02
5.293624e+02	1.079340e-02
5.295886e+02	1.079700e-02
5.298177e+02	1.079540e-02
5.300439e+02	1.079750e-02
5.302693e+02	1.079550e-02
5.304977e+02	1.079580e-02
5.307242e+02	1.079810e-02
5.309506e+02	1.079440e-02
5.312166e+02	1.079680e-02
5.314430e+02	1.079880e-02
5.316687e+02	1.079520e-02
5.318946e+02	1.079750e-02
5.321207e+02	1.079350e-02
5.323466e+02	1.079800e-02
5.325708e+02	1.079760e-02
5.327996e+02	1.079560e-02
5.330265e+02	1.079380e-02
5.332526e+02	1.079460e-02
5.334787e+02	1.079410e-02
5.337047e+02	1.079610e-02
5.339310e+02	1.079720e-02
5.341574e+02	1.079490e-02
5.343846e+02	1.079800e-02
5.346127e+02	1.079480e-02
5.348448e+02	1.079620e-02
5.350687e+02	1.079840e-02
5.352955e+02	1.079500e-02
5.355236e+02	1.079470e-02
5.357537e+02	1.079560e-02
5.359796e+02	1.079440e-02
5.362057e+02	1.079420e-02
5.364316e+02	1.079340e-02
5.366579e+02	1.079630e-02
5.368942e+02	1.079620e-02
5.371187e+02	1.079470e-02
5.373448e+02	1.079560e-02
5.375708e+02	1.079670e-02
5.377976e+02	1.079660e-02
5.380256e+02	1.079710e-02
5.382542e+02	1.079680e-02
5.384807e+02	1.079980e-02
5.387089e+02	1.079800e-02
5.389354e+02	1.079800e-02
5.391635e+02	1.079890e-02
5.393907e+02	1.079830e-02
5.396165e+02	1.079760e-02
5.398508e+02	1.079670e-02
5.400731e+02	1.079670e-02
5.403015e+02	1.079550e-02
5.405359e+02	1.079620e-02
5.407602e+02	1.079670e-02
5.409865e+02	1.079750e-02
5.412127e+02	1.079400e-02
5.414429e+02	1.079220e-02
5.416694e+02	1.079450e-02
5.418961e+02	1.079680e-02
5.421223e+02	1.079480e-02
5.423484e+02	1.079300e-02
5.425745e+02	1.079440e-02
5.428003e+02	1.079240e-02
5.430264e+02	1.079650e-02
5.432525e+02	1.079350e-02
5.434786e+02	1.079510e-02
5.437046e+02	1.079740e-02
5.439309e+02	1.079600e-02
5.441576e+02	1.079700e-02
5.443836e+02	1.079620e-02
5.446113e+02	1.079740e-02
5.448373e+02	1.079490e-02
5.450627e+02	1.079600e-02
5.452888e+02	1.079590e-02
5.455176e+02	1.079450e-02
5.457454e+02	1.079340e-02
5.459716e+02	1.079030e-02
5.461997e+02	1.079100e-02
5.464652e+02	1.079100e-02
5.466916e+02	1.078770e-02
5.469176e+02	1.078980e-02
5.471442e+02	1.078880e-02
5.473746e+02	1.078840e-02
5.475988e+02	1.078890e-02
5.478250e+02	1.079130e-02
5.480515e+02	1.079070e-02
5.482776e+02	1.078990e-02
5.485053e+02	1.079020e-02
5.487312e+02	1.079050e-02
5.489588e+02	1.079000e-02
5.491855e+02	1.078920e-02
5.494196e+02	1.079140e-02
5.496455e+02	1.078890e-02
5.498716e+02	1.079160e-02
5.501000e+02	1.079060e-02
5.503284e+02	1.079170e-02
5.505566e+02	1.079130e-02
5.507850e+02	1.078920e-02
5.510115e+02	1.079150e-02
5.512375e+02	1.079060e-02
5.514637e+02	1.079010e-02
5.516918e+02	1.079070e-02
5.519177e+02	1.078820e-02
5.521490e+02	1.079030e-02
5.523729e+02	1.078690e-02
5.525988e+02	1.078870e-02
5.528246e+02	1.078940e-02
5.530504e+02	1.078880e-02
5.532766e+02	1.078810e-02
5.535045e+02	1.078890e-02
5.537325e+02	1.078560e-02
5.539586e+02	1.078980e-02
5.541848e+02	1.078650e-02
5.544123e+02	1.078710e-02
5.546407e+02	1.078890e-02
5.548688e+02	1.078510e-02
5.550953e+02	1.078680e-02
5.553214e+02	1.078700e-02
5.555476e+02	1.078510e-02
5.557793e+02	1.078900e-02
5.560053e+02	1.078920e-02
5.562317e+02	1.078790e-02
5.564586e+02	1.078960e-02
5.566861e+02	1.078760e-02
5.569170e+02	1.078700e-02
5.571431e+02	1.079000e-02
5.573716e+02	1.078830e-02
5.575961e+02	1.078920e-02
5.578251e+02	1.078810e-02
5.580516e+02	1.078840e-02
5.582779e+02	1.078750e-02
5.585039e+02	1.078990e-02
5.587298e+02	1.079130e-02
5.589565e+02	1.079030e-02
5.591827e+02	1.078830e-02
5.594050e+02	1.079150e-02
5.596308e+02	1.079010e-02
5.598572e+02	1.078920e-02
5.600838e+02	1.079000e-02
5.603118e+02	1.079120e-02
5.605404e+02	1.078830e-02
5.607676e+02	1.079370e-02
5.609941e+02	1.079180e-02
5.612207e+02	1.079030e-02
5.614466e+02	1.079060e-02
5.617120e+02	1.078880e-02
5.619417e+02	1.079010e-02
5.621698e+02	1.079130e-02
5.623997e+02	1.079100e-02
5.626229e+02	1.079110e-02
5.628490e+02	1.078970e-02
5.630755e+02	1.078950e-02
5.633028e+02	1.079050e-02
5.635306e+02	1.079100e-02
5.637551e+02	1.078870e-02
5.639812e+02	1.078960e-02
5.642097e+02	1.078730e-02
5.644407e+02	1.079020e-02
5.646648e+02	1.079210e-02
5.648910e+02	1.078730e-02
5.651174e+02	1.078670e-02
5.653466e+02	1.078550e-02
5.655728e+02	1.078470e-02
5.658020e+02	1.078920e-02
5.660282e+02	1.078750e-02
5.662556e+02	1.078750e-02
5.664815e+02	1.078770e-02
5.667084e+02	1.078750e-02
5.669369e+02	1.078950e-02
5.671632e+02	1.079070e-02
5.673891e+02	1.078900e-02
5.676171e+02	1.078820e-02
5.678456e+02	1.078870e-02
5.680736e+02	1.078840e-02
5.683005e+02	1.078880e-02
5.685284e+02	1.078780e-02
5.687566e+02	1.078460e-02
5.689826e+02	1.078890e-02
5.692086e+02	1.078760e-02
5.694348e+02	1.079220e-02
5.696608e+02	1.078930e-02
5.698888e+02	1.078930e-02
5.701148e+02	1.078870e-02
5.703427e+02	1.078730e-02
5.705688e+02	1.078980e-02
5.707936e+02	1.078930e-02
5.710210e+02	1.079000e-02
5.712467e+02	1.079090e-02
5.714749e+02	1.079260e-02
5.717005e+02	1.079110e-02
5.719268e+02	1.079100e-02
5.721577e+02	1.079010e-02
5.723876e+02	1.079130e-02
5.726200e+02	1.079020e-02
5.728460e+02	1.079320e-02
5.730770e+02	1.079120e-02
5.733067e+02	1.079060e-02
5.735369e+02	1.079060e-02
5.737657e+02	1.079130e-02
5.739949e+02	1.079330e-02
5.742258e+02	1.078950e-02
5.744548e+02	1.078850e-02
5.746887e+02	1.078880e-02
5.749127e+02	1.078930e-02
5.751407e+02	1.079140e-02
5.753697e+02	1.079160e-02
5.755997e+02	1.079130e-02
5.758412e+02	1.078860e-02
5.760850e+02	1.079170e-02
5.763098e+02	1.079270e-02
5.765385e+02	1.079170e-02
5.768067e+02	1.079090e-02
5.770354e+02	1.079100e-02
5.772628e+02	1.079030e-02
5.774932e+02	1.079210e-02
5.777233e+02	1.079390e-02
5.779555e+02	1.079360e-02
5.781795e+02	1.079330e-02
5.784088e+02	1.079070e-02
5.786388e+02	1.079080e-02
5.788680e+02	1.079080e-02
5.790988e+02	1.079190e-02
5.793282e+02	1.079170e-02
5.795606e+02	1.079090e-02
5.798049e+02	1.078980e-02
5.800294e+02	1.079110e-02
5.802586e+02	1.079000e-02
5.804863e+02	1.079100e-02
5.807156e+02	1.079220e-02
5.809444e+02	1.079010e-02
5.811726e+02	1.078790e-02
5.814024e+02	1.079020e-02
5.816327e+02	1.078980e-02
5.818652e+02	1.079030e-02
5.821057e+02	1.078900e-02
5.823302e+02	1.078970e-02
5.825597e+02	1.078440e-02
5.827851e+02	1.078560e-02
5.830134e+02	1.078760e-02
5.832427e+02	1.078830e-02
5.834707e+02	1.078880e-02
5.837003e+02	1.079030e-02
5.839277e+02	1.078980e-02
5.841678e+02	1.079000e-02
5.843917e+02	1.079190e-02
5.846199e+02	1.079320e-02
5.848493e+02	1.079210e-02
5.850787e+02	1.079050e-02
5.853082e+02	1.079170e-02
5.855387e+02	1.079360e-02
5.857687e+02	1.079330e-02
5.859987e+02	1.079130e-02
5.862344e+02	1.078990e-02
5.864574e+02	1.079180e-02
5.866859e+02	1.079420e-02
5.869177e+02	1.079190e-02
5.871477e+02	1.079210e-02
5.873770e+02	1.079150e-02
5.876063e+02	1.079010e-02
5.878384e+02	1.079320e-02
5.880632e+02	1.079390e-02
5.882878e+02	1.079330e-02
5.885174e+02	1.079230e-02
5.887469e+02	1.078890e-02
5.889762e+02	1.078860e-02
5.892067e+02	1.079200e-02
5.894356e+02	1.078990e-02
5.896740e+02	1.079010e-02
5.898992e+02	1.079100e-02
5.901288e+02	1.079140e-02
5.903551e+02	1.079190e-02
5.905827e+02	1.079030e-02
5.908137e+02	1.079320e-02
5.910383e+02	1.079020e-02
5.912792e+02	1.079290e-02
5.915234e+02	1.079020e-02
5.917475e+02	1.078900e-02
5.920175e+02	1.079020e-02
5.922457e+02	1.079080e-02
5.924745e+02	1.079060e-02
5.927038e+02	1.079260e-02
5.929327e+02	1.079090e-02
5.931605e+02	1.079320e-02
5.933870e+02	1.079190e-02
5.936157e+02	1.079240e-02
5.938450e+02	1.079270e-02
5.940754e+02	1.079020e-02
5.943051e+02	1.079000e-02
5.945357e+02	1.078900e-02
5.947699e+02	1.079100e-02
5.949934e+02	1.078970e-02
5.952206e+02	1.078810e-02
5.954566e+02	1.079050e-02
5.956805e+02	1.079010e-02
5.959096e+02	1.078690e-02
5.961388e+02	1.078910e-02
5.963667e+02	1.079000e-02
5.965951e+02	1.078960e-02
5.968237e+02	1.078780e-02
5.970511e+02	1.079020e-02
5.972814e+02	1.078920e-02
5.975188e+02	1.079000e-02
5.977446e+02	1.078850e-02
5.979737e+02	1.078880e-02
5.982067e+02	1.078750e-02
5.984338e+02	1.078640e-02
5.986643e+02	1.078680e-02
5.988942e+02	1.078730e-02
5.991248e+02	1.078900e-02
5.993485e+02	1.078780e-02
5.995758e+02	1.078960e-02
5.998057e+02	1.078890e-02
6.000367e+02	1.078980e-02
6.002673e+02	1.078820e-02
6.004988e+02	1.078840e-02
6.007319e+02	1.078720e-02
6.009772e+02	1.078820e-02
6.012021e+02	1.079030e-02
6.014312e+02	1.078780e-02
6.016661e+02	1.078880e-02
6.018897e+02	1.079130e-02
6.021219e+02	1.078910e-02
6.023439e+02	1.078990e-02
6.025739e+02	1.078990e-02
6.027989e+02	1.078760e-02
6.030285e+02	1.078940e-02
6.032563e+02	1.079060e-02
6.034927e+02	1.078680e-02
6.037358e+02	1.078380e-02
6.039608e+02	1.078560e-02
6.041886e+02	1.078840e-02
6.044183e+02	1.078850e-02
6.046427e+02	1.078570e-02
6.048706e+02	1.078560e-02
6.050983e+02	1.078660e-02
6.053282e+02	1.078560e-02
6.055582e+02	1.078560e-02
6.057894e+02	1.078520e-02
6.060122e+02	1.078650e-02
6.062417e+02	1.078490e-02
6.064717e+02	1.078550e-02
6.067018e+02	1.078590e-02
6.069401e+02	1.078620e-02
6.072251e+02	1.078710e-02
6.074489e+02	1.078620e-02
6.076815e+02	1.078370e-02
6.079121e+02	1.078280e-02
6.081428e+02	1.078240e-02
6.083726e+02	1.078520e-02
6.086007e+02	1.078490e-02
6.088334e+02	1.078560e-02
6.090753e+02	1.078510e-02
6.092987e+02	1.078590e-02
6.095262e+02	1.078520e-02
6.097562e+02	1.078540e-02
6.099856e+02	1.078660e-02
6.102163e+02	1.078450e-02
6.104456e+02	1.078830e-02
6.106781e+02	1.078590e-02
6.109024e+02	1.078520e-02
6.111298e+02	1.078750e-02
6.113597e+02	1.078470e-02
6.115879e+02	1.078340e-02
6.118175e+02	1.078760e-02
6.120434e+02	1.078640e-02
6.122727e+02	1.078400e-02
6.125008e+02	1.078480e-02
6.127315e+02	1.078410e-02
6.129610e+02	1.078350e-02
6.131911e+02	1.078470e-02
6.134212e+02	1.078460e-02
6.136460e+02	1.078490e-02
6.138751e+02	1.078660e-02
6.141025e+02	1.078610e-02
6.143317e+02	1.078460e-02
6.145618e+02	1.078550e-02
6.147865e+02	1.078480e-02
6.150152e+02	1.078360e-02
6.152514e+02	1.078510e-02
6.154751e+02	1.078210e-02
6.157036e+02	1.078430e-02
6.159347e+02	1.078130e-02
6.161587e+02	1.078340e-02
6.163902e+02	1.078600e-02
6.166147e+02	1.078660e-02
6.168439e+02	1.078440e-02
6.170726e+02	1.078310e-02
6.173037e+02	1.078420e-02
6.175286e+02	1.078430e-02
6.177596e+02	1.078580e-02
6.179905e+02	1.078430e-02
6.182135e+02	1.078490e-02
6.184432e+02	1.078660e-02
6.186728e+02	1.078470e-02
6.189038e+02	1.078480e-02
6.191322e+02	1.078600e-02
6.193678e+02	1.078540e-02
6.195921e+02	1.078660e-02
6.198211e+02	1.078530e-02
6.200558e+02	1.078780e-02
6.202805e+02	1.078760e-02
6.205116e+02	1.078700e-02
6.207428e+02	1.078310e-02
6.209719e+02	1.078050e-02
6.211960e+02	1.078240e-02
6.214264e+02	1.078130e-02
6.216588e+02	1.078160e-02
6.218826e+02	1.078250e-02
6.221121e+02	1.078260e-02
6.223826e+02	1.078440e-02
6.226120e+02	1.078450e-02
6.228420e+02	1.078360e-02
6.230711e+02	1.078480e-02
6.232997e+02	1.078260e-02
6.235264e+02	1.078530e-02
6.237563e+02	1.078670e-02
6.239805e+02	1.078370e-02
6.242097e+02	1.078440e-02
6.244415e+02	1.078450e-02
6.246657e+02	1.078170e-02
6.248952e+02	1.078320e-02
6.251267e+02	1.078570e-02
6.253494e+02	1.078380e-02
6.255780e+02	1.078480e-02
6.258076e+02	1.078510e-02
6.260376e+02	1.078440e-02
6.262627e+02	1.078510e-02
6.264962e+02	1.078480e-02
6.267385e+02	1.078140e-02
6.269635e+02	1.078310e-02
6.271917e+02	1.078230e-02
6.274234e+02	1.078160e-02
6.276471e+02	1.077990e-02
6.278767e+02	1.078220e-02
6.281054e+02	1.078290e-02
6.283337e+02	1.078010e-02
6.285658e+02	1.077980e-02
6.287898e+02	1.078020e-02
6.290202e+02	1.078120e-02
6.292476e+02	1.078020e-02
6.294758e+02	1.077980e-02
6.297037e+02	1.078040e-02
6.299338e+02	1.077850e-02
6.301632e+02	1.077940e-02
6.303929e+02	1.077870e-02
6.306261e+02	1.077810e-02
6.308495e+02	1.078050e-02
6.310796e+02	1.078020e-02
6.313082e+02	1.078060e-02
6.315397e+02	1.078060e-02
6.317638e+02	1.078200e-02
6.319937e+02	1.077930e-02
6.322240e+02	1.077860e-02
6.324530e+02	1.077860e-02
6.326862e+02	1.078000e-02
6.329107e+02	1.077980e-02
6.331396e+02	1.078050e-02
6.333744e+02	1.077970e-02
6.335986e+02	1.077870e-02
6.338227e+02	1.077820e-02
6.340532e+02	1.078180e-02
6.342839e+02	1.078130e-02
6.345138e+02	1.077890e-02
6.347378e+02	1.077800e-02
6.349677e+02	1.077860e-02
6.351966e+02	1.077970e-02
6.354225e+02	1.078210e-02
6.356517e+02	1.078120e-02
6.358857e+02	1.077940e-02
6.361096e+02	1.078250e-02
6.363378e+02	1.078270e-02
6.365651e+02	1.078300e-02
6.367964e+02	1.078260e-02
6.370218e+02	1.078160e-02
6.372516e+02	1.078210e-02
6.375230e+02	1.078250e-02
6.377526e+02	1.078240e-02
6.379911e+02	1.078120e-02
6.382159e+02	1.078440e-02
6.384477e+02	1.078210e-02
6.386717e+02	1.078240e-02
6.389018e+02	1.078370e-02
6.391308e+02	1.078400e-02
6.393607e+02	1.078370e-02
6.395898e+02	1.078360e-02
6.398205e+02	1.078440e-02
6.400468e+02	1.078410e-02
6.402767e+02	1.078470e-02
6.405076e+02	1.078260e-02
6.407376e+02	1.078330e-02
6.409677e+02	1.078580e-02
6.411981e+02	1.078450e-02
6.414275e+02	1.078410e-02
6.416578e+02	1.078180e-02
6.418876e+02	1.078400e-02
6.421216e+02	1.078190e-02
6.423449e+02	1.078200e-02
6.425748e+02	1.078350e-02
6.428066e+02	1.078280e-02
6.430305e+02	1.078360e-02
6.432601e+02	1.078320e-02
6.434888e+02	1.078260e-02
6.437187e+02	1.078240e-02
6.439564e+02	1.078440e-02
6.441797e+02	1.078200e-02
6.444098e+02	1.077930e-02
6.446408e+02	1.077750e-02
6.448688e+02	1.077940e-02
6.450993e+02	1.077980e-02
6.453288e+02	1.078170e-02
6.455586e+02	1.078250e-02
6.457883e+02	1.078460e-02
6.460164e+02	1.078070e-02
6.462587e+02	1.077860e-02
6.464827e+02	1.077920e-02
6.467120e+02	1.078130e-02
6.469397e+02	1.078150e-02
6.471695e+02	1.078360e-02
6.474007e+02	1.077770e-02
6.476329e+02	1.078040e-02
6.478565e+02	1.078030e-02
6.480857e+02	1.077990e-02
6.483148e+02	1.078110e-02
6.485437e+02	1.078020e-02
6.487722e+02	1.078050e-02
6.490005e+02	1.077870e-02
6.492336e+02	1.078000e-02
6.494782e+02	1.078090e-02
6.497016e+02	1.077980e-02
6.499323e+02	1.078020e-02
6.501567e+02	1.077770e-02
6.503858e+02	1.077860e-02
6.506168e+02	1.078000e-02
6.508454e+02	1.077950e-02
6.510739e+02	1.077710e-02
6.513058e+02	1.078020e-02
6.515297e+02	1.077660e-02
6.517614e+02	1.077780e-02
6.519855e+02	1.077980e-02
6.522173e+02	1.077800e-02
6.524479e+02	1.077660e-02
6.527187e+02	1.077860e-02
6.529480e+02	1.077810e-02
6.531793e+02	1.077780e-02
6.534038e+02	1.077940e-02
6.536375e+02	1.077900e-02
6.538612e+02	1.077930e-02
6.540891e+02	1.078070e-02
6.543224e+02	1.077510e-02
6.545462e+02	1.077530e-02
6.547763e+02	1.077680e-02
6.550069e+02	1.077600e-02
6.552367e+02	1.077740e-02
6.554652e+02	1.077930e-02
6.556967e+02	1.078120e-02
6.559215e+02	1.078100e-02
6.561523e+02	1.078140e-02
6.563817e+02	1.078030e-02
6.566108e+02	1.078060e-02
6.568406e+02	1.077960e-02
6.570715e+02	1.078040e-02
6.573020e+02	1.078080e-02
6.575318e+02	1.077990e-02
6.577573e+02	1.078110e-02
6.579878e+02	1.078050e-02
6.582244e+02	1.077910e-02
6.584477e+02	1.077750e-02
6.586796e+02	1.077810e-02
6.589048e+02	1.077990e-02
6.591358e+02	1.077990e-02
6.593598e+02	1.077980e-02
6.595897e+02	1.077770e-02
6.598241e+02	1.078060e-02
6.600482e+02	1.077950e-02
6.602776e+02	1.077930e-02
6.605090e+02	1.077900e-02
6.607320e+02	1.078340e-02
6.609651e+02	1.078080e-02
6.611968e+02	1.078000e-02
6.614221e+02	1.078000e-02
6.616537e+02	1.077880e-02
6.618777e+02	1.078020e-02
6.621093e+02	1.077840e-02
6.623345e+02	1.077940e-02
6.625641e+02	1.077870e-02
6.627941e+02	1.078040e-02
6.630278e+02	1.077780e-02
6.632524e+02	1.077890e-02
6.634813e+02	1.077720e-02
6.637119e+02	1.077830e-02
6.639582e+02	1.077820e-02
6.641824e+02	1.077850e-02
6.644115e+02	1.077910e-02
6.646373e+02	1.077870e-02
6.648667e+02	1.078050e-02
6.650927e+02	1.077830e-02
6.653221e+02	1.077810e-02
6.655533e+02	1.077890e-02
6.657754e+02	1.077880e-02
6.660030e+02	1.077580e-02
6.662311e+02	1.077820e-02
6.664601e+02	1.077520e-02
6.666911e+02	1.077620e-02
6.669206e+02	1.077560e-02
6.671568e+02	1.077740e-02
6.673817e+02	1.077730e-02
6.676098e+02	1.077630e-02
6.678786e+02	1.077700e-02
6.681082e+02	1.077670e-02
6.683388e+02	1.077990e-02
6.685701e+02	1.077700e-02
6.687932e+02	1.078010e-02
6.690221e+02	1.077880e-02
6.692507e+02	1.077730e-02
6.694801e+02	1.077990e-02
6.697105e+02	1.078050e-02
6.699421e+02	1.077640e-02
6.701661e+02	1.077990e-02
6.703968e+02	1.077940e-02
6.706288e+02	1.077690e-02
6.708534e+02	1.077820e-02
6.710852e+02	1.077700e-02
6.713114e+02	1.077790e-02
6.715412e+02	1.077500e-02
6.717708e+02	1.077930e-02
6.720021e+02	1.077520e-02
6.722259e+02	1.077600e-02
6.724556e+02	1.077490e-02
6.726865e+02	1.077500e-02
6.729163e+02	1.077540e-02
6.731445e+02	1.077610e-02
6.733784e+02	1.077640e-02
6.736007e+02	1.077460e-02
6.738299e+02	1.077400e-02
6.740595e+02	1.077540e-02
6.742853e+02	1.077190e-02
6.745157e+02	1.077250e-02
6.747449e+02	1.077520e-02
6.749743e+02	1.077490e-02
6.751987e+02	1.077230e-02
6.754334e+02	1.077380e-02
6.756567e+02	1.077300e-02
6.758861e+02	1.077440e-02
6.761151e+02	1.077450e-02
6.763491e+02	1.077280e-02
6.765723e+02	1.077440e-02
6.768008e+02	1.077360e-02
6.770292e+02	1.077530e-02
6.772584e+02	1.077320e-02
6.774876e+02	1.077460e-02
6.777142e+02	1.077300e-02
6.779438e+02	1.077280e-02
6.781731e+02	1.077090e-02
6.784055e+02	1.077160e-02
6.786307e+02	1.076940e-02
6.788601e+02	1.077120e-02
6.790897e+02	1.077410e-02
6.793153e+02	1.077110e-02
6.795456e+02	1.077160e-02
6.797765e+02	1.077170e-02
6.800076e+02	1.077110e-02
6.802302e+02	1.077090e-02
6.804658e+02	1.077030e-02
6.806895e+02	1.077140e-02
6.809188e+02	1.077290e-02
6.811506e+02	1.077090e-02
6.813764e+02	1.077020e-02
6.816059e+02	1.077140e-02
6.818369e+02	1.076850e-02
6.820667e+02	1.077250e-02
6.822984e+02	1.077120e-02
6.825419e+02	1.077020e-02
6.827652e+02	1.077210e-02
6.830348e+02	1.076900e-02
6.832607e+02	1.077200e-02
6.834917e+02	1.076800e-02
6.837150e+02	1.077230e-02
6.839448e+02	1.077080e-02
6.841751e+02	1.077160e-02
6.844038e+02	1.077100e-02
6.846443e+02	1.077200e-02
6.848696e+02	1.077020e-02
6.851019e+02	1.077120e-02
6.853240e+02	1.077180e-02
6.855539e+02	1.076970e-02
6.857815e+02	1.077310e-02
6.860109e+02	1.077030e-02
6.862399e+02	1.077110e-02
6.864688e+02	1.077040e-02
6.867117e+02	1.077240e-02
6.869357e+02	1.077230e-02
6.871652e+02	1.077100e-02
6.873937e+02	1.077200e-02
6.876236e+02	1.077350e-02
6.878532e+02	1.077050e-02
6.880847e+02	1.077130e-02
6.883087e+02	1.077430e-02
6.885367e+02	1.077230e-02
6.887617e+02	1.077240e-02
6.889930e+02	1.077210e-02
6.892362e+02	1.077240e-02
6.894621e+02	1.077220e-02
6.896951e+02	1.077100e-02
6.899202e+02	1.077120e-02
6.901498e+02	1.077280e-02
6.903747e+02	1.077410e-02
6.906081e+02	1.077550e-02
6.908321e+02	1.077610e-02
6.910638e+02	1.077490e-02
6.912955e+02	1.077380e-02
6.915260e+02	1.077550e-02
6.917550e+02	1.077280e-02
6.919834e+02	1.077680e-02
6.922158e+02	1.077670e-02
6.924401e+02	1.077440e-02
6.926688e+02	1.077690e-02
6.928941e+02	1.077730e-02
6.931253e+02	1.077450e-02
6.933486e+02	1.077290e-02
6.935821e+02	1.077490e-02
6.938056e+02	1.077430e-02
6.940371e+02	1.077400e-02
6.942612e+02	1.077270e-02
6.944907e+02	1.077380e-02
6.947247e+02	1.077420e-02
6.949690e+02	1.077290e-02
6.951945e+02	1.077270e-02
6.954251e+02	1.077460e-02
6.956541e+02	1.077570e-02
6.958794e+02	1.077230e-02
6.961069e+02	1.077260e-02
6.963375e+02	1.077250e-02
6.965681e+02	1.077390e-02
6.967997e+02	1.077440e-02
6.970236e+02	1.077390e-02
6.972530e+02	1.077720e-02
6.974836e+02	1.077970e-02
6.977123e+02	1.077800e-02
6.979416e+02	1.077740e-02
6.982134e+02	1.077590e-02
6.984376e+02	1.077650e-02
6.986660e+02	1.077620e-02
6.988959e+02	1.077470e-02
6.991221e+02	1.077130e-02
6.993520e+02	1.077320e-02
6.995834e+02	1.077440e-02
6.998138e+02	1.077590e-02
7.000429e+02	1.077460e-02
7.002823e+02	1.077230e-02
7.005078e+02	1.077350e-02
7.007360e+02	1.077370e-02
7.009677e+02	1.077370e-02
7.011917e+02	1.077420e-02
7.014250e+02	1.077280e-02
7.016486e+02	1.077390e-02
7.018801e+02	1.077350e-02
7.021026e+02	1.077200e-02
7.023424e+02	1.077320e-02
7.025668e+02	1.077130e-02
7.027981e+02	1.077270e-02
7.030232e+02	1.077560e-02
7.032532e+02	1.077400e-02
7.034777e+02	1.077580e-02
7.037093e+02	1.077330e-02
7.039408e+02	1.077330e-02
7.041659e+02	1.077450e-02
7.043974e+02	1.077280e-02
7.046214e+02	1.077420e-02
7.048509e+02	1.077420e-02
7.050809e+02	1.077440e-02
7.053118e+02	1.077610e-02
7.055408e+02	1.077380e-02
7.057653e+02	1.077350e-02
7.059943e+02	1.077460e-02
7.062186e+02	1.077450e-02
7.064457e+02	1.077540e-02
7.066788e+02	1.077560e-02
7.069124e+02	1.077480e-02
7.071366e+02	1.077660e-02
7.073658e+02	1.077300e-02
7.075958e+02	1.077190e-02
7.078262e+02	1.077360e-02
7.080564e+02	1.077470e-02
7.082857e+02	1.077260e-02
7.085115e+02	1.077540e-02
7.087416e+02	1.077510e-02
7.089716e+02	1.077420e-02
7.092027e+02	1.077450e-02
7.094271e+02	1.077420e-02
7.096608e+02	1.077550e-02
7.098857e+02	1.077640e-02
7.101162e+02	1.077470e-02
7.103477e+02	1.077500e-02
7.105723e+02	1.077450e-02
7.108021e+02	1.077450e-02
7.110320e+02	1.077170e-02
7.112634e+02	1.077170e-02
7.114969e+02	1.077610e-02
7.117405e+02	1.077550e-02
7.119648e+02	1.077330e-02
7.121963e+02	1.077300e-02
7.124208e+02	1.077140e-02
7.126556e+02	1.077350e-02
7.128812e+02	1.077270e-02
7.131136e+02	1.077420e-02
7.133778e+02	1.077390e-02
7.136075e+02	1.077480e-02
7.138437e+02	1.077510e-02
7.140727e+02	1.077270e-02
7.143025e+02	1.077180e-02
7.145324e+02	1.077260e-02
7.147555e+02	1.077270e-02
7.149866e+02	1.077330e-02
7.152178e+02	1.077270e-02
7.154423e+02	1.077030e-02
7.156763e+02	1.077140e-02
7.158998e+02	1.077150e-02
7.161332e+02	1.076990e-02
7.163577e+02	1.077200e-02
7.165888e+02	1.076960e-02
7.168120e+02	1.076870e-02
7.170426e+02	1.077160e-02
7.172737e+02	1.077090e-02
7.175050e+02	1.077120e-02
7.177297e+02	1.077300e-02
7.179608e+02	1.077300e-02
7.182022e+02	1.077270e-02
7.184261e+02	1.077170e-02
7.186577e+02	1.077250e-02
7.188822e+02	1.077060e-02
7.191132e+02	1.077040e-02
7.193362e+02	1.077130e-02
7.195667e+02	1.077070e-02
7.198007e+02	1.076930e-02
7.200243e+02	1.076960e-02
7.202552e+02	1.077100e-02
7.204784e+02	1.077090e-02
7.207069e+02	1.076860e-02
7.209325e+02	1.077100e-02
7.211626e+02	1.077010e-02
7.213860e+02	1.076790e-02
7.216161e+02	1.077010e-02
7.218478e+02	1.076920e-02
7.220724e+02	1.077100e-02
7.223030e+02	1.077070e-02
7.225275e+02	1.076830e-02
7.227615e+02	1.076980e-02
7.229858e+02	1.077180e-02
7.232168e+02	1.077270e-02
7.234414e+02	1.077200e-02
7.236707e+02	1.077250e-02
7.238947e+02	1.077160e-02
7.241264e+02	1.077200e-02
7.243508e+02	1.077100e-02
7.245807e+02	1.077070e-02
7.248104e+02	1.076880e-02
7.250346e+02	1.077410e-02
7.252668e+02	1.077540e-02
7.254902e+02	1.077230e-02
7.257198e+02	1.077110e-02
7.259664e+02	1.077060e-02
7.261897e+02	1.077010e-02
7.264194e+02	1.077050e-02
7.266496e+02	1.077090e-02
7.268742e+02	1.077120e-02
7.271068e+02	1.077260e-02
7.273315e+02	1.077380e-02
7.275610e+02	1.077100e-02
7.277925e+02	1.077420e-02
7.280163e+02	1.077420e-02
7.282480e+02	1.077150e-02
7.285217e+02	1.076920e-02
7.287441e+02	1.077160e-02
7.289767e+02	1.077010e-02
7.292046e+02	1.077070e-02
7.294370e+02	1.076930e-02
7.296639e+02	1.077140e-02
7.298957e+02	1.077030e-02
7.301203e+02	1.076880e-02
7.303500e+02	1.076890e-02
7.305837e+02	1.076950e-02
7.308082e+02	1.076960e-02
7.310387e+02	1.077040e-02
7.312730e+02	1.076870e-02
7.314951e+02	1.077060e-02
7.317251e+02	1.077080e-02
7.319554e+02	1.076760e-02
7.321850e+02	1.076870e-02
7.324128e+02	1.076760e-02
7.326416e+02	1.076680e-02
7.328731e+02	1.076960e-02
7.330967e+02	1.077070e-02
7.333326e+02	1.076890e-02
7.335557e+02	1.077300e-02
7.337870e+02	1.076930e-02
7.340113e+02	1.077010e-02
7.342406e+02	1.076900e-02
7.344647e+02	1.076710e-02
7.346971e+02	1.076830e-02
7.349194e+02	1.077010e-02
7.351491e+02	1.076740e-02
7.353811e+02	1.076730e-02
7.356056e+02	1.076470e-02
7.358354e+02	1.076540e-02
7.360658e+02	1.076730e-02
7.363096e+02	1.076620e-02
7.365339e+02	1.076560e-02
7.367639e+02	1.076740e-02
7.369979e+02	1.076650e-02
7.372229e+02	1.076910e-02
7.374737e+02	1.076660e-02
7.377047e+02	1.076970e-02
7.379342e+02	1.076850e-02
7.381662e+02	1.076890e-02
7.383911e+02	1.076640e-02
7.386232e+02	1.076770e-02
7.388464e+02	1.076770e-02
7.390777e+02	1.076870e-02
7.393009e+02	1.076550e-02
7.395318e+02	1.076630e-02
7.397568e+02	1.076640e-02
7.399879e+02	1.076480e-02
7.402230e+02	1.076380e-02
7.404475e+02	1.076560e-02
7.406828e+02	1.076420e-02
7.409078e+02	1.076840e-02
7.411380e+02	1.076580e-02
7.413694e+02	1.076440e-02
7.415947e+02	1.076460e-02
7.418237e+02	1.076420e-02
7.420495e+02	1.076190e-02
7.422787e+02	1.076710e-02
7.425093e+02	1.076360e-02
7.427341e+02	1.076430e-02
7.429667e+02	1.076580e-02
7.431915e+02	1.076450e-02
7.434208e+02	1.076600e-02
7.436926e+02	1.076550e-02
7.439158e+02	1.076070e-02
7.441494e+02	1.076500e-02
7.443721e+02	1.076320e-02
7.446028e+02	1.076460e-02
7.448361e+02	1.076300e-02
7.450678e+02	1.076400e-02
7.452916e+02	1.076600e-02
7.455223e+02	1.076670e-02
7.457462e+02	1.076830e-02
7.459762e+02	1.076700e-02
7.462068e+02	1.076610e-02
7.464376e+02	1.076790e-02
7.466678e+02	1.076570e-02
7.469052e+02	1.076530e-02
7.471487e+02	1.076840e-02
7.473728e+02	1.076590e-02
7.476017e+02	1.076600e-02
7.478331e+02	1.076300e-02
7.480565e+02	1.076180e-02
7.482888e+02	1.076510e-02
7.485117e+02	1.076300e-02
7.487458e+02	1.076650e-02
7.489691e+02	1.076540e-02
7.492049e+02	1.076510e-02
7.494271e+02	1.076620e-02
7.496586e+02	1.076480e-02
7.498898e+02	1.076350e-02
7.501140e+02	1.076170e-02
7.503459e+02	1.076320e-02
7.505701e+02	1.076140e-02
7.508009e+02	1.076640e-02
7.510248e+02	1.076620e-02
7.512535e+02	1.076320e-02
7.514849e+02	1.076700e-02
7.517087e+02	1.076470e-02
7.519406e+02	1.076530e-02
7.521636e+02	1.076310e-02
7.523934e+02	1.076380e-02
7.526246e+02	1.076510e-02
7.528488e+02	1.076770e-02
7.530725e+02	1.076730e-02
7.533017e+02	1.076550e-02
7.535307e+02	1.076600e-02
7.537608e+02	1.076750e-02
7.539938e+02	1.076640e-02
7.542174e+02	1.076860e-02
7.544486e+02	1.076890e-02
7.546715e+02	1.076580e-02
7.549022e+02	1.076480e-02
7.551422e+02	1.076540e-02
7.553678e+02	1.076660e-02
7.555991e+02	1.076640e-02
7.558434e+02	1.076530e-02
7.560673e+02	1.076680e-02
7.562981e+02	1.076490e-02
7.565288e+02	1.076550e-02
7.567543e+02	1.076610e-02
7.569838e+02	1.076580e-02
7.572115e+02	1.076720e-02
7.574408e+02	1.076540e-02
7.576718e+02	1.076640e-02
7.579012e+02	1.076580e-02
7.581327e+02	1.076770e-02
7.583575e+02	1.076580e-02
7.585877e+02	1.076540e-02
7.588587e+02	1.076670e-02
7.590840e+02	1.076680e-02
7.593081e+02	1.076700e-02
7.595376e+02	1.076720e-02
7.597667e+02	1.076870e-02
7.599915e+02	1.077060e-02
7.602221e+02	1.077020e-02
7.604547e+02	1.076850e-02
7.606799e+02	1.076700e-02
7.609089e+02	1.076760e-02
7.611399e+02	1.076640e-02
7.613711e+02	1.076610e-02
7.615955e+02	1.076820e-02
7.618250e+02	1.076640e-02
7.620496e+02	1.076600e-02
7.622803e+02	1.076610e-02
7.625060e+02	1.076680e-02
7.627387e+02	1.076670e-02
7.629644e+02	1.076910e-02
7.631959e+02	1.076760e-02
7.634207e+02	1.076550e-02
7.636528e+02	1.076670e-02
7.638781e+02	1.076700e-02
7.641094e+02	1.076730e-02
7.643337e+02	1.076850e-02
7.645621e+02	1.076570e-02
7.647921e+02	1.076710e-02
7.650174e+02	1.076820e-02
7.652485e+02	1.076790e-02
7.654923e+02	1.076610e-02
7.657149e+02	1.076510e-02
7.659440e+02	1.076610e-02
7.661748e+02	1.076560e-02
7.664117e+02	1.076660e-02
7.666355e+02	1.077040e-02
7.668651e+02	1.076580e-02
7.670962e+02	1.076720e-02
7.673190e+02	1.076890e-02
7.675575e+02	1.076650e-02
7.677832e+02	1.076910e-02
7.680127e+02	1.076720e-02
7.682429e+02	1.076910e-02
7.684737e+02	1.076730e-02
7.686989e+02	1.076790e-02
7.689284e+02	1.076630e-02
7.691588e+02	1.076460e-02
7.693909e+02	1.076560e-02
7.696167e+02	1.076480e-02
7.698473e+02	1.076330e-02
7.700791e+02	1.076450e-02
7.703037e+02	1.076440e-02
7.705339e+02	1.076450e-02
7.707636e+02	1.076400e-02
7.709912e+02	1.076480e-02
7.712209e+02	1.076260e-02
7.714508e+02	1.076350e-02
7.716741e+02	1.076280e-02
7.719044e+02	1.075900e-02
7.721336e+02	1.076230e-02
7.723671e+02	1.076360e-02
7.725912e+02	1.076250e-02
7.728241e+02	1.076220e-02
7.730492e+02	1.076610e-02
7.732804e+02	1.076390e-02
7.735041e+02	1.076310e-02
7.737424e+02	1.076280e-02
7.740064e+02	1.076310e-02
7.742377e+02	1.076340e-02
7.744617e+02	1.076360e-02
7.746939e+02	1.076250e-02
7.749182e+02	1.076230e-02
7.751503e+02	1.076130e-02
7.753741e+02	1.076600e-02
7.756032e+02	1.076540e-02
7.758396e+02	1.076320e-02
7.760632e+02	1.076540e-02
7.762927e+02	1.076520e-02
7.765177e+02	1.076600e-02
7.767508e+02	1.076250e-02
7.769945e+02	1.076540e-02
7.772197e+02	1.076480e-02
7.774512e+02	1.076770e-02
7.776812e+02	1.076490e-02
7.779053e+02	1.076480e-02
7.781324e+02	1.076560e-02
7.783618e+02	1.076370e-02
7.785933e+02	1.076370e-02
7.788157e+02	1.076480e-02
7.790459e+02	1.076480e-02
7.792750e+02	1.076600e-02
7.795056e+02	1.076600e-02
7.797307e+02	1.076490e-02
7.799578e+02	1.076510e-02
7.801899e+02	1.076430e-02
7.804138e+02	1.076340e-02
7.806475e+02	1.076290e-02
7.808720e+02	1.076360e-02
7.811032e+02	1.076410e-02
7.813286e+02	1.076320e-02
7.815589e+02	1.076630e-02
7.817902e+02	1.076790e-02
7.820144e+02	1.076590e-02
7.822448e+02	1.076630e-02
7.824806e+02	1.076330e-02
7.827048e+02	1.076460e-02
7.829364e+02	1.076580e-02
7.831594e+02	1.076390e-02
7.833906e+02	1.076490e-02
7.836154e+02	1.076710e-02
7.838457e+02	1.076640e-02
7.840808e+02	1.076400e-02
7.843057e+02	1.076430e-02
7.845371e+02	1.076250e-02
7.847811e+02	1.076280e-02
7.850037e+02	1.076060e-02
7.852358e+02	1.076480e-02
7.854785e+02	1.076410e-02
7.857038e+02	1.076370e-02
7.859337e+02	1.076380e-02
7.861693e+02	1.076360e-02
7.863937e+02	1.076300e-02
7.866246e+02	1.076470e-02
7.868500e+02	1.076620e-02
7.870798e+02	1.076510e-02
7.873136e+02	1.076590e-02
7.875377e+02	1.076470e-02
7.877692e+02	1.076440e-02
7.880008e+02	1.076390e-02
7.882246e+02	1.076370e-02
7.884562e+02	1.076190e-02
7.886816e+02	1.076460e-02
7.889117e+02	1.076390e-02
7.891809e+02	1.076620e-02
7.894122e+02	1.076460e-02
7.896362e+02	1.076520e-02
7.898661e+02	1.076650e-02
7.900912e+02	1.076580e-02
7.903194e+02	1.076580e-02
7.905494e+02	1.076590e-02
7.907789e+02	1.076740e-02
7.910048e+02	1.076670e-02
7.912348e+02	1.076590e-02
7.914657e+02	1.076630e-02
7.916983e+02	1.076570e-02
7.919221e+02	1.076710e-02
7.921517e+02	1.076780e-02
7.923758e+02	1.076880e-02
7.926067e+02	1.076890e-02
7.928312e+02	1.076820e-02
7.930627e+02	1.076870e-02
7.932992e+02	1.076750e-02
7.935250e+02	1.076780e-02
7.937548e+02	1.076750e-02
7.939892e+02	1.076770e-02
7.942123e+02	1.076980e-02
7.944462e+02	1.076720e-02
7.946911e+02	1.076880e-02
7.949137e+02	1.076800e-02
7.951452e+02	1.076600e-02
7.953805e+02	1.076710e-02
7.956034e+02	1.076800e-02
7.958339e+02	1.076900e-02
7.960691e+02	1.076920e-02
7.962929e+02	1.077010e-02
7.965265e+02	1.076950e-02
7.967504e+02	1.076740e-02
7.969867e+02	1.076830e-02
7.972112e+02	1.076740e-02
7.974429e+02	1.076520e-02
7.976874e+02	1.076690e-02
7.979119e+02	1.076770e-02
7.981408e+02	1.076650e-02
7.983652e+02	1.076810e-02
7.985989e+02	1.076690e-02
7.988428e+02	1.076750e-02
7.990668e+02	1.076820e-02
7.992983e+02	1.076700e-02
7.995226e+02	1.076690e-02
7.997550e+02	1.076520e-02
7.999786e+02	1.076720e-02
8.002158e+02	1.076640e-02
8.004382e+02	1.076350e-02
8.006705e+02	1.076200e-02
8.009000e+02	1.076540e-02
8.011318e+02	1.076180e-02
8.013627e+02	1.076130e-02
8.015954e+02	1.076560e-02
8.018206e+02	1.076310e-02
8.020540e+02	1.076520e-02
8.022932e+02	1.076290e-02
8.025212e+02	1.076380e-02
8.027551e+02	1.076280e-02
8.029857e+02	1.076460e-02
8.032296e+02	1.076200e-02
8.034737e+02	1.076330e-02
8.036992e+02	1.076600e-02
8.039288e+02	1.076320e-02
8.041552e+02	1.076440e-02
8.044248e+02	1.076460e-02
8.046505e+02	1.076420e-02
8.048815e+02	1.076420e-02
8.051061e+02	1.076630e-02
8.053358e+02	1.076530e-02
8.055658e+02	1.076320e-02
8.057914e+02	1.076320e-02
8.060223e+02	1.076250e-02
8.062541e+02	1.076280e-02
8.064789e+02	1.076140e-02
8.067153e+02	1.076350e-02
8.069384e+02	1.076280e-02
8.071907e+02	1.076480e-02
8.074229e+02	1.076320e-02
8.076529e+02	1.076140e-02
8.078828e+02	1.076290e-02
8.081149e+02	1.076040e-02
8.083400e+02	1.076160e-02
8.085731e+02	1.076350e-02
8.088108e+02	1.076140e-02
8.090551e+02	1.075990e-02
8.093005e+02	1.075790e-02
8.095241e+02	1.075880e-02
8.097598e+02	1.075990e-02
8.099846e+02	1.075810e-02
8.102142e+02	1.076220e-02
8.104377e+02	1.076060e-02
8.106697e+02	1.076130e-02
8.109034e+02	1.075890e-02
8.111291e+02	1.076210e-02
8.113607e+02	1.075900e-02
8.115848e+02	1.076070e-02
8.118177e+02	1.076240e-02
8.120622e+02	1.076140e-02
8.123063e+02	1.076160e-02
8.125299e+02	1.076010e-02
8.127613e+02	1.076060e-02
8.129854e+02	1.076290e-02
8.132168e+02	1.076070e-02
8.134620e+02	1.076140e-02
8.136858e+02	1.076110e-02
8.139150e+02	1.076170e-02
8.141449e+02	1.076140e-02
8.143713e+02	1.075870e-02
8.146018e+02	1.076040e-02
8.148266e+02	1.076100e-02
8.150615e+02	1.076060e-02
8.153031e+02	1.075940e-02
8.155256e+02	1.075870e-02
8.157589e+02	1.075900e-02
8.159836e+02	1.075860e-02
8.162143e+02	1.075860e-02
8.164385e+02	1.075750e-02
8.166667e+02	1.075750e-02
8.168998e+02	1.075910e-02
8.171438e+02	1.076010e-02
8.173672e+02	1.075810e-02
8.175995e+02	1.075790e-02
8.178307e+02	1.076120e-02
8.180545e+02	1.075880e-02
8.182852e+02	1.075920e-02
8.185107e+02	1.075940e-02


















































































































































































































































































































































































































































































































































































































































































































































































































































































































































































































































































































































































































































































































































































































































































8.273479e+02	1.075900e-02
