Tiempo	Corriente
8.583010e-01	1.073780e-02
1.119425e+00	1.072750e-02
1.364400e+00	1.072340e-02
1.608637e+00	1.071980e-02
1.851961e+00	1.071610e-02
2.099908e+00	1.071330e-02
2.343782e+00	1.071200e-02
2.571313e+00	1.071010e-02
2.797948e+00	1.071040e-02
3.025854e+00	1.071010e-02
3.252244e+00	1.071190e-02
3.479173e+00	1.070990e-02
3.708128e+00	1.070840e-02
3.935074e+00	1.070920e-02
4.173015e+00	1.070890e-02
4.396701e+00	1.071010e-02
4.623240e+00	1.071030e-02
4.851234e+00	1.070930e-02
5.079298e+00	1.070930e-02
5.306983e+00	1.070480e-02
5.534697e+00	1.070750e-02
5.762168e+00	1.070780e-02
5.988463e+00	1.070630e-02
6.214256e+00	1.070730e-02
6.445238e+00	1.070700e-02
6.670813e+00	1.070840e-02
6.897762e+00	1.070680e-02
7.126143e+00	1.070830e-02
7.354125e+00	1.070650e-02
7.582928e+00	1.070430e-02
7.811239e+00	1.070800e-02
8.036376e+00	1.070690e-02
8.267779e+00	1.070540e-02
8.493206e+00	1.070800e-02
8.720319e+00	1.070890e-02
8.947223e+00	1.070540e-02
9.175227e+00	1.070610e-02
9.404129e+00	1.070620e-02
9.633029e+00	1.070590e-02
9.861163e+00	1.070750e-02
1.009106e+01	1.070740e-02
1.031640e+01	1.070910e-02
1.054317e+01	1.070800e-02
1.077002e+01	1.070790e-02
1.099838e+01	1.070860e-02
1.122733e+01	1.070430e-02
1.147735e+01	1.070590e-02
1.170209e+01	1.070510e-02
1.192802e+01	1.070580e-02
1.215423e+01	1.070270e-02
1.238635e+01	1.070750e-02
1.261065e+01	1.070770e-02
1.283824e+01	1.070740e-02
1.306585e+01	1.070800e-02
1.329247e+01	1.070850e-02
1.352014e+01	1.070660e-02
1.374737e+01	1.070610e-02
1.397449e+01	1.070590e-02
1.420019e+01	1.070300e-02
1.443223e+01	1.070500e-02
1.465613e+01	1.070600e-02
1.488369e+01	1.070770e-02
1.511202e+01	1.070550e-02
1.533926e+01	1.070510e-02
1.556731e+01	1.070740e-02
1.583471e+01	1.070690e-02
1.606299e+01	1.070860e-02
1.628962e+01	1.071000e-02
1.651509e+01	1.070730e-02
1.674331e+01	1.070650e-02
1.697372e+01	1.070640e-02
1.720086e+01	1.070880e-02
1.742928e+01	1.070890e-02
1.765300e+01	1.070600e-02
1.788024e+01	1.070650e-02
1.810831e+01	1.070550e-02
1.833919e+01	1.070510e-02
1.856925e+01	1.070630e-02
1.879651e+01	1.070660e-02
1.902382e+01	1.070640e-02
1.925229e+01	1.070480e-02
1.948019e+01	1.070430e-02
1.972196e+01	1.070620e-02
1.994621e+01	1.070780e-02
2.017404e+01	1.070680e-02
2.040219e+01	1.070560e-02
2.062832e+01	1.070690e-02
2.085727e+01	1.070860e-02
2.108311e+01	1.070860e-02
2.131035e+01	1.070930e-02
2.153782e+01	1.070500e-02
2.176946e+01	1.070660e-02
2.200176e+01	1.070320e-02
2.222762e+01	1.070670e-02
2.245414e+01	1.070510e-02
2.268220e+01	1.070590e-02
2.290820e+01	1.070870e-02
2.313393e+01	1.070590e-02
2.336232e+01	1.070390e-02
2.358927e+01	1.070520e-02
2.381497e+01	1.070610e-02
2.404108e+01	1.070520e-02
2.426779e+01	1.070610e-02
2.449394e+01	1.070800e-02
2.471935e+01	1.071080e-02
2.494523e+01	1.070930e-02
2.517306e+01	1.070610e-02
2.540040e+01	1.070780e-02
2.562750e+01	1.070690e-02
2.585249e+01	1.070620e-02
2.607808e+01	1.071100e-02
2.630370e+01	1.071130e-02
2.655085e+01	1.071300e-02
2.677458e+01	1.071360e-02
2.700230e+01	1.071260e-02
2.723015e+01	1.071710e-02
2.745704e+01	1.071640e-02
2.768363e+01	1.071880e-02
2.791931e+01	1.071910e-02
2.814289e+01	1.072020e-02
2.837124e+01	1.072180e-02
2.859926e+01	1.072030e-02
2.882995e+01	1.072420e-02
2.905822e+01	1.072450e-02
2.928423e+01	1.072650e-02
2.951078e+01	1.072960e-02
2.973703e+01	1.073130e-02
2.996860e+01	1.073610e-02
3.019195e+01	1.073330e-02
3.042038e+01	1.073280e-02
3.064825e+01	1.073220e-02
3.091627e+01	1.073520e-02
3.114406e+01	1.073610e-02
3.137137e+01	1.073580e-02
3.159905e+01	1.073730e-02
3.182524e+01	1.074060e-02
3.206385e+01	1.074260e-02
3.228802e+01	1.073960e-02
3.251524e+01	1.074610e-02
3.274623e+01	1.074170e-02
3.297301e+01	1.074590e-02
3.319961e+01	1.074720e-02
3.342734e+01	1.075100e-02
3.365516e+01	1.075090e-02
3.388132e+01	1.075200e-02
3.411359e+01	1.075300e-02
3.433942e+01	1.075450e-02
3.456494e+01	1.075190e-02
3.479314e+01	1.075610e-02
3.502095e+01	1.075630e-02
3.524603e+01	1.075870e-02
3.547224e+01	1.076150e-02
3.569948e+01	1.075900e-02
3.592600e+01	1.076240e-02
3.615036e+01	1.076330e-02
3.637790e+01	1.076280e-02
3.660512e+01	1.076570e-02
3.683124e+01	1.076760e-02
3.706378e+01	1.076990e-02
3.728806e+01	1.077550e-02
3.751636e+01	1.077540e-02
3.774424e+01	1.077930e-02
3.797110e+01	1.078150e-02
3.819507e+01	1.078370e-02
3.842241e+01	1.078380e-02
3.864829e+01	1.077990e-02
3.887465e+01	1.078050e-02
3.910307e+01	1.078500e-02
3.933551e+01	1.078810e-02
3.956066e+01	1.078560e-02
3.978637e+01	1.078570e-02
4.001271e+01	1.078470e-02
4.023921e+01	1.078540e-02
4.047029e+01	1.078590e-02
4.069778e+01	1.078760e-02
4.092430e+01	1.078670e-02
4.115128e+01	1.078690e-02
4.139041e+01	1.078770e-02
4.163531e+01	1.079200e-02
4.185915e+01	1.079070e-02
4.208897e+01	1.079270e-02
4.231464e+01	1.079860e-02
4.254280e+01	1.079790e-02
4.277105e+01	1.080070e-02
4.299922e+01	1.079850e-02
4.322810e+01	1.080280e-02
4.347066e+01	1.080270e-02
4.369634e+01	1.080260e-02
4.392653e+01	1.080510e-02
4.415500e+01	1.080520e-02
4.438222e+01	1.080330e-02
4.461193e+01	1.080570e-02
4.483926e+01	1.080470e-02
4.506723e+01	1.080500e-02
4.529700e+01	1.080440e-02
4.553874e+01	1.080570e-02
4.576430e+01	1.081070e-02
4.603155e+01	1.081070e-02
4.625663e+01	1.081160e-02
4.648364e+01	1.081330e-02
4.671069e+01	1.081330e-02
4.695773e+01	1.081310e-02
4.718242e+01	1.081850e-02
4.740819e+01	1.081860e-02
4.763366e+01	1.081880e-02
4.785869e+01	1.081840e-02
4.808482e+01	1.082020e-02
4.831246e+01	1.081940e-02
4.853670e+01	1.082170e-02
4.876440e+01	1.082380e-02
4.899292e+01	1.082180e-02
4.921931e+01	1.082320e-02
4.944484e+01	1.082500e-02
4.967035e+01	1.082710e-02
4.989829e+01	1.083280e-02
5.012727e+01	1.083240e-02
5.035426e+01	1.083130e-02
5.058006e+01	1.083430e-02
5.082070e+01	1.083230e-02
5.104436e+01	1.083530e-02
5.127113e+01	1.083410e-02
5.149924e+01	1.083510e-02
5.172884e+01	1.083820e-02
5.195878e+01	1.084130e-02
5.218485e+01	1.084200e-02
5.241111e+01	1.084200e-02
5.263637e+01	1.084350e-02
5.286429e+01	1.084320e-02
5.309189e+01	1.084460e-02
5.331879e+01	1.084630e-02
5.354528e+01	1.084830e-02
5.377165e+01	1.085130e-02
5.399931e+01	1.085150e-02
5.422624e+01	1.084970e-02
5.445390e+01	1.085170e-02
5.468419e+01	1.085300e-02
5.492436e+01	1.085200e-02
5.514841e+01	1.085360e-02
5.537528e+01	1.085170e-02
5.560304e+01	1.084930e-02
5.583069e+01	1.085180e-02
5.606129e+01	1.085520e-02
5.628878e+01	1.085420e-02
5.651436e+01	1.085350e-02
5.674311e+01	1.085440e-02
5.698165e+01	1.085830e-02
5.720699e+01	1.086250e-02
5.743317e+01	1.085230e-02
5.766331e+01	1.086020e-02
5.789099e+01	1.086070e-02
5.812138e+01	1.086320e-02
5.834976e+01	1.086030e-02
5.857636e+01	1.086350e-02
5.880482e+01	1.086340e-02
5.903539e+01	1.086730e-02
5.926121e+01	1.086660e-02
5.948980e+01	1.086430e-02
5.971718e+01	1.086890e-02
5.994561e+01	1.086850e-02
6.017340e+01	1.087390e-02
6.040082e+01	1.087430e-02
6.062932e+01	1.087240e-02
6.085797e+01	1.087150e-02
6.113904e+01	1.087630e-02
6.138257e+01	1.087370e-02
6.160729e+01	1.087730e-02
6.183449e+01	1.088000e-02
6.206133e+01	1.087810e-02
6.231202e+01	1.087720e-02
6.255679e+01	1.087550e-02
6.278026e+01	1.087800e-02
6.300887e+01	1.088040e-02
6.323631e+01	1.087840e-02
6.346420e+01	1.087560e-02
6.369216e+01	1.087760e-02
6.392024e+01	1.087780e-02
6.414924e+01	1.087670e-02
6.437853e+01	1.087800e-02
6.460506e+01	1.088090e-02
6.483430e+01	1.088290e-02
6.506237e+01	1.088080e-02
6.528524e+01	1.088020e-02
6.551176e+01	1.088320e-02
6.573910e+01	1.088440e-02
6.596922e+01	1.088330e-02
6.619773e+01	1.088420e-02
6.642617e+01	1.088460e-02
6.665407e+01	1.088350e-02
6.688238e+01	1.088810e-02
6.710911e+01	1.088660e-02
6.734738e+01	1.088940e-02
6.757233e+01	1.088930e-02
6.780169e+01	1.088880e-02
6.802891e+01	1.089380e-02
6.825742e+01	1.089530e-02
6.848630e+01	1.089380e-02
6.871438e+01	1.089790e-02
6.894332e+01	1.089730e-02
6.917089e+01	1.089900e-02
6.940118e+01	1.089560e-02
6.963051e+01	1.089940e-02
6.986129e+01	1.089680e-02
7.008792e+01	1.089620e-02
7.031904e+01	1.089670e-02
7.054711e+01	1.089820e-02
7.077551e+01	1.090160e-02
7.100253e+01	1.090020e-02
7.122975e+01	1.090150e-02
7.146854e+01	1.090360e-02
7.169774e+01	1.090270e-02
7.192499e+01	1.090190e-02
7.215213e+01	1.090370e-02
7.239948e+01	1.090590e-02
7.262558e+01	1.090720e-02
7.285084e+01	1.090900e-02
7.307800e+01	1.090980e-02
7.330640e+01	1.091060e-02
7.353625e+01	1.090790e-02
7.376279e+01	1.091110e-02
7.399010e+01	1.091020e-02
7.421580e+01	1.091250e-02
7.444570e+01	1.091240e-02
7.468853e+01	1.091130e-02
7.491131e+01	1.091170e-02
7.513818e+01	1.091210e-02
7.536560e+01	1.091290e-02
7.559416e+01	1.091590e-02
7.582251e+01	1.091580e-02
7.604923e+01	1.091840e-02
7.631577e+01	1.091970e-02
7.654391e+01	1.091840e-02
7.678230e+01	1.092120e-02
7.702513e+01	1.092350e-02
7.724923e+01	1.092150e-02
7.749678e+01	1.092330e-02
7.772134e+01	1.092210e-02
7.794825e+01	1.092330e-02
7.817639e+01	1.092450e-02
7.840526e+01	1.092390e-02
7.863563e+01	1.092790e-02
7.887455e+01	1.092910e-02
7.909741e+01	1.092550e-02
7.932392e+01	1.092660e-02
7.955364e+01	1.092990e-02
7.978199e+01	1.093290e-02
8.000862e+01	1.093000e-02
8.023513e+01	1.093160e-02
8.046207e+01	1.092950e-02
8.069017e+01	1.093030e-02
8.091852e+01	1.092990e-02
8.114837e+01	1.093520e-02
8.137638e+01	1.093330e-02
8.160520e+01	1.093380e-02
8.183342e+01	1.093080e-02
8.205830e+01	1.093480e-02
8.228634e+01	1.093750e-02
8.251442e+01	1.093680e-02
8.274096e+01	1.093470e-02
8.296725e+01	1.093600e-02
8.319426e+01	1.093630e-02
8.342031e+01	1.093590e-02
8.364852e+01	1.093700e-02
8.387628e+01	1.093850e-02
8.410525e+01	1.093880e-02
8.433117e+01	1.093580e-02
8.455925e+01	1.093900e-02
8.478631e+01	1.093840e-02
8.501731e+01	1.093920e-02
8.524413e+01	1.093930e-02
8.547136e+01	1.094020e-02
8.569770e+01	1.094190e-02
8.592513e+01	1.094520e-02
8.615265e+01	1.094750e-02
8.637880e+01	1.094520e-02
8.660709e+01	1.094450e-02
8.683666e+01	1.094420e-02
8.706943e+01	1.094750e-02
8.729424e+01	1.094910e-02
8.752257e+01	1.094650e-02
8.774757e+01	1.094810e-02
8.797731e+01	1.094970e-02
8.820535e+01	1.095070e-02
8.843324e+01	1.094970e-02
8.866230e+01	1.094930e-02
8.889117e+01	1.095250e-02
8.911758e+01	1.095060e-02
8.934436e+01	1.095310e-02
8.957295e+01	1.095100e-02
8.980119e+01	1.095180e-02
9.002962e+01	1.095330e-02
9.025679e+01	1.095630e-02
9.048455e+01	1.095580e-02
9.071113e+01	1.095450e-02
9.093631e+01	1.095460e-02
9.116861e+01	1.095780e-02
9.143203e+01	1.095550e-02
9.166378e+01	1.095490e-02
9.189073e+01	1.095940e-02
9.211794e+01	1.095750e-02
9.234229e+01	1.095670e-02
9.256695e+01	1.095710e-02
9.279674e+01	1.095760e-02
9.302350e+01	1.096090e-02
9.325042e+01	1.095880e-02
9.347640e+01	1.096010e-02
9.370176e+01	1.095980e-02
9.392744e+01	1.095730e-02
9.415732e+01	1.095600e-02
9.438435e+01	1.095960e-02
9.461109e+01	1.095750e-02
9.483828e+01	1.096000e-02
9.506467e+01	1.096090e-02
9.529863e+01	1.095930e-02
9.552242e+01	1.096270e-02
9.575006e+01	1.096370e-02
9.597836e+01	1.096330e-02
9.620847e+01	1.096010e-02
9.643595e+01	1.096420e-02
9.666498e+01	1.096690e-02
9.689267e+01	1.096250e-02
9.711876e+01	1.096340e-02
9.734406e+01	1.096260e-02
9.757523e+01	1.096360e-02
9.780020e+01	1.096460e-02
9.802797e+01	1.096830e-02
9.825618e+01	1.096470e-02
9.848460e+01	1.096720e-02
9.871070e+01	1.097090e-02
9.894157e+01	1.096870e-02
9.916696e+01	1.096770e-02
9.940455e+01	1.097050e-02
9.962870e+01	1.096930e-02
9.985634e+01	1.097110e-02
1.000842e+02	1.096650e-02
1.003106e+02	1.096980e-02
1.005404e+02	1.097130e-02
1.007687e+02	1.097160e-02
1.009954e+02	1.097150e-02
1.012210e+02	1.097230e-02
1.014504e+02	1.097640e-02
1.016770e+02	1.097580e-02
1.019033e+02	1.097710e-02
1.021302e+02	1.097840e-02
1.023587e+02	1.097780e-02
1.025853e+02	1.097960e-02
1.028132e+02	1.098060e-02
1.030412e+02	1.098400e-02
1.032696e+02	1.098230e-02
1.035013e+02	1.097900e-02
1.037283e+02	1.098000e-02
1.039562e+02	1.098170e-02
1.041853e+02	1.098370e-02
1.044122e+02	1.098340e-02
1.046401e+02	1.098540e-02
1.048686e+02	1.098290e-02
1.050945e+02	1.098290e-02
1.053229e+02	1.098190e-02
1.055528e+02	1.098400e-02
1.057801e+02	1.098020e-02
1.060079e+02	1.098370e-02
1.062362e+02	1.098350e-02
1.065051e+02	1.098380e-02
1.067338e+02	1.098730e-02
1.069612e+02	1.098600e-02
1.071868e+02	1.098730e-02
1.074118e+02	1.099060e-02
1.076365e+02	1.099140e-02
1.078643e+02	1.098710e-02
1.080921e+02	1.099090e-02
1.083184e+02	1.098850e-02
1.085507e+02	1.099000e-02
1.087763e+02	1.099020e-02
1.090046e+02	1.098990e-02
1.092344e+02	1.099050e-02
1.094611e+02	1.098910e-02
1.096858e+02	1.099250e-02
1.099128e+02	1.099380e-02
1.101403e+02	1.099180e-02
1.103662e+02	1.099450e-02
1.105933e+02	1.099630e-02
1.108214e+02	1.099840e-02
1.110504e+02	1.099950e-02
1.112769e+02	1.099750e-02
1.115046e+02	1.099860e-02
1.117293e+02	1.099900e-02
1.119561e+02	1.099670e-02
1.121820e+02	1.099800e-02
1.124110e+02	1.099920e-02
1.126372e+02	1.099800e-02
1.128655e+02	1.099710e-02
1.130934e+02	1.099500e-02
1.133214e+02	1.099680e-02
1.135491e+02	1.100080e-02
1.137762e+02	1.099880e-02
1.140044e+02	1.099980e-02
1.142312e+02	1.100000e-02
1.144604e+02	1.100090e-02
1.146898e+02	1.100290e-02
1.149172e+02	1.100510e-02
1.151434e+02	1.100850e-02
1.153732e+02	1.100270e-02
1.156100e+02	1.100230e-02
1.158538e+02	1.100110e-02
1.160789e+02	1.100900e-02
1.163045e+02	1.100750e-02
1.165309e+02	1.100960e-02
1.167596e+02	1.100370e-02
1.169838e+02	1.100490e-02
1.172118e+02	1.100250e-02
1.174424e+02	1.100280e-02
1.176704e+02	1.100970e-02
1.179172e+02	1.100600e-02
1.181414e+02	1.100960e-02
1.183695e+02	1.101230e-02
1.185979e+02	1.101310e-02
1.188235e+02	1.101160e-02
1.190518e+02	1.101290e-02
1.192793e+02	1.101460e-02
1.195074e+02	1.100950e-02
1.197343e+02	1.101110e-02
1.199622e+02	1.101330e-02
1.201903e+02	1.101360e-02
1.204185e+02	1.101260e-02
1.206472e+02	1.101420e-02
1.208752e+02	1.101390e-02
1.211005e+02	1.101030e-02
1.213304e+02	1.101030e-02
1.215980e+02	1.101050e-02
1.218279e+02	1.100910e-02
1.220559e+02	1.101070e-02
1.222850e+02	1.101210e-02
1.225133e+02	1.101180e-02
1.227436e+02	1.101220e-02
1.229683e+02	1.101060e-02
1.232062e+02	1.101290e-02
1.234289e+02	1.101260e-02
1.236582e+02	1.101320e-02
1.238873e+02	1.101430e-02
1.241152e+02	1.101350e-02
1.243420e+02	1.101520e-02
1.245685e+02	1.101500e-02
1.247943e+02	1.101520e-02
1.250221e+02	1.101720e-02
1.252522e+02	1.102120e-02
1.254848e+02	1.101790e-02
1.257146e+02	1.102110e-02
1.259404e+02	1.102240e-02
1.261671e+02	1.102410e-02
1.263940e+02	1.102530e-02
1.266250e+02	1.102740e-02
1.268520e+02	1.102920e-02
1.270795e+02	1.102760e-02
1.273163e+02	1.102700e-02
1.275406e+02	1.102750e-02
1.277673e+02	1.102850e-02
1.279953e+02	1.102490e-02
1.282204e+02	1.102310e-02
1.284476e+02	1.102670e-02
1.286761e+02	1.102520e-02
1.289036e+02	1.102550e-02
1.291299e+02	1.102270e-02
1.293704e+02	1.102410e-02
1.295941e+02	1.102560e-02
1.298220e+02	1.102500e-02
1.300504e+02	1.102330e-02
1.302753e+02	1.102300e-02
1.305052e+02	1.102500e-02
1.307319e+02	1.102630e-02
1.309595e+02	1.102620e-02
1.311864e+02	1.102660e-02
1.314184e+02	1.103060e-02
1.316613e+02	1.102750e-02
1.318858e+02	1.102820e-02
1.321119e+02	1.102610e-02
1.323382e+02	1.102550e-02
1.325643e+02	1.102580e-02
1.327923e+02	1.102720e-02
1.330201e+02	1.102530e-02
1.332480e+02	1.102730e-02
1.334821e+02	1.102730e-02
1.337080e+02	1.102890e-02
1.339384e+02	1.102710e-02
1.341653e+02	1.103360e-02
1.343927e+02	1.103120e-02
1.346201e+02	1.103530e-02
1.348470e+02	1.103520e-02
1.350758e+02	1.103600e-02
1.353033e+02	1.103930e-02
1.355349e+02	1.103660e-02
1.357597e+02	1.103690e-02
1.359868e+02	1.103810e-02
1.362153e+02	1.103760e-02
1.364426e+02	1.103420e-02
1.367103e+02	1.103440e-02
1.369372e+02	1.103250e-02
1.371639e+02	1.103280e-02
1.373908e+02	1.103320e-02
1.376183e+02	1.103270e-02
1.378463e+02	1.103080e-02
1.380733e+02	1.103300e-02
1.382994e+02	1.103250e-02
1.385271e+02	1.103420e-02
1.387548e+02	1.103550e-02
1.389811e+02	1.103300e-02
1.392073e+02	1.103270e-02
1.394350e+02	1.103310e-02
1.396694e+02	1.103800e-02
1.398943e+02	1.104090e-02
1.401222e+02	1.103820e-02
1.403487e+02	1.103820e-02
1.405742e+02	1.103770e-02
1.407952e+02	1.104040e-02
1.410220e+02	1.104210e-02
1.412475e+02	1.103840e-02
1.414734e+02	1.104080e-02
1.417011e+02	1.103990e-02
1.419254e+02	1.103790e-02
1.421535e+02	1.103600e-02
1.423787e+02	1.103490e-02
1.426044e+02	1.103590e-02
1.428335e+02	1.103370e-02
1.430592e+02	1.103760e-02
1.432825e+02	1.103570e-02
1.435076e+02	1.103410e-02
1.437332e+02	1.103740e-02
1.439603e+02	1.103680e-02
1.441878e+02	1.103690e-02
1.444154e+02	1.103630e-02
1.446432e+02	1.103730e-02
1.448699e+02	1.103930e-02
1.450958e+02	1.103620e-02
1.453242e+02	1.104170e-02
1.455506e+02	1.103440e-02
1.457739e+02	1.103230e-02
1.459998e+02	1.103610e-02
1.462295e+02	1.103800e-02
1.464573e+02	1.103720e-02
1.466842e+02	1.103760e-02
1.469207e+02	1.104160e-02
1.471456e+02	1.103790e-02
1.473702e+02	1.104150e-02
1.475947e+02	1.103990e-02
1.478225e+02	1.103890e-02
1.480522e+02	1.104240e-02
1.482791e+02	1.104290e-02
1.485064e+02	1.104120e-02
1.487314e+02	1.103990e-02
1.489665e+02	1.104150e-02
1.491906e+02	1.104230e-02
1.494170e+02	1.104150e-02
1.496441e+02	1.104090e-02
1.498710e+02	1.104330e-02
1.500994e+02	1.104400e-02
1.503252e+02	1.104280e-02
1.505521e+02	1.104200e-02
1.507805e+02	1.104270e-02
1.510222e+02	1.104330e-02
1.512513e+02	1.104460e-02
1.514814e+02	1.104630e-02
1.517092e+02	1.104660e-02
1.519756e+02	1.104670e-02
1.522072e+02	1.104670e-02
1.524322e+02	1.104560e-02
1.526601e+02	1.104620e-02
1.528882e+02	1.104430e-02
1.531116e+02	1.104510e-02
1.533408e+02	1.104690e-02
1.535704e+02	1.104610e-02
1.537982e+02	1.104560e-02
1.540253e+02	1.104570e-02
1.542530e+02	1.104750e-02
1.544821e+02	1.104510e-02
1.547102e+02	1.104470e-02
1.549400e+02	1.104450e-02
1.551685e+02	1.104750e-02
1.553944e+02	1.104790e-02
1.556221e+02	1.104500e-02
1.558522e+02	1.104540e-02
1.560809e+02	1.104690e-02
1.563072e+02	1.104700e-02
1.565384e+02	1.104420e-02
1.567683e+02	1.104600e-02
1.569943e+02	1.104660e-02
1.572173e+02	1.104760e-02
1.574444e+02	1.104630e-02
1.576733e+02	1.104460e-02
1.579028e+02	1.104600e-02
1.581299e+02	1.104710e-02
1.583603e+02	1.104150e-02
1.585914e+02	1.104370e-02
1.588173e+02	1.104190e-02
1.590451e+02	1.104300e-02
1.592872e+02	1.104200e-02
1.595124e+02	1.104330e-02
1.597413e+02	1.104170e-02
1.599695e+02	1.104460e-02
1.601971e+02	1.104290e-02
1.604258e+02	1.104540e-02
1.606544e+02	1.104540e-02
1.608822e+02	1.104400e-02
1.611084e+02	1.104240e-02
1.613347e+02	1.104240e-02
1.615630e+02	1.104150e-02
1.617910e+02	1.104340e-02
1.620207e+02	1.104690e-02
1.622471e+02	1.104380e-02
1.624741e+02	1.104810e-02
1.627018e+02	1.104760e-02
1.629293e+02	1.104350e-02
1.631593e+02	1.104630e-02
1.633853e+02	1.104620e-02
1.636128e+02	1.104390e-02
1.638428e+02	1.104390e-02
1.640694e+02	1.104500e-02
1.643174e+02	1.104590e-02
1.645417e+02	1.104550e-02
1.647691e+02	1.104670e-02
1.649969e+02	1.104650e-02
1.652269e+02	1.105070e-02
1.654653e+02	1.105070e-02
1.656895e+02	1.104710e-02
1.659192e+02	1.104990e-02
1.661483e+02	1.105070e-02
1.663781e+02	1.105050e-02
1.666037e+02	1.104990e-02
1.668330e+02	1.104700e-02
1.671020e+02	1.104990e-02
1.673294e+02	1.104880e-02
1.675707e+02	1.104760e-02
1.677956e+02	1.105000e-02
1.680232e+02	1.105010e-02
1.682522e+02	1.104950e-02
1.684834e+02	1.104830e-02
1.687084e+02	1.104960e-02
1.689343e+02	1.104800e-02
1.691645e+02	1.104850e-02
1.693913e+02	1.104900e-02
1.696304e+02	1.104760e-02
1.698553e+02	1.104790e-02
1.700828e+02	1.104910e-02
1.703130e+02	1.105030e-02
1.705413e+02	1.104980e-02
1.707687e+02	1.104620e-02
1.709996e+02	1.104950e-02
1.712283e+02	1.104830e-02
1.714581e+02	1.104810e-02
1.716862e+02	1.104730e-02
1.719148e+02	1.104940e-02
1.721468e+02	1.104890e-02
1.723698e+02	1.104780e-02
1.725983e+02	1.105110e-02
1.728264e+02	1.104970e-02
1.730543e+02	1.105290e-02
1.732864e+02	1.105360e-02
1.735109e+02	1.105240e-02
1.737353e+02	1.105000e-02
1.739623e+02	1.105060e-02
1.741977e+02	1.105000e-02
1.744222e+02	1.104920e-02
1.746492e+02	1.104800e-02
1.748753e+02	1.104900e-02
1.751041e+02	1.104930e-02
1.753319e+02	1.105040e-02
1.755603e+02	1.105010e-02
1.758008e+02	1.104910e-02
1.760248e+02	1.104960e-02
1.762575e+02	1.104990e-02
1.764813e+02	1.105270e-02
1.767092e+02	1.105350e-02
1.769383e+02	1.105410e-02
1.771701e+02	1.105170e-02
1.773939e+02	1.105040e-02
1.776214e+02	1.105130e-02
1.778504e+02	1.104870e-02
1.780792e+02	1.105170e-02
1.783093e+02	1.105390e-02
1.785360e+02	1.105640e-02
1.787653e+02	1.105590e-02
1.789942e+02	1.105290e-02
1.792222e+02	1.105530e-02
1.794526e+02	1.105490e-02
1.796834e+02	1.105540e-02
1.799219e+02	1.105670e-02
1.801454e+02	1.105290e-02
1.803725e+02	1.105470e-02
1.805993e+02	1.105390e-02
1.808252e+02	1.105430e-02
1.810546e+02	1.105240e-02
1.812796e+02	1.104970e-02
1.815086e+02	1.105100e-02
1.817372e+02	1.105380e-02
1.819680e+02	1.105340e-02
1.822353e+02	1.105180e-02
1.824628e+02	1.105200e-02
1.826912e+02	1.105240e-02
1.829190e+02	1.105370e-02
1.831470e+02	1.105440e-02
1.833752e+02	1.105650e-02
1.836012e+02	1.105320e-02
1.838332e+02	1.105660e-02
1.840775e+02	1.105570e-02
1.843215e+02	1.105240e-02
1.845459e+02	1.105560e-02
1.847753e+02	1.105500e-02
1.850025e+02	1.105750e-02
1.852294e+02	1.105670e-02
1.854563e+02	1.105710e-02
1.856825e+02	1.104910e-02
1.859126e+02	1.105350e-02
1.861366e+02	1.105520e-02
1.863643e+02	1.105750e-02
1.865933e+02	1.105960e-02
1.868244e+02	1.106070e-02
1.870901e+02	1.105850e-02
1.873129e+02	1.105710e-02
1.875406e+02	1.105690e-02
1.877686e+02	1.105670e-02
1.879968e+02	1.105710e-02
1.882379e+02	1.105710e-02
1.884624e+02	1.106150e-02
1.886925e+02	1.106390e-02
1.889183e+02	1.106280e-02
1.891449e+02	1.106030e-02
1.893742e+02	1.106470e-02
1.896024e+02	1.106340e-02
1.898296e+02	1.106350e-02
1.900594e+02	1.106510e-02
1.902841e+02	1.106270e-02
1.905109e+02	1.105980e-02
1.907384e+02	1.105990e-02
1.909645e+02	1.106150e-02
1.911903e+02	1.106230e-02
1.914184e+02	1.106380e-02
1.916473e+02	1.106590e-02
1.918762e+02	1.106590e-02
1.921084e+02	1.106360e-02
1.923342e+02	1.106290e-02
1.925609e+02	1.106450e-02
1.927906e+02	1.106180e-02
1.930191e+02	1.106450e-02
1.932478e+02	1.106440e-02
1.934757e+02	1.106500e-02
1.937017e+02	1.106400e-02
1.939301e+02	1.106520e-02
1.941573e+02	1.106660e-02
1.943978e+02	1.106510e-02
1.946214e+02	1.106510e-02
1.948489e+02	1.106460e-02
1.950774e+02	1.106550e-02
1.953072e+02	1.106320e-02
1.955333e+02	1.106260e-02
1.957611e+02	1.106230e-02
1.959882e+02	1.106430e-02
1.962135e+02	1.106130e-02
1.964467e+02	1.106000e-02
1.966713e+02	1.106280e-02
1.968995e+02	1.106250e-02
1.971292e+02	1.106400e-02
1.973975e+02	1.106480e-02
1.976257e+02	1.106790e-02
1.978539e+02	1.106950e-02
1.980832e+02	1.106630e-02
1.983147e+02	1.106610e-02
1.985467e+02	1.106660e-02
1.987726e+02	1.106560e-02
1.990012e+02	1.106790e-02
1.992280e+02	1.106620e-02
1.994558e+02	1.106540e-02
1.996855e+02	1.106590e-02
1.999142e+02	1.106520e-02
2.001411e+02	1.106710e-02
2.003691e+02	1.106770e-02
2.006006e+02	1.106420e-02
2.008292e+02	1.106300e-02
2.010572e+02	1.106650e-02
2.012847e+02	1.106500e-02
2.015138e+02	1.106590e-02
2.017423e+02	1.106740e-02
2.019679e+02	1.106790e-02
2.021955e+02	1.106730e-02
2.024220e+02	1.106880e-02
2.026552e+02	1.106260e-02
2.028993e+02	1.106680e-02
2.031221e+02	1.106690e-02
2.033492e+02	1.106980e-02
2.035780e+02	1.107060e-02
2.038061e+02	1.107140e-02
2.040323e+02	1.106750e-02
2.042611e+02	1.107150e-02
2.044912e+02	1.106820e-02
2.047202e+02	1.106730e-02
2.049502e+02	1.106800e-02
2.051778e+02	1.107070e-02
2.054082e+02	1.106940e-02
2.056366e+02	1.106860e-02
2.058647e+02	1.107190e-02
2.060944e+02	1.107160e-02
2.063231e+02	1.107050e-02
2.065503e+02	1.106780e-02
2.067888e+02	1.106350e-02
2.070134e+02	1.106370e-02
2.072419e+02	1.106350e-02
2.074708e+02	1.106130e-02
2.077220e+02	1.106260e-02
2.079460e+02	1.105890e-02
2.081731e+02	1.105820e-02
2.084009e+02	1.105440e-02
2.086291e+02	1.105560e-02
2.088510e+02	1.105500e-02
2.090785e+02	1.105120e-02
2.093067e+02	1.105230e-02
2.095342e+02	1.105120e-02
2.097624e+02	1.105070e-02
2.099922e+02	1.105300e-02
2.102211e+02	1.105090e-02
2.104494e+02	1.104970e-02
2.106766e+02	1.104500e-02
2.109028e+02	1.104730e-02
2.111283e+02	1.104630e-02
2.113565e+02	1.104430e-02
2.115854e+02	1.104320e-02
2.118141e+02	1.104560e-02
2.120414e+02	1.104240e-02
2.122704e+02	1.104220e-02
2.125396e+02	1.104150e-02
2.127678e+02	1.103940e-02
2.130022e+02	1.103810e-02
2.132460e+02	1.104000e-02
2.134705e+02	1.104030e-02
2.136983e+02	1.103710e-02
2.139270e+02	1.103660e-02
2.141566e+02	1.103640e-02
2.143837e+02	1.103470e-02
2.146111e+02	1.103450e-02
2.148413e+02	1.103300e-02
2.150677e+02	1.103150e-02
2.152968e+02	1.103010e-02
2.155263e+02	1.102770e-02
2.157542e+02	1.102780e-02
2.159822e+02	1.103050e-02
2.162092e+02	1.103080e-02
2.164392e+02	1.102930e-02
2.166693e+02	1.102700e-02
2.168945e+02	1.102480e-02
2.171201e+02	1.102560e-02
2.173471e+02	1.102420e-02
2.175749e+02	1.101890e-02
2.178046e+02	1.102060e-02
2.180317e+02	1.102140e-02
2.182596e+02	1.102070e-02
2.184880e+02	1.101990e-02
2.187152e+02	1.101820e-02
2.189432e+02	1.101560e-02
2.191671e+02	1.101710e-02
2.193952e+02	1.101650e-02
2.196222e+02	1.101510e-02
2.198513e+02	1.101220e-02
2.200787e+02	1.101150e-02
2.203071e+02	1.100820e-02
2.205347e+02	1.101110e-02
2.207621e+02	1.100660e-02
2.209917e+02	1.100850e-02
2.212185e+02	1.100590e-02
2.214449e+02	1.100660e-02
2.216731e+02	1.100690e-02
2.219020e+02	1.100710e-02
2.221494e+02	1.100660e-02
2.223733e+02	1.100560e-02
2.226030e+02	1.100770e-02
2.228310e+02	1.100450e-02
2.230585e+02	1.100230e-02
2.232836e+02	1.100300e-02
2.235120e+02	1.100110e-02
2.237402e+02	1.100070e-02
2.239672e+02	1.099990e-02
2.241963e+02	1.100020e-02
2.244237e+02	1.100300e-02
2.246517e+02	1.099840e-02
2.248801e+02	1.099660e-02
2.251107e+02	1.099640e-02
2.253363e+02	1.099800e-02
2.255621e+02	1.099560e-02
2.257884e+02	1.099680e-02
2.260166e+02	1.099480e-02
2.262433e+02	1.099560e-02
2.264737e+02	1.099280e-02
2.266996e+02	1.099130e-02
2.269294e+02	1.098870e-02
2.271588e+02	1.098940e-02
2.273851e+02	1.098960e-02
2.276523e+02	1.099140e-02
2.278801e+02	1.099120e-02
2.281100e+02	1.098950e-02
2.283394e+02	1.098730e-02
2.285692e+02	1.098930e-02
2.287980e+02	1.098630e-02
2.290259e+02	1.098690e-02
2.292556e+02	1.098760e-02
2.294775e+02	1.098350e-02
2.297048e+02	1.098620e-02
2.299332e+02	1.098630e-02
2.301612e+02	1.098400e-02
2.303894e+02	1.098580e-02
2.306186e+02	1.098240e-02
2.308595e+02	1.098610e-02
2.311056e+02	1.098130e-02
2.313313e+02	1.098420e-02
2.315592e+02	1.097960e-02
2.317885e+02	1.098100e-02
2.320157e+02	1.098120e-02
2.322460e+02	1.097890e-02
2.324733e+02	1.097890e-02
2.326996e+02	1.097730e-02
2.329282e+02	1.097710e-02
2.331590e+02	1.097710e-02
2.333889e+02	1.097640e-02
2.336166e+02	1.097750e-02
2.338448e+02	1.097280e-02
2.340735e+02	1.097400e-02
2.343033e+02	1.097010e-02
2.345322e+02	1.097070e-02
2.347592e+02	1.096920e-02
2.349893e+02	1.096860e-02
2.352192e+02	1.096940e-02
2.354468e+02	1.097050e-02
2.356764e+02	1.096930e-02
2.359009e+02	1.096740e-02
2.361294e+02	1.096980e-02
2.363574e+02	1.096790e-02
2.365849e+02	1.096520e-02
2.368163e+02	1.096500e-02
2.370411e+02	1.096250e-02
2.372698e+02	1.096430e-02
2.374982e+02	1.096360e-02
2.377257e+02	1.096400e-02
2.379513e+02	1.096420e-02
2.381795e+02	1.096290e-02
2.384073e+02	1.096350e-02
2.386343e+02	1.096180e-02
2.388601e+02	1.096030e-02
2.390903e+02	1.095640e-02
2.393198e+02	1.095570e-02
2.395476e+02	1.095430e-02
2.397761e+02	1.095460e-02
2.400123e+02	1.095470e-02
2.402379e+02	1.095370e-02
2.404676e+02	1.095200e-02
2.406928e+02	1.095230e-02
2.409214e+02	1.095130e-02
2.411493e+02	1.095090e-02
2.413772e+02	1.095200e-02
2.416073e+02	1.095100e-02
2.418345e+02	1.095060e-02
2.420707e+02	1.094780e-02
2.422955e+02	1.094800e-02
2.425243e+02	1.094770e-02
2.427924e+02	1.094760e-02
2.430193e+02	1.094780e-02
2.432494e+02	1.094570e-02
2.434772e+02	1.094750e-02
2.437085e+02	1.094560e-02
2.439362e+02	1.094670e-02
2.441702e+02	1.094570e-02
2.443953e+02	1.094350e-02
2.446231e+02	1.094190e-02
2.448522e+02	1.094390e-02
2.450794e+02	1.094350e-02
2.453074e+02	1.094080e-02
2.455346e+02	1.094110e-02
2.457632e+02	1.093940e-02
2.459922e+02	1.093960e-02
2.462166e+02	1.094010e-02
2.464435e+02	1.093900e-02
2.466724e+02	1.093990e-02
2.468991e+02	1.094140e-02
2.471249e+02	1.094060e-02
2.473523e+02	1.093800e-02
2.475827e+02	1.093670e-02
2.478068e+02	1.093380e-02
2.480342e+02	1.093420e-02
2.482636e+02	1.093520e-02
2.484909e+02	1.093330e-02
2.487196e+02	1.093360e-02
2.489469e+02	1.093260e-02
2.491753e+02	1.093240e-02
2.494135e+02	1.093480e-02
2.496371e+02	1.093360e-02
2.498658e+02	1.093190e-02
2.500945e+02	1.093340e-02
2.503263e+02	1.093220e-02
2.505517e+02	1.092920e-02
2.507792e+02	1.093000e-02
2.510082e+02	1.092920e-02
2.512373e+02	1.092960e-02
2.514609e+02	1.092980e-02
2.516901e+02	1.092530e-02
2.519187e+02	1.092650e-02
2.521463e+02	1.092540e-02
2.523766e+02	1.092810e-02
2.526075e+02	1.092710e-02
2.528323e+02	1.092820e-02
2.530614e+02	1.092700e-02
2.532910e+02	1.092760e-02
2.535191e+02	1.092580e-02
2.537464e+02	1.092450e-02
2.539742e+02	1.092600e-02
2.542019e+02	1.092490e-02
2.544290e+02	1.092540e-02
2.546575e+02	1.092510e-02
2.548865e+02	1.092620e-02
2.551160e+02	1.092400e-02
2.553453e+02	1.092130e-02
2.555694e+02	1.092210e-02
2.557954e+02	1.092110e-02
2.560242e+02	1.092240e-02
2.562516e+02	1.092140e-02
2.564814e+02	1.091900e-02
2.567094e+02	1.092060e-02
2.569391e+02	1.091800e-02
2.571671e+02	1.091790e-02
2.573954e+02	1.092020e-02
2.576252e+02	1.091820e-02
2.578963e+02	1.091750e-02
2.581192e+02	1.091880e-02
2.583465e+02	1.091890e-02
2.585786e+02	1.091250e-02
2.588033e+02	1.091300e-02
2.590319e+02	1.091340e-02
2.592612e+02	1.091440e-02
2.594888e+02	1.091390e-02
2.597167e+02	1.091420e-02
2.599440e+02	1.091340e-02
2.601719e+02	1.091370e-02
2.604013e+02	1.091330e-02
2.606292e+02	1.090880e-02
2.608702e+02	1.090940e-02
2.610946e+02	1.090910e-02
2.613226e+02	1.091170e-02
2.615510e+02	1.090950e-02
2.617813e+02	1.091050e-02
2.620107e+02	1.091030e-02
2.622363e+02	1.090970e-02
2.624641e+02	1.091360e-02
2.626919e+02	1.090960e-02
2.629172e+02	1.091230e-02
2.631442e+02	1.090770e-02
2.633711e+02	1.091150e-02
2.636012e+02	1.091050e-02
2.638287e+02	1.090970e-02
2.640584e+02	1.090920e-02
2.642883e+02	1.090660e-02
2.645161e+02	1.090950e-02
2.647451e+02	1.090740e-02
2.649670e+02	1.090710e-02
2.651965e+02	1.090580e-02
2.654274e+02	1.090450e-02
2.656541e+02	1.090460e-02
2.658825e+02	1.090260e-02
2.661092e+02	1.090450e-02
2.663376e+02	1.090520e-02
2.665673e+02	1.090250e-02
2.667967e+02	1.090390e-02
2.670206e+02	1.090390e-02
2.672500e+02	1.090450e-02
2.674782e+02	1.090120e-02
2.677064e+02	1.090310e-02
2.679356e+02	1.090260e-02
2.681644e+02	1.090160e-02
2.683933e+02	1.090170e-02
2.686240e+02	1.090200e-02
2.688492e+02	1.090150e-02
2.690898e+02	1.090140e-02
2.693144e+02	1.089910e-02
2.695423e+02	1.089690e-02
2.697703e+02	1.089940e-02
2.700007e+02	1.089910e-02
2.702282e+02	1.089820e-02
2.704583e+02	1.089930e-02
2.706874e+02	1.089850e-02
2.709165e+02	1.089810e-02
2.711552e+02	1.089660e-02
2.713794e+02	1.089750e-02
2.716082e+02	1.089540e-02
2.718754e+02	1.089530e-02
2.721205e+02	1.089560e-02
2.723461e+02	1.089480e-02
2.725749e+02	1.089400e-02
2.728043e+02	1.089300e-02
2.730745e+02	1.089180e-02
2.733022e+02	1.089610e-02
2.735297e+02	1.089450e-02
2.737581e+02	1.089450e-02
2.739869e+02	1.089330e-02
2.742155e+02	1.089100e-02
2.744453e+02	1.089170e-02
2.746744e+02	1.089150e-02
2.749023e+02	1.088790e-02
2.751282e+02	1.089080e-02
2.753684e+02	1.089060e-02
2.756132e+02	1.089040e-02
2.758577e+02	1.089180e-02
2.760814e+02	1.089230e-02
2.763085e+02	1.089190e-02
2.765386e+02	1.089090e-02
2.767657e+02	1.089010e-02
2.769933e+02	1.088880e-02
2.772236e+02	1.089040e-02
2.774538e+02	1.088670e-02
2.776832e+02	1.088580e-02
2.779125e+02	1.088790e-02
2.781422e+02	1.088510e-02
2.783700e+02	1.088370e-02
2.785984e+02	1.088620e-02
2.788275e+02	1.088390e-02
2.790533e+02	1.088380e-02
2.792834e+02	1.088560e-02
2.795237e+02	1.088580e-02
2.797682e+02	1.088690e-02
2.799928e+02	1.088570e-02
2.802202e+02	1.088750e-02
2.804473e+02	1.088760e-02
2.806743e+02	1.088750e-02
2.809014e+02	1.088610e-02
2.811295e+02	1.088400e-02
2.813576e+02	1.088540e-02
2.815863e+02	1.088560e-02
2.818167e+02	1.088560e-02
2.820451e+02	1.088250e-02
2.822756e+02	1.088110e-02
2.825042e+02	1.088100e-02
2.827329e+02	1.088210e-02
2.829628e+02	1.088360e-02
2.831916e+02	1.087970e-02
2.834194e+02	1.088110e-02
2.836523e+02	1.088240e-02
2.838775e+02	1.088060e-02
2.841050e+02	1.088080e-02
2.843351e+02	1.088020e-02
2.845623e+02	1.087780e-02
2.847913e+02	1.087940e-02
2.850213e+02	1.087820e-02
2.852503e+02	1.087940e-02
2.854789e+02	1.087950e-02
2.857045e+02	1.087870e-02
2.859319e+02	1.088000e-02
2.861622e+02	1.087970e-02
2.863904e+02	1.087880e-02
2.866183e+02	1.087980e-02
2.868452e+02	1.087510e-02
2.870700e+02	1.087700e-02
2.872948e+02	1.087630e-02
2.875227e+02	1.087370e-02
2.877503e+02	1.087380e-02
2.879749e+02	1.087450e-02
2.882411e+02	1.087230e-02
2.884673e+02	1.087260e-02
2.886921e+02	1.087370e-02
2.889164e+02	1.087170e-02
2.891449e+02	1.087370e-02
2.893711e+02	1.087300e-02
2.895974e+02	1.087630e-02
2.898239e+02	1.087220e-02
2.900498e+02	1.087240e-02
2.902764e+02	1.087430e-02
2.905028e+02	1.087260e-02
2.907291e+02	1.087260e-02
2.909552e+02	1.087170e-02
2.911815e+02	1.087490e-02
2.914081e+02	1.087340e-02
2.916362e+02	1.087160e-02
2.918630e+02	1.087190e-02
2.920877e+02	1.087300e-02
2.923206e+02	1.087210e-02
2.925451e+02	1.087030e-02
2.927714e+02	1.087120e-02
2.929983e+02	1.087210e-02
2.932251e+02	1.087020e-02
2.934531e+02	1.086990e-02
2.936780e+02	1.087050e-02
2.939051e+02	1.087180e-02
2.941323e+02	1.087010e-02
2.943631e+02	1.087140e-02
2.945874e+02	1.086910e-02
2.948138e+02	1.087030e-02
2.950400e+02	1.086840e-02
2.952662e+02	1.086900e-02
2.954924e+02	1.086900e-02
2.957189e+02	1.086780e-02
2.959473e+02	1.086910e-02
2.961738e+02	1.086780e-02
2.963984e+02	1.086450e-02
2.966231e+02	1.086310e-02
2.968498e+02	1.086450e-02
2.970765e+02	1.086340e-02
2.973030e+02	1.086410e-02
2.975295e+02	1.086780e-02
2.977563e+02	1.086340e-02
2.979830e+02	1.086360e-02
2.982114e+02	1.086160e-02
2.984412e+02	1.086360e-02
2.986675e+02	1.086260e-02
2.988942e+02	1.086510e-02
2.991203e+02	1.086240e-02
2.993466e+02	1.085890e-02
2.995712e+02	1.086030e-02
2.997958e+02	1.085820e-02
3.000202e+02	1.085980e-02
3.002470e+02	1.085790e-02
3.004740e+02	1.085820e-02
3.006986e+02	1.085760e-02
3.009252e+02	1.085860e-02
3.011509e+02	1.085880e-02
3.013796e+02	1.085480e-02
3.016058e+02	1.085600e-02
3.018321e+02	1.085530e-02
3.020583e+02	1.085410e-02
3.022848e+02	1.085560e-02
3.025122e+02	1.085450e-02
3.027392e+02	1.085510e-02
3.029660e+02	1.085590e-02
3.031922e+02	1.085760e-02
3.034581e+02	1.085710e-02
3.036845e+02	1.085810e-02
3.039109e+02	1.085630e-02
3.041374e+02	1.085520e-02
3.043635e+02	1.085320e-02
3.045901e+02	1.085270e-02
3.048168e+02	1.085260e-02
3.050433e+02	1.085270e-02
3.052697e+02	1.085440e-02
3.054986e+02	1.085080e-02
3.057234e+02	1.085180e-02
3.059521e+02	1.085150e-02
3.061785e+02	1.084990e-02
3.064050e+02	1.085010e-02
3.066313e+02	1.085200e-02
3.068601e+02	1.084860e-02
3.070864e+02	1.084980e-02
3.073144e+02	1.085080e-02
3.075410e+02	1.085070e-02
3.077674e+02	1.084990e-02
3.079943e+02	1.085360e-02
3.082208e+02	1.085110e-02
3.084500e+02	1.085010e-02
3.086746e+02	1.084820e-02
3.089031e+02	1.084910e-02
3.091278e+02	1.084830e-02
3.093544e+02	1.084930e-02
3.095809e+02	1.084970e-02
3.098073e+02	1.085060e-02
3.100383e+02	1.084810e-02
3.102649e+02	1.084390e-02
3.104959e+02	1.084650e-02
3.107203e+02	1.084740e-02
3.109472e+02	1.084650e-02
3.111737e+02	1.084760e-02
3.114010e+02	1.084920e-02
3.116274e+02	1.085000e-02
3.118542e+02	1.084870e-02
3.120784e+02	1.084640e-02
3.123029e+02	1.084690e-02
3.125292e+02	1.084320e-02
3.127559e+02	1.084660e-02
3.129825e+02	1.084410e-02
3.132088e+02	1.084490e-02
3.134347e+02	1.084750e-02
3.136611e+02	1.084580e-02
3.138877e+02	1.084490e-02
3.141141e+02	1.084530e-02
3.143403e+02	1.084640e-02
3.145647e+02	1.084580e-02
3.147910e+02	1.084380e-02
3.150177e+02	1.084420e-02
3.152436e+02	1.084460e-02
3.154693e+02	1.084670e-02
3.157003e+02	1.084400e-02
3.159299e+02	1.084590e-02
3.161581e+02	1.084800e-02
3.163834e+02	1.084810e-02
3.166138e+02	1.084660e-02
3.168385e+02	1.084650e-02
3.170670e+02	1.084500e-02
3.172939e+02	1.084390e-02
3.175181e+02	1.084330e-02
3.177443e+02	1.084250e-02
3.179711e+02	1.084440e-02
3.181980e+02	1.084340e-02
3.184249e+02	1.084250e-02
3.186914e+02	1.084290e-02
3.189181e+02	1.084150e-02
3.191451e+02	1.084440e-02
3.193713e+02	1.084190e-02
3.195977e+02	1.084400e-02
3.198243e+02	1.084490e-02
3.200507e+02	1.084320e-02
3.202827e+02	1.084310e-02
3.205083e+02	1.084030e-02
3.207434e+02	1.084150e-02
3.209699e+02	1.084110e-02
3.211962e+02	1.084110e-02
3.214227e+02	1.084130e-02
3.216499e+02	1.084070e-02
3.218767e+02	1.084160e-02
3.221043e+02	1.084280e-02
3.223291e+02	1.084270e-02
3.225561e+02	1.084220e-02
3.227892e+02	1.084130e-02
3.230137e+02	1.084210e-02
3.232381e+02	1.084430e-02
3.234646e+02	1.084060e-02
3.236912e+02	1.083930e-02
3.239174e+02	1.083760e-02
3.241440e+02	1.083890e-02
3.243703e+02	1.083810e-02
3.245982e+02	1.083830e-02
3.248250e+02	1.084040e-02
3.250515e+02	1.083960e-02
3.252893e+02	1.083750e-02
3.255117e+02	1.083820e-02
3.257383e+02	1.083740e-02
3.259625e+02	1.083730e-02
3.261892e+02	1.083670e-02
3.264154e+02	1.083620e-02
3.266399e+02	1.083740e-02
3.268663e+02	1.083610e-02
3.270930e+02	1.083400e-02
3.273197e+02	1.083420e-02
3.275462e+02	1.083340e-02
3.277690e+02	1.083410e-02
3.279960e+02	1.083270e-02
3.282223e+02	1.083330e-02
3.284486e+02	1.083340e-02
3.286751e+02	1.083300e-02
3.289015e+02	1.083270e-02
3.291304e+02	1.083170e-02
3.293552e+02	1.083280e-02
3.295818e+02	1.083260e-02
3.298079e+02	1.083170e-02
3.300346e+02	1.083390e-02
3.302637e+02	1.083240e-02
3.304899e+02	1.083360e-02
3.307179e+02	1.083180e-02
3.309421e+02	1.083060e-02
3.311665e+02	1.083330e-02
3.313933e+02	1.083350e-02
3.316202e+02	1.083400e-02
3.318468e+02	1.083400e-02
3.320739e+02	1.083470e-02
3.323027e+02	1.083330e-02
3.325291e+02	1.083430e-02
3.327553e+02	1.083450e-02
3.329818e+02	1.083480e-02
3.332083e+02	1.083590e-02
3.334326e+02	1.083230e-02
3.336565e+02	1.083570e-02
3.339253e+02	1.083160e-02
3.341518e+02	1.083010e-02
3.343782e+02	1.083540e-02
3.346066e+02	1.083290e-02
3.348331e+02	1.083530e-02
3.350593e+02	1.083180e-02
3.352908e+02	1.083030e-02
3.355142e+02	1.083180e-02
3.357449e+02	1.083170e-02
3.359692e+02	1.083090e-02
3.361954e+02	1.083190e-02
3.364220e+02	1.083130e-02
3.366486e+02	1.083140e-02
3.368753e+02	1.082700e-02
3.371010e+02	1.083030e-02
3.373277e+02	1.082840e-02
3.375546e+02	1.082960e-02
3.377900e+02	1.082980e-02
3.380160e+02	1.083180e-02
3.382421e+02	1.083020e-02
3.384683e+02	1.082950e-02
3.386946e+02	1.083030e-02
3.389207e+02	1.082620e-02
3.391516e+02	1.082890e-02
3.393768e+02	1.082610e-02
3.396032e+02	1.082790e-02
3.398295e+02	1.082760e-02
3.400561e+02	1.082730e-02
3.402824e+02	1.082540e-02
3.405132e+02	1.082620e-02
3.407378e+02	1.082530e-02
3.409642e+02	1.082480e-02
3.411923e+02	1.082370e-02
3.414188e+02	1.082750e-02
3.416432e+02	1.082230e-02
3.418680e+02	1.082560e-02
3.420944e+02	1.082220e-02
3.423210e+02	1.082270e-02
3.425476e+02	1.082870e-02
3.427762e+02	1.082270e-02
3.430051e+02	1.082740e-02
3.432324e+02	1.082580e-02
3.434592e+02	1.082730e-02
3.436863e+02	1.082700e-02
3.439126e+02	1.082570e-02
3.441401e+02	1.082790e-02
3.443663e+02	1.082950e-02
3.445931e+02	1.082820e-02
3.448197e+02	1.082600e-02
3.450461e+02	1.082680e-02
3.452723e+02	1.082690e-02
3.454990e+02	1.082690e-02
3.457252e+02	1.082720e-02
3.459517e+02	1.082500e-02
3.461805e+02	1.082370e-02
3.464074e+02	1.082280e-02
3.466359e+02	1.082460e-02
3.468602e+02	1.082410e-02
3.470871e+02	1.082460e-02
3.473115e+02	1.082140e-02
3.475380e+02	1.081960e-02
3.477642e+02	1.081840e-02
3.479949e+02	1.081970e-02
3.482216e+02	1.081860e-02
3.484480e+02	1.081770e-02
3.486772e+02	1.081970e-02
3.489064e+02	1.082110e-02
3.491732e+02	1.082070e-02
3.493994e+02	1.081940e-02
3.496282e+02	1.082010e-02
3.498524e+02	1.081830e-02
3.500771e+02	1.081770e-02
3.503041e+02	1.081730e-02
3.505416e+02	1.081820e-02
3.507642e+02	1.081750e-02
3.509909e+02	1.081970e-02
3.512173e+02	1.082040e-02
3.514460e+02	1.081930e-02
3.516725e+02	1.081890e-02
3.518991e+02	1.082040e-02
3.521256e+02	1.081720e-02
3.523543e+02	1.081550e-02
3.525804e+02	1.081430e-02
3.528092e+02	1.081640e-02
3.530395e+02	1.081780e-02
3.532617e+02	1.081520e-02
3.534876e+02	1.081550e-02
3.537139e+02	1.081460e-02
3.539424e+02	1.081540e-02
3.541705e+02	1.081710e-02
3.543967e+02	1.081790e-02
3.546232e+02	1.081720e-02
3.548492e+02	1.081710e-02
3.550755e+02	1.081890e-02
3.553018e+02	1.081700e-02
3.555391e+02	1.081770e-02
3.557645e+02	1.081780e-02
3.559927e+02	1.081540e-02
3.562192e+02	1.081470e-02
3.564516e+02	1.081660e-02
3.566804e+02	1.081780e-02
3.569073e+02	1.081740e-02
3.571333e+02	1.081330e-02
3.573601e+02	1.081390e-02
3.575882e+02	1.081230e-02
3.578147e+02	1.081060e-02
3.580412e+02	1.081200e-02
3.582681e+02	1.081300e-02
3.584943e+02	1.081200e-02
3.587210e+02	1.081140e-02
3.589473e+02	1.081540e-02
3.591737e+02	1.081390e-02
3.594006e+02	1.081540e-02
3.596263e+02	1.081540e-02
3.598532e+02	1.081510e-02
3.600793e+02	1.081280e-02
3.603060e+02	1.081210e-02
3.605336e+02	1.081020e-02
3.607606e+02	1.081360e-02
3.609872e+02	1.081230e-02
3.612139e+02	1.081460e-02
3.614402e+02	1.081320e-02
3.616797e+02	1.081180e-02
3.619044e+02	1.080900e-02
3.621323e+02	1.081080e-02
3.623586e+02	1.081090e-02
3.625882e+02	1.081240e-02
3.628151e+02	1.081240e-02
3.630416e+02	1.081260e-02
3.632769e+02	1.081140e-02
3.635013e+02	1.081140e-02
3.637280e+02	1.081030e-02
3.639546e+02	1.081160e-02
3.641812e+02	1.081250e-02
3.644461e+02	1.081290e-02
3.646742e+02	1.080970e-02
3.649010e+02	1.081130e-02
3.651275e+02	1.080880e-02
3.653539e+02	1.081360e-02
3.655850e+02	1.081100e-02
3.658115e+02	1.080900e-02
3.660382e+02	1.080960e-02
3.662648e+02	1.081180e-02
3.664930e+02	1.081190e-02
3.667218e+02	1.080880e-02
3.669502e+02	1.080920e-02
3.671786e+02	1.080730e-02
3.674057e+02	1.081110e-02
3.676329e+02	1.080730e-02
3.678592e+02	1.080690e-02
3.680882e+02	1.080540e-02
3.683162e+02	1.080570e-02
3.685444e+02	1.080650e-02
3.687750e+02	1.080500e-02
3.689993e+02	1.080510e-02
3.692261e+02	1.080660e-02
3.694526e+02	1.080580e-02
3.696793e+02	1.080600e-02
3.699060e+02	1.080800e-02
3.701323e+02	1.080680e-02
3.703588e+02	1.080580e-02
3.705873e+02	1.080420e-02
3.708143e+02	1.080550e-02
3.710409e+02	1.080140e-02
3.712693e+02	1.080640e-02
3.714977e+02	1.080910e-02
3.717286e+02	1.080850e-02
3.719528e+02	1.080490e-02
3.721793e+02	1.080680e-02
3.724037e+02	1.080900e-02
3.726304e+02	1.080660e-02
3.728571e+02	1.080720e-02
3.730839e+02	1.080440e-02
3.733059e+02	1.080720e-02
3.735323e+02	1.080860e-02
3.737585e+02	1.080760e-02
3.739851e+02	1.080910e-02
3.742111e+02	1.080880e-02
3.744372e+02	1.080740e-02
3.746633e+02	1.080950e-02
3.748895e+02	1.080690e-02
3.751161e+02	1.080880e-02
3.753426e+02	1.080730e-02
3.755693e+02	1.080500e-02
3.758024e+02	1.080480e-02
3.760265e+02	1.080210e-02
3.762537e+02	1.080380e-02
3.764815e+02	1.080320e-02
3.767125e+02	1.080270e-02
3.769371e+02	1.080160e-02
3.771657e+02	1.080410e-02
3.773920e+02	1.080220e-02
3.776190e+02	1.080400e-02
3.778453e+02	1.080540e-02
3.780720e+02	1.080470e-02
3.782992e+02	1.080400e-02
3.785262e+02	1.080450e-02
3.787528e+02	1.080490e-02
3.789794e+02	1.080490e-02
3.792062e+02	1.080190e-02
3.794326e+02	1.080320e-02
3.797226e+02	1.080640e-02
3.799455e+02	1.080260e-02
3.801700e+02	1.080160e-02
3.803962e+02	1.080110e-02
3.806242e+02	1.080200e-02
3.808528e+02	1.080190e-02
3.810811e+02	1.080190e-02
3.813114e+02	1.080650e-02
3.815396e+02	1.080340e-02
3.817689e+02	1.079930e-02
3.819954e+02	1.080040e-02
3.822221e+02	1.080100e-02
3.824490e+02	1.080110e-02
3.826969e+02	1.080060e-02
3.829215e+02	1.080270e-02
3.831543e+02	1.080210e-02
3.833828e+02	1.080070e-02
3.836110e+02	1.080170e-02
3.838381e+02	1.080380e-02
3.840644e+02	1.080160e-02
3.842912e+02	1.080150e-02
3.845197e+02	1.080050e-02
3.847460e+02	1.079950e-02
3.849727e+02	1.080040e-02
3.852005e+02	1.080040e-02
3.854280e+02	1.080160e-02
3.856542e+02	1.079920e-02
3.858835e+02	1.079880e-02
3.861118e+02	1.080050e-02
3.863374e+02	1.079800e-02
3.865661e+02	1.080010e-02
3.867925e+02	1.079850e-02
3.870212e+02	1.079960e-02
3.872496e+02	1.079780e-02
3.874782e+02	1.079720e-02
3.877051e+02	1.079960e-02
3.879345e+02	1.080010e-02
3.881648e+02	1.079750e-02
3.883893e+02	1.079970e-02
3.886158e+02	1.079890e-02
3.888423e+02	1.079630e-02
3.890703e+02	1.079720e-02
3.892972e+02	1.079670e-02
3.895256e+02	1.079560e-02
3.897522e+02	1.079790e-02
3.899802e+02	1.079730e-02
3.902070e+02	1.080160e-02
3.904392e+02	1.080260e-02
3.906622e+02	1.079830e-02
3.908889e+02	1.079580e-02
3.911152e+02	1.079750e-02
3.913438e+02	1.079830e-02
3.915708e+02	1.079840e-02
3.917969e+02	1.079830e-02
3.920238e+02	1.079890e-02
3.922503e+02	1.079700e-02
3.924761e+02	1.079800e-02
3.927033e+02	1.079420e-02
3.929337e+02	1.079390e-02
3.931581e+02	1.079410e-02
3.933841e+02	1.079500e-02
3.936107e+02	1.079690e-02
3.938373e+02	1.079670e-02
3.940640e+02	1.079600e-02
3.942909e+02	1.079740e-02
3.945174e+02	1.079830e-02
3.947822e+02	1.079490e-02
3.950091e+02	1.079890e-02
3.952360e+02	1.079700e-02
3.954752e+02	1.079700e-02
3.956982e+02	1.080260e-02
3.959270e+02	1.079600e-02
3.961536e+02	1.079760e-02
3.963799e+02	1.079510e-02
3.966056e+02	1.079480e-02
3.968323e+02	1.079770e-02
3.970591e+02	1.079630e-02
3.972878e+02	1.079670e-02
3.975127e+02	1.079780e-02
3.977412e+02	1.079600e-02
3.979757e+02	1.079470e-02
3.982012e+02	1.079460e-02
3.984300e+02	1.079590e-02
3.986545e+02	1.079620e-02
3.988811e+02	1.079300e-02
3.991078e+02	1.079090e-02
3.993343e+02	1.079420e-02
3.995622e+02	1.079340e-02
3.997891e+02	1.079360e-02
4.000155e+02	1.079190e-02
4.002441e+02	1.079140e-02
4.004689e+02	1.079300e-02
4.006951e+02	1.079340e-02
4.009216e+02	1.079090e-02
4.011484e+02	1.078960e-02
4.013751e+02	1.078920e-02
4.016033e+02	1.078980e-02
4.018301e+02	1.078690e-02
4.020586e+02	1.078630e-02
4.022878e+02	1.078660e-02
4.025156e+02	1.078670e-02
4.027422e+02	1.078660e-02
4.029700e+02	1.078530e-02
4.031970e+02	1.078650e-02
4.034282e+02	1.078670e-02
4.036512e+02	1.078600e-02
4.038778e+02	1.078460e-02
4.041046e+02	1.078870e-02
4.043378e+02	1.078270e-02
4.045621e+02	1.078660e-02
4.047882e+02	1.078340e-02
4.050145e+02	1.078160e-02
4.052413e+02	1.078180e-02
4.054692e+02	1.078270e-02
4.056957e+02	1.078330e-02
4.059222e+02	1.078070e-02
4.061489e+02	1.078390e-02
4.063752e+02	1.078780e-02
4.066015e+02	1.078520e-02
4.068303e+02	1.078760e-02
4.070587e+02	1.078430e-02
4.072863e+02	1.078340e-02
4.075130e+02	1.078800e-02
4.077399e+02	1.078750e-02
4.079679e+02	1.078750e-02
4.081942e+02	1.078590e-02
4.084210e+02	1.077700e-02
4.086493e+02	1.077930e-02
4.088758e+02	1.077810e-02
4.091046e+02	1.077480e-02
4.093312e+02	1.077500e-02
4.095602e+02	1.077530e-02
4.097869e+02	1.077720e-02
4.100551e+02	1.077890e-02
4.102830e+02	1.077750e-02
4.105115e+02	1.077960e-02
4.107406e+02	1.077780e-02
4.109691e+02	1.078190e-02
4.111979e+02	1.077970e-02
4.114252e+02	1.078030e-02
4.116535e+02	1.077680e-02
4.118792e+02	1.077920e-02
4.121061e+02	1.077850e-02
4.123350e+02	1.077990e-02
4.125653e+02	1.077930e-02
4.127937e+02	1.077800e-02
4.130206e+02	1.077680e-02
4.132481e+02	1.077990e-02
4.134740e+02	1.077760e-02
4.137007e+02	1.077820e-02
4.139272e+02	1.077750e-02
4.141532e+02	1.077990e-02
4.143800e+02	1.077960e-02
4.146070e+02	1.077860e-02
4.148332e+02	1.077810e-02
4.150600e+02	1.077940e-02
4.152861e+02	1.077590e-02
4.155151e+02	1.077750e-02
4.157437e+02	1.077460e-02
4.159780e+02	1.078050e-02
4.162019e+02	1.077730e-02
4.164300e+02	1.077590e-02
4.166562e+02	1.077780e-02
4.168843e+02	1.077810e-02
4.171120e+02	1.078010e-02
4.173409e+02	1.078060e-02
4.175694e+02	1.077900e-02
4.177981e+02	1.077820e-02
4.180244e+02	1.077770e-02
4.182529e+02	1.078070e-02
4.184814e+02	1.078260e-02
4.187097e+02	1.078320e-02
4.189364e+02	1.078390e-02
4.191631e+02	1.078540e-02
4.193898e+02	1.078420e-02
4.196187e+02	1.078180e-02
4.198454e+02	1.078100e-02
4.200748e+02	1.078250e-02
4.203012e+02	1.078020e-02
4.205303e+02	1.078070e-02
4.207588e+02	1.077600e-02
4.209918e+02	1.077760e-02
4.212171e+02	1.077640e-02
4.214431e+02	1.077650e-02
4.216700e+02	1.077660e-02
4.218970e+02	1.077440e-02
4.221270e+02	1.077460e-02
4.223551e+02	1.077300e-02
4.225839e+02	1.077660e-02
4.228113e+02	1.077460e-02
4.230421e+02	1.077830e-02
4.232668e+02	1.077750e-02
4.234974e+02	1.077440e-02
4.237262e+02	1.077410e-02
4.239546e+02	1.077340e-02
4.241831e+02	1.077090e-02
4.244134e+02	1.077390e-02
4.246384e+02	1.077580e-02
4.248652e+02	1.077390e-02
4.251313e+02	1.077100e-02
4.253580e+02	1.077480e-02
4.255842e+02	1.076910e-02
4.258103e+02	1.077120e-02
4.260394e+02	1.077770e-02
4.262681e+02	1.078660e-02
4.264966e+02	1.078140e-02
4.267231e+02	1.077770e-02
4.269512e+02	1.077810e-02
4.271774e+02	1.077990e-02
4.274062e+02	1.077890e-02
4.276347e+02	1.078070e-02
4.278632e+02	1.078070e-02
4.280923e+02	1.077910e-02
4.283188e+02	1.077770e-02
4.285473e+02	1.077800e-02
4.287753e+02	1.077980e-02
4.290041e+02	1.077710e-02
4.292306e+02	1.077800e-02
4.294572e+02	1.077770e-02
4.296857e+02	1.077330e-02
4.299141e+02	1.077630e-02
4.301430e+02	1.077830e-02
4.303695e+02	1.077480e-02
4.305963e+02	1.077390e-02
4.308227e+02	1.077230e-02
4.310491e+02	1.077520e-02
4.312753e+02	1.077530e-02
4.315017e+02	1.077580e-02
4.317273e+02	1.077450e-02
4.319558e+02	1.077520e-02
4.321841e+02	1.077700e-02
4.324124e+02	1.077580e-02
4.326372e+02	1.077690e-02
4.328638e+02	1.077360e-02
4.330903e+02	1.077700e-02
4.333171e+02	1.077810e-02
4.335460e+02	1.077980e-02
4.337677e+02	1.077930e-02
4.339940e+02	1.077880e-02
4.342202e+02	1.077830e-02
4.344473e+02	1.078080e-02
4.346763e+02	1.078060e-02
4.349031e+02	1.077920e-02
4.351313e+02	1.078060e-02
4.353597e+02	1.078300e-02
4.355862e+02	1.078110e-02
4.358129e+02	1.077700e-02
4.360399e+02	1.078060e-02
4.362808e+02	1.078000e-02
4.365050e+02	1.078100e-02
4.367334e+02	1.078030e-02
4.369601e+02	1.077850e-02
4.371882e+02	1.077760e-02
4.374146e+02	1.077890e-02
4.376433e+02	1.077960e-02
4.378694e+02	1.077860e-02
4.380958e+02	1.077710e-02
4.383250e+02	1.077810e-02
4.385533e+02	1.077730e-02
4.387836e+02	1.077320e-02
4.390101e+02	1.077480e-02
4.392389e+02	1.077430e-02
4.394671e+02	1.077590e-02
4.396957e+02	1.077490e-02
4.399217e+02	1.077300e-02
4.401503e+02	1.077750e-02
4.404188e+02	1.077630e-02
4.406472e+02	1.077260e-02
4.408758e+02	1.077600e-02
4.411042e+02	1.077120e-02
4.413329e+02	1.077490e-02
4.415596e+02	1.077160e-02
4.417904e+02	1.077170e-02
4.420150e+02	1.077510e-02
4.422413e+02	1.077350e-02
4.424681e+02	1.077110e-02
4.426975e+02	1.077360e-02
4.429243e+02	1.077430e-02
4.431511e+02	1.077240e-02
4.433772e+02	1.077410e-02
4.436092e+02	1.077390e-02
4.438378e+02	1.077310e-02
4.440643e+02	1.077250e-02
4.442971e+02	1.077290e-02
4.445292e+02	1.077150e-02
4.447531e+02	1.077220e-02
4.450007e+02	1.077230e-02
4.452252e+02	1.077160e-02
4.454517e+02	1.077070e-02
4.456790e+02	1.077050e-02
4.459059e+02	1.077060e-02
4.461409e+02	1.077150e-02
4.463651e+02	1.077050e-02
4.465937e+02	1.077130e-02
4.468224e+02	1.077330e-02
4.470511e+02	1.077200e-02
4.472773e+02	1.076940e-02
4.475056e+02	1.077370e-02
4.477320e+02	1.077200e-02
4.479583e+02	1.077440e-02
4.481854e+02	1.077230e-02
4.484142e+02	1.077680e-02
4.486447e+02	1.077570e-02
4.488733e+02	1.077520e-02
4.491022e+02	1.077530e-02
4.493291e+02	1.077570e-02
4.495582e+02	1.077920e-02
4.497843e+02	1.077200e-02
4.500104e+02	1.077700e-02
4.502348e+02	1.077520e-02
4.504613e+02	1.077640e-02
4.506880e+02	1.077660e-02
4.509143e+02	1.077820e-02
4.511418e+02	1.077930e-02
4.513681e+02	1.077440e-02
4.515943e+02	1.077340e-02
4.518206e+02	1.077430e-02
4.520463e+02	1.077360e-02
4.522729e+02	1.077320e-02
4.524995e+02	1.077330e-02
4.527260e+02	1.077240e-02
4.529527e+02	1.077400e-02
4.531795e+02	1.077230e-02
4.534061e+02	1.077340e-02
4.536361e+02	1.077310e-02
4.538658e+02	1.077450e-02
4.540921e+02	1.077240e-02
4.543202e+02	1.077500e-02
4.545464e+02	1.077540e-02
4.547726e+02	1.077560e-02
4.550184e+02	1.077270e-02
4.552451e+02	1.077410e-02
4.555132e+02	1.077300e-02
4.557402e+02	1.077420e-02
4.559667e+02	1.077420e-02
4.561933e+02	1.077440e-02
4.564194e+02	1.077590e-02
4.566461e+02	1.077570e-02
4.568730e+02	1.077430e-02
4.570993e+02	1.077430e-02
4.573255e+02	1.077560e-02
4.575544e+02	1.077550e-02
4.577811e+02	1.077730e-02
4.580082e+02	1.077500e-02
4.582345e+02	1.077560e-02
4.584609e+02	1.077560e-02
4.586888e+02	1.077470e-02
4.589153e+02	1.077450e-02
4.591437e+02	1.077530e-02
4.593701e+02	1.077780e-02
4.595969e+02	1.077600e-02
4.598232e+02	1.077640e-02
4.600521e+02	1.077490e-02
4.602803e+02	1.077270e-02
4.605092e+02	1.077100e-02
4.607363e+02	1.077360e-02
4.609633e+02	1.077370e-02
4.611895e+02	1.077090e-02
4.614161e+02	1.077140e-02
4.616493e+02	1.077300e-02
4.618719e+02	1.077080e-02
4.620984e+02	1.077530e-02
4.623253e+02	1.077270e-02
4.625522e+02	1.077290e-02
4.627804e+02	1.077300e-02
4.630087e+02	1.077140e-02
4.632352e+02	1.077090e-02
4.634638e+02	1.077160e-02
4.636906e+02	1.077380e-02
4.639173e+02	1.077440e-02
4.641454e+02	1.077350e-02
4.643721e+02	1.077480e-02
4.645984e+02	1.077540e-02
4.648249e+02	1.077320e-02
4.650513e+02	1.077230e-02
4.652778e+02	1.077320e-02
4.655048e+02	1.077270e-02
4.657313e+02	1.077130e-02
4.659596e+02	1.077490e-02
4.661866e+02	1.076850e-02
4.664139e+02	1.077180e-02
4.666402e+02	1.077150e-02
4.668667e+02	1.077270e-02
4.670933e+02	1.077250e-02
4.673195e+02	1.077530e-02
4.675461e+02	1.077410e-02
4.677727e+02	1.077410e-02
4.679992e+02	1.077470e-02
4.682255e+02	1.077400e-02
4.684527e+02	1.077440e-02
4.686812e+02	1.077390e-02
4.689080e+02	1.077330e-02
4.691348e+02	1.077080e-02
4.693614e+02	1.077350e-02
4.695889e+02	1.077110e-02
4.698157e+02	1.077120e-02
4.700423e+02	1.077120e-02
4.702689e+02	1.076930e-02
4.704954e+02	1.076930e-02
4.707603e+02	1.076990e-02
4.709888e+02	1.077050e-02
4.712156e+02	1.077030e-02
4.714422e+02	1.077280e-02
4.716688e+02	1.077100e-02
4.718952e+02	1.077250e-02
4.721221e+02	1.077160e-02
4.723483e+02	1.076940e-02
4.725770e+02	1.077140e-02
4.728041e+02	1.077300e-02
4.730344e+02	1.077520e-02
4.732605e+02	1.076920e-02
4.734870e+02	1.076840e-02
4.737161e+02	1.076680e-02
4.739420e+02	1.076890e-02
4.741703e+02	1.077060e-02
4.743987e+02	1.076800e-02
4.746266e+02	1.077010e-02
4.748552e+02	1.076730e-02
4.750863e+02	1.076840e-02
4.753125e+02	1.076360e-02
4.755369e+02	1.076320e-02
4.757633e+02	1.076960e-02
4.759911e+02	1.076580e-02
4.762174e+02	1.076440e-02
4.764441e+02	1.076380e-02
4.766703e+02	1.076710e-02
4.768971e+02	1.076360e-02
4.771215e+02	1.076190e-02
4.773481e+02	1.076040e-02
4.775764e+02	1.076150e-02
4.778023e+02	1.076300e-02
4.780298e+02	1.076610e-02
4.782564e+02	1.076180e-02
4.784848e+02	1.076600e-02
4.787111e+02	1.076450e-02
4.789370e+02	1.079070e-02
4.791633e+02	1.078700e-02
4.793896e+02	1.078700e-02
4.796188e+02	1.078350e-02
4.798457e+02	1.078140e-02
4.800721e+02	1.078080e-02
4.802961e+02	1.078120e-02
4.805245e+02	1.078450e-02
4.807544e+02	1.077940e-02
4.809791e+02	1.078040e-02
4.812051e+02	1.077830e-02
4.814317e+02	1.077890e-02
4.816606e+02	1.077910e-02
4.818894e+02	1.077480e-02
4.821151e+02	1.077630e-02
4.823431e+02	1.077520e-02
4.825714e+02	1.077580e-02
4.827982e+02	1.077530e-02
4.830267e+02	1.077270e-02
4.832532e+02	1.077240e-02
4.834814e+02	1.077160e-02
4.837083e+02	1.077050e-02
4.839377e+02	1.076760e-02
4.841642e+02	1.076810e-02
4.843934e+02	1.076780e-02
4.846245e+02	1.076870e-02
4.848491e+02	1.076860e-02
4.850754e+02	1.076790e-02
4.853022e+02	1.076850e-02
4.855283e+02	1.077180e-02
4.857548e+02	1.077130e-02
4.860212e+02	1.076410e-02
4.862475e+02	1.076730e-02
4.864741e+02	1.076600e-02
4.867004e+02	1.076640e-02
4.869291e+02	1.076460e-02
4.871554e+02	1.076900e-02
4.873819e+02	1.076780e-02
4.876104e+02	1.076510e-02
4.878405e+02	1.076540e-02
4.880692e+02	1.076800e-02
4.882977e+02	1.077030e-02
4.885262e+02	1.076570e-02
4.887545e+02	1.076610e-02
4.889834e+02	1.076640e-02
4.892082e+02	1.076820e-02
4.894347e+02	1.076580e-02
4.896634e+02	1.076430e-02
4.898923e+02	1.076880e-02
4.901211e+02	1.076430e-02
4.903479e+02	1.076910e-02
4.905752e+02	1.076670e-02
4.908016e+02	1.076980e-02
4.910282e+02	1.077400e-02
4.912546e+02	1.076920e-02
4.914811e+02	1.076990e-02
4.917077e+02	1.076810e-02
4.919345e+02	1.077050e-02
4.921611e+02	1.077010e-02
4.923897e+02	1.076890e-02
4.926145e+02	1.076700e-02
4.928442e+02	1.076590e-02
4.930711e+02	1.076650e-02
4.932973e+02	1.076880e-02
4.935242e+02	1.076760e-02
4.937514e+02	1.076780e-02
4.939762e+02	1.076430e-02
4.942042e+02	1.076490e-02
4.944327e+02	1.076460e-02
4.946616e+02	1.076660e-02
4.948953e+02	1.076960e-02
4.951193e+02	1.076640e-02
4.953454e+02	1.076460e-02
4.955732e+02	1.076810e-02
4.958016e+02	1.076660e-02
4.960286e+02	1.076500e-02
4.962552e+02	1.076790e-02
4.964822e+02	1.076780e-02
4.967088e+02	1.076710e-02
4.969351e+02	1.076790e-02
4.971615e+02	1.076430e-02
4.973942e+02	1.076450e-02
4.976188e+02	1.076230e-02
4.978452e+02	1.076690e-02
4.980736e+02	1.076790e-02
4.983003e+02	1.076570e-02
4.985270e+02	1.076590e-02
4.987542e+02	1.077000e-02
4.989808e+02	1.076840e-02
4.992080e+02	1.076790e-02
4.994368e+02	1.076780e-02
4.996653e+02	1.076660e-02
4.998943e+02	1.076830e-02
5.001232e+02	1.076680e-02
5.003516e+02	1.077010e-02
5.005783e+02	1.076580e-02
5.008071e+02	1.076590e-02
5.010355e+02	1.076360e-02
5.013002e+02	1.076330e-02
5.015268e+02	1.076410e-02
5.017532e+02	1.076220e-02
5.019795e+02	1.076180e-02
5.022061e+02	1.076290e-02
5.024328e+02	1.076420e-02
5.026587e+02	1.076150e-02
5.028853e+02	1.076260e-02
5.031122e+02	1.076240e-02
5.033411e+02	1.076140e-02
5.035677e+02	1.076200e-02
5.037939e+02	1.076020e-02
5.040202e+02	1.075750e-02
5.042462e+02	1.075900e-02
5.044722e+02	1.076150e-02
5.046991e+02	1.075900e-02
5.049260e+02	1.076080e-02
5.051545e+02	1.076000e-02
5.053803e+02	1.075750e-02
5.056070e+02	1.076020e-02
5.058363e+02	1.076030e-02
5.060650e+02	1.076090e-02
5.062922e+02	1.075800e-02
5.065189e+02	1.075870e-02
5.067452e+02	1.075680e-02
5.069752e+02	1.075600e-02
5.072018e+02	1.075680e-02
5.074283e+02	1.075790e-02
5.076548e+02	1.075890e-02
5.078831e+02	1.075870e-02
5.081110e+02	1.075770e-02
5.083394e+02	1.075840e-02
5.085680e+02	1.075580e-02
5.087964e+02	1.075820e-02
5.090252e+02	1.075970e-02
5.092535e+02	1.076010e-02
5.094821e+02	1.075670e-02
5.097105e+02	1.075540e-02
5.099393e+02	1.075560e-02
5.101657e+02	1.075780e-02
5.104008e+02	1.076020e-02
5.106257e+02	1.075960e-02
5.108522e+02	1.075810e-02
5.110787e+02	1.075800e-02
5.113052e+02	1.075610e-02
5.115320e+02	1.074820e-02
5.117607e+02	1.075270e-02
5.119872e+02	1.075200e-02
5.122141e+02	1.075360e-02
5.124426e+02	1.075520e-02
5.126706e+02	1.075760e-02
5.128991e+02	1.075450e-02
5.131275e+02	1.075740e-02
5.133543e+02	1.075460e-02
5.135811e+02	1.075420e-02
5.138073e+02	1.075480e-02
5.140341e+02	1.075770e-02
5.142625e+02	1.075400e-02
5.144908e+02	1.075630e-02
5.147191e+02	1.075390e-02
5.149457e+02	1.075490e-02
5.151721e+02	1.075570e-02
5.154005e+02	1.075330e-02
5.156307e+02	1.075280e-02
5.158592e+02	1.075230e-02
5.160859e+02	1.075520e-02
5.163124e+02	1.075400e-02
5.165783e+02	1.075290e-02
5.168050e+02	1.075290e-02
5.170400e+02	1.075190e-02
5.172645e+02	1.075070e-02
5.174931e+02	1.075250e-02
5.177238e+02	1.075150e-02
5.179465e+02	1.075220e-02
5.181732e+02	1.075120e-02
5.184020e+02	1.075070e-02
5.186311e+02	1.074970e-02
5.188577e+02	1.075220e-02
5.190857e+02	1.074890e-02
5.193124e+02	1.074860e-02
5.195402e+02	1.074860e-02
5.197691e+02	1.075070e-02
5.199974e+02	1.075100e-02
5.202260e+02	1.075170e-02
5.204529e+02	1.075390e-02
5.206795e+02	1.075530e-02
5.209060e+02	1.075430e-02
5.211331e+02	1.075370e-02
5.213595e+02	1.075400e-02
5.215883e+02	1.075330e-02
5.218147e+02	1.075090e-02
5.220437e+02	1.075170e-02
5.222698e+02	1.075290e-02
5.224961e+02	1.075120e-02
5.227289e+02	1.075140e-02
5.229528e+02	1.075260e-02
5.231812e+02	1.075130e-02
5.234103e+02	1.075240e-02
5.236381e+02	1.074880e-02
5.238648e+02	1.075060e-02
5.240933e+02	1.075050e-02
5.243203e+02	1.075040e-02
5.245491e+02	1.075030e-02
5.247738e+02	1.075480e-02
5.250024e+02	1.075410e-02
5.252306e+02	1.075520e-02
5.254568e+02	1.075590e-02
5.256832e+02	1.075420e-02
5.259097e+02	1.075290e-02
5.261384e+02	1.075400e-02
5.263643e+02	1.075030e-02
5.265907e+02	1.075000e-02
5.268197e+02	1.075130e-02
5.270500e+02	1.075510e-02
5.272744e+02	1.075220e-02
5.275009e+02	1.075340e-02
5.277271e+02	1.075240e-02
5.279536e+02	1.075350e-02
5.281803e+02	1.075310e-02
5.284112e+02	1.075260e-02
5.286347e+02	1.074960e-02
5.288635e+02	1.074930e-02
5.290923e+02	1.075270e-02
5.293203e+02	1.075030e-02
5.295466e+02	1.075110e-02
5.297732e+02	1.074990e-02
5.300023e+02	1.075140e-02
5.302310e+02	1.075220e-02
5.304614e+02	1.075060e-02
5.306859e+02	1.075080e-02
5.309132e+02	1.074860e-02
5.311398e+02	1.074930e-02
5.313662e+02	1.075150e-02
5.315928e+02	1.075100e-02
5.318617e+02	1.075120e-02
5.320883e+02	1.075130e-02
5.323169e+02	1.074890e-02
5.325433e+02	1.075170e-02
5.327702e+02	1.074980e-02
5.329960e+02	1.075130e-02
5.332250e+02	1.074990e-02
5.334521e+02	1.074760e-02
5.336805e+02	1.074800e-02
5.339203e+02	1.074810e-02
5.341453e+02	1.074970e-02
5.343722e+02	1.075060e-02
5.345986e+02	1.075060e-02
5.348253e+02	1.075090e-02
5.350518e+02	1.075060e-02
5.352780e+02	1.075090e-02
5.355043e+02	1.075270e-02
5.357322e+02	1.075050e-02
5.359585e+02	1.074900e-02
5.361854e+02	1.075140e-02
5.364142e+02	1.075040e-02
5.366426e+02	1.074760e-02
5.368715e+02	1.074900e-02
5.371001e+02	1.074910e-02
5.373285e+02	1.074400e-02
5.375552e+02	1.074600e-02
5.377821e+02	1.074370e-02
5.380086e+02	1.074640e-02
5.382367e+02	1.074890e-02
5.384632e+02	1.074760e-02
5.386922e+02	1.074790e-02
5.389223e+02	1.074670e-02
5.391489e+02	1.074510e-02
5.393771e+02	1.074500e-02
5.396035e+02	1.074110e-02
5.398323e+02	1.074000e-02
5.400605e+02	1.074210e-02
5.402888e+02	1.074380e-02
5.405162e+02	1.074240e-02
5.407455e+02	1.074310e-02
5.409721e+02	1.074170e-02
5.411988e+02	1.074140e-02
5.414261e+02	1.074420e-02
5.416526e+02	1.074100e-02
5.418793e+02	1.074170e-02
5.421089e+02	1.074270e-02
5.423352e+02	1.074010e-02
5.425642e+02	1.074070e-02
5.427931e+02	1.074330e-02
5.430214e+02	1.074600e-02
5.432479e+02	1.074540e-02
5.434763e+02	1.074550e-02
5.437022e+02	1.074550e-02
5.439285e+02	1.074510e-02
5.441573e+02	1.074370e-02
5.443840e+02	1.074480e-02
5.446131e+02	1.074430e-02
5.448402e+02	1.074530e-02
5.450670e+02	1.074440e-02
5.452941e+02	1.074570e-02
5.455226e+02	1.074500e-02
5.457512e+02	1.074370e-02
5.459797e+02	1.074320e-02
5.462065e+02	1.074240e-02
5.464387e+02	1.074050e-02
5.466631e+02	1.074510e-02
5.469322e+02	1.074490e-02
5.471589e+02	1.074290e-02
5.473877e+02	1.074410e-02
5.476164e+02	1.074310e-02
5.478451e+02	1.074010e-02
5.480737e+02	1.074140e-02
5.483018e+02	1.074200e-02
5.485323e+02	1.074280e-02
5.487567e+02	1.074190e-02
5.489854e+02	1.074350e-02
5.492133e+02	1.074530e-02
5.494400e+02	1.074530e-02
5.496664e+02	1.074300e-02
5.498952e+02	1.074010e-02
5.501199e+02	1.074190e-02
5.503485e+02	1.074220e-02
5.505775e+02	1.074170e-02
5.508059e+02	1.074210e-02
5.510344e+02	1.074230e-02
5.512630e+02	1.074270e-02
5.514912e+02	1.074050e-02
5.517198e+02	1.074260e-02
5.519464e+02	1.074310e-02
5.521757e+02	1.074200e-02
5.524163e+02	1.074400e-02
5.526410e+02	1.074400e-02
5.528677e+02	1.073990e-02
5.530943e+02	1.074280e-02
5.533294e+02	1.073820e-02
5.535541e+02	1.074050e-02
5.537819e+02	1.074180e-02
5.540146e+02	1.074040e-02
5.542387e+02	1.074460e-02
5.544672e+02	1.074200e-02
5.546941e+02	1.073800e-02
5.549207e+02	1.073760e-02
5.551472e+02	1.074170e-02
5.553733e+02	1.074440e-02
5.556017e+02	1.073780e-02
5.558263e+02	1.074010e-02
5.560527e+02	1.074210e-02
5.562816e+02	1.074060e-02
5.565081e+02	1.074410e-02
5.567364e+02	1.074020e-02
5.569652e+02	1.074140e-02
5.571937e+02	1.074090e-02
5.574222e+02	1.073830e-02
5.576503e+02	1.073800e-02
5.578785e+02	1.074270e-02
5.581073e+02	1.074350e-02
5.583358e+02	1.074330e-02
5.585626e+02	1.073940e-02
5.587910e+02	1.073820e-02
5.590251e+02	1.073550e-02
5.592536e+02	1.073750e-02
5.594820e+02	1.073960e-02
5.597106e+02	1.073730e-02
5.599312e+02	1.073600e-02
5.601573e+02	1.074010e-02
5.603842e+02	1.073530e-02
5.606131e+02	1.073860e-02
5.608393e+02	1.073740e-02
5.610659e+02	1.073620e-02
5.612968e+02	1.073790e-02
5.615213e+02	1.073510e-02
5.617497e+02	1.073650e-02
5.620188e+02	1.073560e-02
5.622454e+02	1.073740e-02
5.624717e+02	1.074110e-02
5.626993e+02	1.073760e-02
5.629276e+02	1.073560e-02
5.631541e+02	1.073390e-02
5.633820e+02	1.073570e-02
5.636106e+02	1.073420e-02
5.638365e+02	1.073660e-02
5.640632e+02	1.073490e-02
5.642922e+02	1.073230e-02
5.645211e+02	1.073230e-02
5.647496e+02	1.073460e-02
5.649763e+02	1.073440e-02
5.652023e+02	1.073400e-02
5.654287e+02	1.073620e-02
5.656572e+02	1.073530e-02
5.658860e+02	1.073740e-02
5.661146e+02	1.073440e-02
5.663423e+02	1.073480e-02
5.665726e+02	1.073720e-02
5.667993e+02	1.073530e-02
5.670280e+02	1.073450e-02
5.672565e+02	1.073240e-02
5.674854e+02	1.073480e-02
5.677142e+02	1.073420e-02
5.679447e+02	1.073780e-02
5.681691e+02	1.073590e-02
5.683974e+02	1.073390e-02
5.686261e+02	1.073490e-02
5.688540e+02	1.073370e-02
5.690827e+02	1.073610e-02
5.693113e+02	1.074040e-02
5.695420e+02	1.073820e-02
5.697661e+02	1.073640e-02
5.699945e+02	1.073630e-02
5.702231e+02	1.073520e-02
5.704531e+02	1.073710e-02
5.706816e+02	1.073500e-02
5.709103e+02	1.073690e-02
5.711370e+02	1.073940e-02
5.713678e+02	1.073540e-02
5.715962e+02	1.073500e-02
5.718230e+02	1.073580e-02
5.720515e+02	1.073620e-02
5.722817e+02	1.073520e-02
5.725112e+02	1.073290e-02
5.727437e+02	1.073190e-02
5.729873e+02	1.073200e-02
5.732122e+02	1.072990e-02
5.734427e+02	1.073170e-02
5.736745e+02	1.073230e-02
5.738986e+02	1.073370e-02
5.741488e+02	1.073570e-02
5.743740e+02	1.073590e-02
5.746099e+02	1.073650e-02
5.748337e+02	1.073600e-02
5.750636e+02	1.073550e-02
5.753039e+02	1.073740e-02
5.755284e+02	1.073680e-02
5.757584e+02	1.073490e-02
5.759872e+02	1.073500e-02
5.762172e+02	1.073510e-02
5.764473e+02	1.073710e-02
5.766773e+02	1.073680e-02
5.769089e+02	1.073410e-02
5.771718e+02	1.073390e-02
5.774031e+02	1.073330e-02
5.776419e+02	1.073510e-02
5.778649e+02	1.073200e-02
5.780936e+02	1.073730e-02
5.783232e+02	1.073400e-02
5.785543e+02	1.072800e-02
5.787797e+02	1.072900e-02
5.790096e+02	1.073010e-02
5.792406e+02	1.072760e-02
5.794679e+02	1.073410e-02
5.796973e+02	1.073290e-02
5.799296e+02	1.073540e-02
5.801549e+02	1.073580e-02
5.803843e+02	1.073520e-02
5.806146e+02	1.073440e-02
5.808428e+02	1.073110e-02
5.810714e+02	1.073180e-02
5.813023e+02	1.073030e-02
5.815363e+02	1.072870e-02
5.817586e+02	1.072800e-02
5.819875e+02	1.073330e-02
5.822184e+02	1.072840e-02
5.824480e+02	1.072820e-02
5.826772e+02	1.072790e-02
5.829067e+02	1.072680e-02
5.831392e+02	1.072660e-02
5.833624e+02	1.072850e-02
5.835875e+02	1.073080e-02
5.838156e+02	1.073370e-02
5.840473e+02	1.073160e-02
5.842770e+02	1.072890e-02
5.845468e+02	1.072380e-02
5.847722e+02	1.072410e-02
5.850015e+02	1.072100e-02
5.852277e+02	1.072430e-02
5.854569e+02	1.073260e-02
5.856840e+02	1.073070e-02
5.859126e+02	1.073450e-02
5.861422e+02	1.073480e-02
5.863734e+02	1.073170e-02
5.865989e+02	1.073340e-02
5.868281e+02	1.073410e-02
5.870582e+02	1.073540e-02
5.872838e+02	1.073250e-02
5.875142e+02	1.073530e-02
5.877551e+02	1.073240e-02
5.879794e+02	1.073140e-02
5.882084e+02	1.073350e-02
5.884397e+02	1.073200e-02
5.886831e+02	1.073270e-02
5.889064e+02	1.073270e-02
5.891361e+02	1.073040e-02
5.893661e+02	1.073220e-02
5.895980e+02	1.072960e-02
5.898299e+02	1.073030e-02
5.900533e+02	1.073410e-02
5.902846e+02	1.072970e-02
5.905206e+02	1.072790e-02
5.907459e+02	1.072980e-02
5.909764e+02	1.072760e-02
5.912063e+02	1.072560e-02
5.914367e+02	1.072670e-02
5.916655e+02	1.072920e-02
5.919004e+02	1.072960e-02
5.921251e+02	1.072810e-02
5.923964e+02	1.072700e-02
5.926207e+02	1.072740e-02
5.928525e+02	1.072680e-02
5.930762e+02	1.072830e-02
5.933046e+02	1.072780e-02
5.935364e+02	1.072910e-02
5.937805e+02	1.072890e-02
5.940036e+02	1.073010e-02
5.942358e+02	1.072770e-02
5.944594e+02	1.072970e-02
5.946914e+02	1.072870e-02
5.949207e+02	1.072870e-02
5.951525e+02	1.072570e-02
5.953752e+02	1.072990e-02
5.956074e+02	1.072790e-02
5.958326e+02	1.072830e-02
5.960720e+02	1.073100e-02
5.962958e+02	1.073230e-02
5.965254e+02	1.073110e-02
5.967566e+02	1.073190e-02
5.969879e+02	1.073160e-02
5.972116e+02	1.073030e-02
5.974436e+02	1.073330e-02
5.976672e+02	1.073150e-02
5.978973e+02	1.072800e-02
5.981241e+02	1.073030e-02
5.983534e+02	1.073260e-02
5.985853e+02	1.073240e-02
5.988139e+02	1.073000e-02
5.990451e+02	1.073230e-02
5.992743e+02	1.073150e-02
5.995033e+02	1.072880e-02
5.997355e+02	1.073080e-02
5.999594e+02	1.072910e-02
6.001961e+02	1.072920e-02
6.004208e+02	1.073170e-02
6.006524e+02	1.073200e-02
6.008821e+02	1.073320e-02
6.011135e+02	1.073100e-02
6.013392e+02	1.073180e-02
6.015685e+02	1.073410e-02
6.017972e+02	1.073060e-02
6.020283e+02	1.073260e-02
6.022541e+02	1.073170e-02
6.024843e+02	1.073160e-02
6.027151e+02	1.073560e-02
6.029466e+02	1.073110e-02
6.031778e+02	1.073390e-02
6.034021e+02	1.073480e-02
6.036319e+02	1.073170e-02
6.038623e+02	1.073340e-02
6.040940e+02	1.073360e-02
6.043222e+02	1.073430e-02
6.045532e+02	1.073800e-02
6.047784e+02	1.073310e-02
6.050078e+02	1.073370e-02
6.052333e+02	1.073350e-02
6.054653e+02	1.073200e-02
6.056952e+02	1.073330e-02
6.059251e+02	1.073280e-02
6.061552e+02	1.073680e-02
6.063810e+02	1.073430e-02
6.066126e+02	1.073620e-02
6.068438e+02	1.073190e-02
6.070756e+02	1.073170e-02
6.072994e+02	1.073490e-02
6.075672e+02	1.073090e-02
6.077990e+02	1.073380e-02
6.080228e+02	1.073090e-02
6.082533e+02	1.073240e-02
6.084847e+02	1.073200e-02
6.087091e+02	1.072820e-02
6.089401e+02	1.073250e-02
6.091699e+02	1.073080e-02
6.094001e+02	1.073090e-02
6.096333e+02	1.073120e-02
6.098635e+02	1.073290e-02
6.100932e+02	1.072820e-02
6.103194e+02	1.073060e-02
6.105405e+02	1.072500e-02
6.107796e+02	1.072200e-02
6.110039e+02	1.072310e-02
6.112339e+02	1.072320e-02
6.114824e+02	1.072230e-02
6.117077e+02	1.072900e-02
6.119382e+02	1.072840e-02
6.121680e+02	1.073060e-02
6.123992e+02	1.073030e-02
6.126252e+02	1.073120e-02
6.128565e+02	1.072810e-02
6.130854e+02	1.072840e-02
6.133096e+02	1.072740e-02
6.135406e+02	1.072820e-02
6.137705e+02	1.072940e-02
6.139964e+02	1.073010e-02
6.142261e+02	1.072770e-02
6.144567e+02	1.072940e-02
6.146839e+02	1.072730e-02
6.149167e+02	1.072740e-02
6.151401e+02	1.072810e-02
6.153721e+02	1.072800e-02
6.156149e+02	1.072470e-02
6.158599e+02	1.072940e-02
6.160860e+02	1.073030e-02
6.163157e+02	1.073120e-02
6.165411e+02	1.072500e-02
6.167677e+02	1.072360e-02
6.169986e+02	1.072560e-02
6.172295e+02	1.072370e-02
6.174593e+02	1.072400e-02
6.176893e+02	1.072400e-02
6.179211e+02	1.072670e-02
6.181441e+02	1.072330e-02
6.183746e+02	1.072410e-02
6.186002e+02	1.072320e-02
6.188347e+02	1.072680e-02
6.190586e+02	1.072650e-02
6.192902e+02	1.072410e-02
6.195221e+02	1.072550e-02
6.197467e+02	1.072740e-02
6.199775e+02	1.072360e-02
6.202074e+02	1.072800e-02
6.204384e+02	1.072510e-02
6.206704e+02	1.072420e-02
6.208941e+02	1.072320e-02
6.211272e+02	1.072800e-02
6.213702e+02	1.072780e-02
6.215944e+02	1.072810e-02
6.218255e+02	1.072610e-02
6.220487e+02	1.072800e-02
6.222790e+02	1.072530e-02
6.225096e+02	1.073000e-02
6.227797e+02	1.072720e-02
6.230194e+02	1.072590e-02
6.232449e+02	1.072710e-02
6.234754e+02	1.072600e-02
6.237053e+02	1.072470e-02
6.239311e+02	1.072680e-02
6.241621e+02	1.072750e-02
6.243907e+02	1.072780e-02
6.246213e+02	1.072740e-02
6.248471e+02	1.073000e-02
6.250713e+02	1.073150e-02
6.253012e+02	1.072490e-02
6.255256e+02	1.072430e-02
6.257573e+02	1.072520e-02
6.259885e+02	1.072420e-02
6.262130e+02	1.072370e-02
6.264419e+02	1.072210e-02
6.266741e+02	1.072020e-02
6.268985e+02	1.072550e-02
6.271400e+02	1.072470e-02
6.273641e+02	1.072530e-02
6.275943e+02	1.072140e-02
6.278247e+02	1.072180e-02
6.280560e+02	1.072440e-02
6.282855e+02	1.072380e-02
6.285157e+02	1.071990e-02
6.287473e+02	1.072180e-02
6.289902e+02	1.072110e-02
6.292144e+02	1.072130e-02
6.294461e+02	1.072490e-02
6.296694e+02	1.072280e-02
6.299015e+02	1.072080e-02
6.301252e+02	1.071860e-02
6.303513e+02	1.072160e-02
6.305815e+02	1.072130e-02
6.308080e+02	1.072110e-02
6.310364e+02	1.072310e-02
6.312668e+02	1.072420e-02
6.314992e+02	1.072170e-02
6.317304e+02	1.072140e-02
6.319620e+02	1.072080e-02
6.321930e+02	1.072090e-02
6.324188e+02	1.072130e-02
6.326497e+02	1.071890e-02
6.328794e+02	1.071900e-02
6.331092e+02	1.072220e-02
6.333379e+02	1.072040e-02
6.335694e+02	1.072020e-02
6.337932e+02	1.072070e-02
6.340233e+02	1.072110e-02
6.342555e+02	1.072140e-02
6.344945e+02	1.072410e-02
6.347276e+02	1.072440e-02
6.349699e+02	1.072470e-02
6.351939e+02	1.072350e-02
6.354334e+02	1.072170e-02
6.356786e+02	1.072510e-02
6.359221e+02	1.072110e-02
6.361457e+02	1.071870e-02
6.363762e+02	1.072350e-02
6.366111e+02	1.072050e-02
6.368354e+02	1.072520e-02
6.370774e+02	1.072110e-02
6.373018e+02	1.072190e-02
6.375354e+02	1.072350e-02
6.377598e+02	1.072280e-02
6.380338e+02	1.072400e-02
6.382583e+02	1.072560e-02
6.384903e+02	1.072760e-02
6.387193e+02	1.072690e-02
6.389547e+02	1.072390e-02
6.391776e+02	1.072580e-02
6.394139e+02	1.072520e-02
6.396589e+02	1.072570e-02
6.398820e+02	1.072560e-02
6.401177e+02	1.072270e-02
6.403413e+02	1.072490e-02
6.405724e+02	1.072800e-02
6.408084e+02	1.072360e-02
6.410337e+02	1.072150e-02
6.412658e+02	1.072110e-02
6.414886e+02	1.072580e-02
6.417247e+02	1.072260e-02
6.419676e+02	1.072410e-02
6.421932e+02	1.072350e-02
6.424229e+02	1.072620e-02
6.426537e+02	1.072390e-02
6.428901e+02	1.072370e-02
6.431358e+02	1.072660e-02
6.433593e+02	1.072390e-02
6.435934e+02	1.072160e-02
6.438172e+02	1.072340e-02
6.440463e+02	1.072590e-02
6.442763e+02	1.072140e-02
6.445037e+02	1.072070e-02
6.447371e+02	1.072270e-02
6.449597e+02	1.072310e-02
6.451904e+02	1.072390e-02
6.454159e+02	1.072360e-02
6.456538e+02	1.072270e-02
6.458780e+02	1.072540e-02
6.461092e+02	1.072230e-02
6.463414e+02	1.072610e-02
6.465724e+02	1.072430e-02
6.468077e+02	1.072590e-02
6.470324e+02	1.072760e-02
6.472626e+02	1.073060e-02
6.474872e+02	1.072910e-02
6.477176e+02	1.073110e-02
6.479437e+02	1.072790e-02
6.481755e+02	1.073120e-02
6.483996e+02	1.073030e-02
6.486313e+02	1.073320e-02
6.488633e+02	1.073110e-02
6.491005e+02	1.073280e-02
6.493245e+02	1.073130e-02
6.495535e+02	1.073400e-02
6.497874e+02	1.073370e-02
6.500097e+02	1.073110e-02
6.502332e+02	1.073590e-02
6.504636e+02	1.073540e-02
6.506893e+02	1.073330e-02
6.509194e+02	1.073450e-02
6.511510e+02	1.073370e-02
6.513743e+02	1.073570e-02
6.516073e+02	1.072920e-02
6.518495e+02	1.073330e-02
6.520741e+02	1.073490e-02
6.523049e+02	1.073210e-02
6.525361e+02	1.073110e-02
6.527693e+02	1.073130e-02
6.529918e+02	1.073620e-02
6.532635e+02	1.073500e-02
6.535071e+02	1.073650e-02
6.537318e+02	1.073030e-02
6.539632e+02	1.073770e-02
6.541863e+02	1.073540e-02
6.544201e+02	1.073290e-02
6.546443e+02	1.073280e-02
6.548674e+02	1.073140e-02
6.550988e+02	1.072880e-02
6.553240e+02	1.073070e-02
6.555558e+02	1.073020e-02
6.557863e+02	1.073070e-02
6.560186e+02	1.072960e-02
6.562426e+02	1.072960e-02
6.564791e+02	1.072850e-02
6.567053e+02	1.073020e-02
6.569389e+02	1.072930e-02
6.571738e+02	1.073000e-02
6.574187e+02	1.072890e-02
6.576614e+02	1.072670e-02
6.578860e+02	1.072680e-02
6.581199e+02	1.072770e-02
6.583450e+02	1.072620e-02
6.585750e+02	1.072690e-02
6.588061e+02	1.072970e-02
6.590380e+02	1.072830e-02
6.592814e+02	1.072760e-02
6.595067e+02	1.072680e-02
6.597447e+02	1.072790e-02
6.599698e+02	1.072490e-02
6.602016e+02	1.072790e-02
6.604253e+02	1.072530e-02
6.606583e+02	1.072690e-02
6.608829e+02	1.072840e-02
6.611135e+02	1.072970e-02
6.613379e+02	1.073380e-02
6.615713e+02	1.073060e-02
6.617978e+02	1.073050e-02
6.620272e+02	1.072930e-02
6.622645e+02	1.073190e-02
6.624872e+02	1.073040e-02
6.627225e+02	1.073130e-02
6.629476e+02	1.072880e-02
6.631785e+02	1.072750e-02
6.634157e+02	1.072720e-02
6.636409e+02	1.072680e-02
6.638757e+02	1.073010e-02
6.640992e+02	1.072850e-02
6.643306e+02	1.072610e-02
6.645558e+02	1.072520e-02
6.647907e+02	1.072990e-02
6.650148e+02	1.073040e-02
6.652467e+02	1.072680e-02
6.654707e+02	1.072660e-02
6.657064e+02	1.072520e-02
6.659317e+02	1.072520e-02
6.661624e+02	1.072710e-02
6.663995e+02	1.072950e-02
6.666249e+02	1.072650e-02
6.668549e+02	1.072640e-02
6.670878e+02	1.072480e-02
6.673186e+02	1.072570e-02
6.675483e+02	1.072380e-02
6.677793e+02	1.072680e-02
6.680040e+02	1.072340e-02
6.682358e+02	1.072170e-02
6.685058e+02	1.072120e-02
6.687363e+02	1.072420e-02
6.689619e+02	1.072420e-02
6.691913e+02	1.072530e-02
6.694281e+02	1.072410e-02
6.696513e+02	1.072440e-02
6.698826e+02	1.072660e-02
6.701265e+02	1.072640e-02
6.703521e+02	1.072440e-02
6.705883e+02	1.072740e-02
6.708124e+02	1.072440e-02
6.710480e+02	1.072720e-02




















































































































































































































































































































































































































































































































































































































































































































































































































































































































































































































































































































































































































































































































































































































































































































































































































































































































































































































































































































































































































































































































































6.776238e+02	1.072490e-02
