Tiempo	Corriente
8.395630e-01	1.060790e-02
1.100123e+00	1.059880e-02
1.345579e+00	1.059300e-02
1.590402e+00	1.058900e-02
1.833386e+00	1.058700e-02
2.094662e+00	1.058680e-02
2.338244e+00	1.058690e-02
2.563957e+00	1.058740e-02
2.795323e+00	1.058510e-02
3.040663e+00	1.058830e-02
3.264300e+00	1.058610e-02
3.493632e+00	1.058960e-02
3.719537e+00	1.058660e-02
3.945699e+00	1.058650e-02
4.170832e+00	1.058390e-02
4.400583e+00	1.058520e-02
4.630071e+00	1.058430e-02
4.859893e+00	1.058350e-02
5.088000e+00	1.058050e-02
5.320574e+00	1.058080e-02
5.555756e+00	1.057990e-02
5.784665e+00	1.058130e-02
6.017414e+00	1.058110e-02
6.241391e+00	1.058010e-02
6.467577e+00	1.058040e-02
6.694645e+00	1.058020e-02
6.923984e+00	1.058360e-02
7.149688e+00	1.057990e-02
7.396364e+00	1.058230e-02
7.619385e+00	1.058220e-02
7.846863e+00	1.058300e-02
8.074263e+00	1.057980e-02
8.305737e+00	1.058050e-02
8.528942e+00	1.057970e-02
8.758955e+00	1.057870e-02
8.984018e+00	1.058050e-02
9.209929e+00	1.182660e-02
9.436660e+00	1.203420e-02
9.666400e+00	1.208240e-02
9.890557e+00	1.211010e-02
1.011784e+01	1.211320e-02
1.034881e+01	1.211610e-02
1.057525e+01	1.211740e-02
1.080491e+01	1.212160e-02
1.103081e+01	1.212470e-02
1.126314e+01	1.211880e-02
1.148791e+01	1.212420e-02
1.171759e+01	1.211900e-02
1.194283e+01	1.212540e-02
1.216854e+01	1.212600e-02
1.239488e+01	1.211760e-02
1.262798e+01	1.211970e-02
1.285515e+01	1.211690e-02
1.308031e+01	1.211730e-02
1.330682e+01	1.212100e-02
1.353397e+01	1.211890e-02
1.376053e+01	1.211800e-02
1.398592e+01	1.211290e-02
1.421170e+01	1.211660e-02
1.444119e+01	1.211320e-02
1.466741e+01	1.211580e-02
1.489450e+01	1.211870e-02
1.512101e+01	1.211350e-02
1.534948e+01	1.211550e-02
1.557950e+01	1.211780e-02
1.584597e+01	1.211960e-02
1.607443e+01	1.210910e-02
1.630269e+01	1.211380e-02
1.652973e+01	1.211220e-02
1.675892e+01	1.211220e-02
1.698674e+01	1.211910e-02
1.721446e+01	1.211650e-02
1.744598e+01	1.211750e-02
1.766998e+01	1.211720e-02
1.789809e+01	1.211380e-02
1.812595e+01	1.211410e-02
1.834940e+01	1.211100e-02
1.857466e+01	1.211030e-02
1.880380e+01	1.210640e-02
1.902978e+01	1.210920e-02
1.925604e+01	1.211330e-02
1.948311e+01	1.210740e-02
1.971325e+01	1.211030e-02
1.993889e+01	1.210610e-02
2.016510e+01	1.210760e-02
2.039635e+01	1.210510e-02
2.062588e+01	1.210760e-02
2.085145e+01	1.210280e-02
2.107797e+01	1.210810e-02
2.130459e+01	1.211000e-02
2.152990e+01	1.210720e-02
2.176356e+01	1.210990e-02
2.198889e+01	1.211040e-02
2.221767e+01	1.210690e-02
2.246085e+01	1.210790e-02
2.268494e+01	1.210590e-02
2.290992e+01	1.210840e-02
2.313582e+01	1.210370e-02
2.336763e+01	1.210490e-02
2.359046e+01	1.210390e-02
2.381595e+01	1.210210e-02
2.404193e+01	1.210410e-02
2.426828e+01	1.211010e-02
2.449589e+01	1.210510e-02
2.472424e+01	1.210460e-02
2.495247e+01	1.210840e-02
2.518485e+01	1.211040e-02
2.540876e+01	1.210610e-02
2.565547e+01	1.210600e-02
2.588664e+01	1.210260e-02
2.611292e+01	1.210420e-02
2.634052e+01	1.210140e-02
2.656585e+01	1.210090e-02
2.678982e+01	1.209640e-02
2.702126e+01	1.210330e-02
2.724652e+01	1.210380e-02
2.749491e+01	1.210460e-02
2.771940e+01	1.210570e-02
2.794463e+01	1.210130e-02
2.817097e+01	1.210120e-02
2.839786e+01	1.209430e-02
2.862774e+01	1.210040e-02
2.885431e+01	1.210010e-02
2.908081e+01	1.209770e-02
2.930443e+01	1.209470e-02
2.953568e+01	1.210060e-02
2.978066e+01	1.209930e-02
3.002300e+01	1.209790e-02
3.024726e+01	1.210230e-02
3.048099e+01	1.209700e-02
3.072454e+01	1.210030e-02
3.098830e+01	1.210470e-02
3.121648e+01	1.210470e-02
3.144300e+01	1.210450e-02
3.167669e+01	1.210060e-02
3.190010e+01	1.210540e-02
3.212859e+01	1.210570e-02
3.236006e+01	1.209960e-02
3.258371e+01	1.209830e-02
3.281583e+01	1.209230e-02
3.304509e+01	1.209960e-02
3.327375e+01	1.209890e-02
3.350290e+01	1.209560e-02
3.373072e+01	1.209410e-02
3.395900e+01	1.210120e-02
3.418364e+01	1.209860e-02
3.441086e+01	1.209690e-02
3.464126e+01	1.209480e-02
3.486409e+01	1.209700e-02
3.509187e+01	1.209650e-02
3.532039e+01	1.209680e-02
3.555067e+01	1.209260e-02
3.582177e+01	1.209490e-02
3.606579e+01	1.209830e-02
3.628994e+01	1.210080e-02
3.651617e+01	1.209530e-02
3.674624e+01	1.209800e-02
3.697751e+01	1.209160e-02
3.720181e+01	1.209030e-02
3.742967e+01	1.209130e-02
3.765881e+01	1.209210e-02
3.788795e+01	1.208810e-02
3.811739e+01	1.209400e-02
3.834511e+01	1.209640e-02
3.857290e+01	1.210110e-02
3.880030e+01	1.209830e-02
3.903401e+01	1.209800e-02
3.925779e+01	1.209270e-02
3.948595e+01	1.209530e-02
3.971491e+01	1.209540e-02
3.994261e+01	1.209380e-02
4.016941e+01	1.209620e-02
4.040096e+01	1.209350e-02
4.062932e+01	1.209720e-02
4.085781e+01	1.209740e-02
4.108897e+01	1.209360e-02
4.131370e+01	1.210000e-02
4.154387e+01	1.209540e-02
4.177634e+01	1.209640e-02
4.201965e+01	1.209380e-02
4.224448e+01	1.209560e-02
4.247205e+01	1.209110e-02
4.270246e+01	1.209420e-02
4.293196e+01	1.209370e-02
4.316074e+01	1.208980e-02
4.338793e+01	1.209360e-02
4.361748e+01	1.209060e-02
4.384323e+01	1.209670e-02
4.407181e+01	1.209760e-02
4.429976e+01	1.209580e-02
4.452603e+01	1.209470e-02
4.475601e+01	1.209190e-02
4.498904e+01	1.209220e-02
4.523342e+01	1.208880e-02
4.547768e+01	1.209000e-02
4.570045e+01	1.209000e-02
4.592860e+01	1.209190e-02
4.619821e+01	1.208780e-02
4.642566e+01	1.208920e-02
4.665375e+01	1.208690e-02
4.687825e+01	1.209430e-02
4.711059e+01	1.209020e-02
4.733885e+01	1.208670e-02
4.756498e+01	1.208820e-02
4.781438e+01	1.209220e-02
4.805891e+01	1.208870e-02
4.828251e+01	1.209370e-02
4.850779e+01	1.209110e-02
4.873805e+01	1.209070e-02
4.896624e+01	1.209050e-02
4.919604e+01	1.209190e-02
4.942442e+01	1.208650e-02
4.965187e+01	1.208680e-02
4.987629e+01	1.208840e-02
5.010543e+01	1.208390e-02
5.033425e+01	1.208050e-02
5.056372e+01	1.208450e-02
5.079106e+01	1.208750e-02
5.103898e+01	1.209050e-02
5.126269e+01	1.208960e-02
5.149002e+01	1.208900e-02
5.172071e+01	1.208870e-02
5.195294e+01	1.208850e-02
5.217611e+01	1.208550e-02
5.240448e+01	1.208570e-02
5.263340e+01	1.208660e-02
5.288146e+01	1.209030e-02
5.310740e+01	1.209440e-02
5.333683e+01	1.209190e-02
5.356266e+01	1.209180e-02
5.378988e+01	1.208880e-02
5.401530e+01	1.208560e-02
5.424421e+01	1.208750e-02
5.447043e+01	1.208730e-02
5.469821e+01	1.208560e-02
5.492378e+01	1.208310e-02
5.515127e+01	1.208700e-02
5.538084e+01	1.208510e-02
5.560742e+01	1.208190e-02
5.583501e+01	1.208800e-02
5.606040e+01	1.208730e-02
5.628977e+01	1.208520e-02
5.651685e+01	1.208140e-02
5.674805e+01	1.208420e-02
5.697203e+01	1.208230e-02
5.719822e+01	1.208780e-02
5.742570e+01	1.208500e-02
5.765291e+01	1.208870e-02
5.788168e+01	1.209240e-02
5.810932e+01	1.209010e-02
5.833951e+01	1.208670e-02
5.856937e+01	1.208630e-02
5.879613e+01	1.208350e-02
5.902189e+01	1.208230e-02
5.924958e+01	1.208240e-02
5.947862e+01	1.208480e-02
5.971003e+01	1.208570e-02
5.993439e+01	1.209100e-02
6.018278e+01	1.208950e-02
6.040758e+01	1.208430e-02
6.063294e+01	1.208610e-02
6.086385e+01	1.208300e-02
6.108771e+01	1.208970e-02
6.136154e+01	1.208520e-02
6.158702e+01	1.208540e-02
6.181724e+01	1.208320e-02
6.204602e+01	1.208340e-02
6.227500e+01	1.209060e-02
6.250317e+01	1.208860e-02
6.273185e+01	1.208610e-02
6.295999e+01	1.208570e-02
6.318796e+01	1.209080e-02
6.341568e+01	1.208690e-02
6.364315e+01	1.208550e-02
6.386991e+01	1.208750e-02
6.409667e+01	1.208580e-02
6.432353e+01	1.208570e-02
6.454989e+01	1.207930e-02
6.477609e+01	1.208930e-02
6.500226e+01	1.208820e-02
6.525451e+01	1.208690e-02
6.548356e+01	1.208650e-02
6.571599e+01	1.208900e-02
6.594180e+01	1.208490e-02
6.616785e+01	1.208100e-02
6.640482e+01	1.208550e-02
6.662787e+01	1.209050e-02
6.685451e+01	1.208520e-02
6.708448e+01	1.209140e-02
6.731358e+01	1.208520e-02
6.754225e+01	1.208730e-02
6.776760e+01	1.208670e-02
6.799747e+01	1.208290e-02
6.822860e+01	1.209010e-02
6.845432e+01	1.208840e-02
6.868168e+01	1.208830e-02
6.890994e+01	1.208780e-02
6.914001e+01	1.209080e-02
6.936553e+01	1.209400e-02
6.959785e+01	1.209380e-02
6.982255e+01	1.209400e-02
7.005096e+01	1.208630e-02
7.027912e+01	1.208870e-02
7.050620e+01	1.209020e-02
7.073368e+01	1.209150e-02
7.096149e+01	1.209100e-02
7.119233e+01	1.208980e-02
7.141524e+01	1.209000e-02
7.164335e+01	1.208240e-02
7.187138e+01	1.208670e-02
7.210134e+01	1.208390e-02
7.237122e+01	1.208380e-02
7.261702e+01	1.208150e-02
7.284098e+01	1.208380e-02
7.306777e+01	1.208820e-02
7.329408e+01	1.208270e-02
7.352549e+01	1.208260e-02
7.375486e+01	1.207910e-02
7.398543e+01	1.208630e-02
7.421063e+01	1.208510e-02
7.443612e+01	1.208750e-02
7.466786e+01	1.208820e-02
7.489699e+01	1.208950e-02
7.512574e+01	1.208860e-02
7.535312e+01	1.208650e-02
7.558418e+01	1.208370e-02
7.580993e+01	1.208050e-02
7.603865e+01	1.208570e-02
7.626796e+01	1.208520e-02
7.653384e+01	1.208200e-02
7.675999e+01	1.208390e-02
7.698975e+01	1.208370e-02
7.722277e+01	1.208470e-02
7.744676e+01	1.208820e-02
7.768399e+01	1.208380e-02
7.790660e+01	1.208200e-02
7.813605e+01	1.208180e-02
7.836612e+01	1.207990e-02
7.859729e+01	1.208370e-02
7.882139e+01	1.208010e-02
7.904883e+01	1.208650e-02
7.927425e+01	1.208270e-02
7.950316e+01	1.208550e-02
7.973203e+01	1.208450e-02
7.996174e+01	1.208840e-02
8.019200e+01	1.208210e-02
8.041673e+01	1.208130e-02
8.064815e+01	1.208000e-02
8.089316e+01	1.208080e-02
8.111624e+01	1.208110e-02
8.134360e+01	1.207730e-02
8.157378e+01	1.207810e-02
8.180114e+01	1.207940e-02
8.203386e+01	1.207920e-02
8.225738e+01	1.208120e-02
8.248838e+01	1.207710e-02
8.271561e+01	1.207790e-02
8.295386e+01	1.207980e-02
8.317699e+01	1.207770e-02
8.340817e+01	1.208070e-02
8.363237e+01	1.207940e-02
8.386081e+01	1.207920e-02
8.408752e+01	1.208410e-02
8.431927e+01	1.207680e-02
8.454337e+01	1.208180e-02
8.477136e+01	1.208210e-02
8.500047e+01	1.208030e-02
8.522844e+01	1.208390e-02
8.545831e+01	1.207780e-02
8.568807e+01	1.207960e-02
8.591611e+01	1.207670e-02
8.614790e+01	1.207590e-02
8.637348e+01	1.208050e-02
8.660061e+01	1.207760e-02
8.683163e+01	1.207640e-02
8.706384e+01	1.208120e-02
8.728811e+01	1.207950e-02
8.751433e+01	1.208350e-02
8.774518e+01	1.208220e-02
8.798829e+01	1.207730e-02
8.821314e+01	1.207700e-02
8.844383e+01	1.207940e-02
8.868775e+01	1.207550e-02
8.891164e+01	1.207720e-02
8.913776e+01	1.207880e-02
8.936387e+01	1.207400e-02
8.959072e+01	1.207780e-02
8.982007e+01	1.208150e-02
9.004472e+01	1.207550e-02
9.027299e+01	1.207810e-02
9.050042e+01	1.207820e-02
9.072216e+01	1.207590e-02
9.094725e+01	1.207360e-02
9.117302e+01	1.208120e-02
9.140577e+01	1.207730e-02
9.167086e+01	1.207440e-02
9.190257e+01	1.207860e-02
9.212605e+01	1.207640e-02
9.235404e+01	1.207800e-02
9.258228e+01	1.207640e-02
9.280857e+01	1.207720e-02
9.304026e+01	1.207850e-02
9.326481e+01	1.207050e-02
9.351311e+01	1.207200e-02
9.373628e+01	1.207850e-02
9.396727e+01	1.207860e-02
9.419460e+01	1.207550e-02
9.442297e+01	1.207090e-02
9.465076e+01	1.207210e-02
9.487605e+01	1.206800e-02
9.510471e+01	1.207800e-02
9.532902e+01	1.207900e-02
9.555960e+01	1.207930e-02
9.578515e+01	1.207260e-02
9.601053e+01	1.207220e-02
9.624122e+01	1.207690e-02
9.646522e+01	1.207890e-02
9.669055e+01	1.207740e-02
9.691685e+01	1.206860e-02
9.714067e+01	1.206630e-02
9.736581e+01	1.207350e-02
9.759690e+01	1.207350e-02
9.782317e+01	1.207750e-02
9.805139e+01	1.207000e-02
9.827993e+01	1.207230e-02
9.851086e+01	1.207570e-02
9.873978e+01	1.207690e-02
9.896873e+01	1.207290e-02
9.919779e+01	1.206610e-02
9.942586e+01	1.207100e-02
9.965126e+01	1.207480e-02
9.988335e+01	1.207630e-02
1.001255e+02	1.207910e-02
1.003510e+02	1.207370e-02
1.005798e+02	1.207590e-02
1.008082e+02	1.207450e-02
1.010360e+02	1.207580e-02
1.012643e+02	1.207500e-02
1.014940e+02	1.207440e-02
1.017426e+02	1.207720e-02
1.019735e+02	1.207530e-02
1.021964e+02	1.207110e-02
1.024227e+02	1.207260e-02
1.026504e+02	1.207000e-02
1.028738e+02	1.206590e-02
1.031054e+02	1.206660e-02
1.033304e+02	1.206750e-02
1.035627e+02	1.207350e-02
1.037857e+02	1.207300e-02
1.040120e+02	1.207400e-02
1.042395e+02	1.206740e-02
1.044699e+02	1.207120e-02
1.047004e+02	1.207040e-02
1.049280e+02	1.207100e-02
1.051559e+02	1.207050e-02
1.053879e+02	1.207460e-02
1.056113e+02	1.207200e-02
1.058423e+02	1.207570e-02
1.060659e+02	1.207270e-02
1.062928e+02	1.207360e-02
1.065205e+02	1.207650e-02
1.067875e+02	1.207470e-02
1.070139e+02	1.207510e-02
1.072452e+02	1.207320e-02
1.074682e+02	1.207360e-02
1.076953e+02	1.206760e-02
1.079254e+02	1.206730e-02
1.081509e+02	1.206140e-02
1.083822e+02	1.200360e-02
1.086102e+02	1.197530e-02
1.088379e+02	1.195610e-02
1.090672e+02	1.193830e-02
1.092994e+02	1.192330e-02
1.095298e+02	1.190910e-02
1.097581e+02	1.189800e-02
1.099893e+02	1.188060e-02
1.102139e+02	1.187150e-02
1.104447e+02	1.186030e-02
1.106719e+02	1.184800e-02
1.109000e+02	1.183740e-02
1.111291e+02	1.182740e-02
1.113650e+02	1.181600e-02
1.115878e+02	1.180410e-02
1.118191e+02	1.179370e-02
1.120450e+02	1.178260e-02
1.122704e+02	1.177400e-02
1.125038e+02	1.176620e-02
1.127332e+02	1.176080e-02
1.129629e+02	1.175110e-02
1.131880e+02	1.174110e-02
1.134128e+02	1.173310e-02
1.136448e+02	1.172300e-02
1.138921e+02	1.171690e-02
1.141216e+02	1.170920e-02
1.143496e+02	1.170090e-02
1.145762e+02	1.169150e-02
1.148056e+02	1.168540e-02
1.150390e+02	1.168020e-02
1.152635e+02	1.167450e-02
1.154921e+02	1.166730e-02
1.157191e+02	1.166250e-02
1.159605e+02	1.165470e-02
1.162057e+02	1.164850e-02
1.164299e+02	1.164250e-02
1.166559e+02	1.163310e-02
1.168850e+02	1.162930e-02
1.171148e+02	1.162510e-02
1.173427e+02	1.161700e-02
1.175678e+02	1.160750e-02
1.177940e+02	1.160150e-02
1.180202e+02	1.159410e-02
1.182590e+02	1.158820e-02
1.185043e+02	1.158200e-02
1.187264e+02	1.157530e-02
1.189742e+02	1.156680e-02
1.191983e+02	1.156270e-02
1.194245e+02	1.155750e-02
1.196550e+02	1.155170e-02
1.198846e+02	1.154290e-02
1.201207e+02	1.153930e-02
1.203647e+02	1.153630e-02
1.205895e+02	1.153020e-02
1.208168e+02	1.152190e-02
1.210463e+02	1.151900e-02
1.212735e+02	1.151060e-02
1.215026e+02	1.150510e-02
1.217275e+02	1.150040e-02
1.219985e+02	1.149560e-02
1.222268e+02	1.148820e-02
1.224550e+02	1.148360e-02
1.226849e+02	1.147610e-02
1.229146e+02	1.147750e-02
1.231543e+02	1.147180e-02
1.233770e+02	1.146450e-02
1.236045e+02	1.145880e-02
1.238331e+02	1.145570e-02
1.240650e+02	1.145160e-02
1.242898e+02	1.144490e-02
1.245183e+02	1.144000e-02
1.247465e+02	1.143970e-02
1.249770e+02	1.143100e-02
1.252022e+02	1.143020e-02
1.254295e+02	1.142420e-02
1.256582e+02	1.141970e-02
1.258837e+02	1.141220e-02
1.261146e+02	1.140720e-02
1.263461e+02	1.140500e-02
1.265717e+02	1.139840e-02
1.267983e+02	1.139600e-02
1.270277e+02	1.139280e-02
1.272540e+02	1.138780e-02
1.274851e+02	1.138320e-02
1.277094e+02	1.138010e-02
1.279373e+02	1.137340e-02
1.282068e+02	1.136950e-02
1.284330e+02	1.136380e-02
1.286655e+02	1.135820e-02
1.289084e+02	1.135750e-02
1.291525e+02	1.134930e-02
1.293805e+02	1.134550e-02
1.296098e+02	1.134110e-02
1.298409e+02	1.134040e-02
1.300644e+02	1.133760e-02
1.302927e+02	1.133230e-02
1.305240e+02	1.132640e-02
1.307476e+02	1.132310e-02
1.309759e+02	1.131750e-02
1.312087e+02	1.131330e-02
1.314334e+02	1.131150e-02
1.316652e+02	1.131130e-02
1.318896e+02	1.130620e-02
1.321183e+02	1.130160e-02
1.323499e+02	1.129670e-02
1.325831e+02	1.129560e-02
1.328082e+02	1.128520e-02
1.330350e+02	1.128360e-02
1.332639e+02	1.128240e-02
1.334937e+02	1.127610e-02
1.337261e+02	1.127500e-02
1.339493e+02	1.127270e-02
1.341773e+02	1.126930e-02
1.344110e+02	1.125940e-02
1.346337e+02	1.125450e-02
1.348648e+02	1.124990e-02
1.350899e+02	1.124700e-02
1.353229e+02	1.124330e-02
1.355679e+02	1.124230e-02
1.357921e+02	1.124040e-02
1.360190e+02	1.123630e-02
1.362493e+02	1.123310e-02
1.364810e+02	1.123120e-02
1.367034e+02	1.122790e-02
1.369343e+02	1.122230e-02
1.371998e+02	1.121730e-02
1.374302e+02	1.121520e-02
1.376623e+02	1.120980e-02
1.378918e+02	1.120820e-02
1.381187e+02	1.120600e-02
1.383577e+02	1.120350e-02
1.385820e+02	1.120300e-02
1.388087e+02	1.119750e-02
1.390410e+02	1.119170e-02
1.392851e+02	1.118490e-02
1.395089e+02	1.117870e-02
1.397366e+02	1.117940e-02
1.399688e+02	1.117640e-02
1.401926e+02	1.117200e-02
1.404208e+02	1.116630e-02
1.406466e+02	1.116660e-02
1.408727e+02	1.115960e-02
1.410983e+02	1.115720e-02
1.413297e+02	1.115170e-02
1.415575e+02	1.115320e-02
1.417851e+02	1.115250e-02
1.420140e+02	1.115050e-02
1.422404e+02	1.114700e-02
1.424678e+02	1.114340e-02
1.426975e+02	1.113610e-02
1.429231e+02	1.113150e-02
1.431539e+02	1.113390e-02
1.433804e+02	1.113440e-02
1.436097e+02	1.113020e-02
1.438407e+02	1.112680e-02
1.440649e+02	1.112260e-02
1.442920e+02	1.112060e-02
1.445189e+02	1.112000e-02
1.447492e+02	1.111680e-02
1.449761e+02	1.111360e-02
1.452039e+02	1.111220e-02
1.454426e+02	1.111250e-02
1.456664e+02	1.111010e-02
1.458929e+02	1.110780e-02
1.461209e+02	1.110620e-02
1.463505e+02	1.110070e-02
1.465793e+02	1.109680e-02
1.468069e+02	1.109530e-02
1.470350e+02	1.109400e-02
1.472611e+02	1.109430e-02
1.474920e+02	1.109430e-02
1.477176e+02	1.108300e-02
1.479474e+02	1.108580e-02
1.481756e+02	1.108580e-02
1.484068e+02	1.108460e-02
1.486514e+02	1.107760e-02
1.488750e+02	1.107710e-02
1.491062e+02	1.107320e-02
1.493570e+02	1.106980e-02
1.495887e+02	1.107110e-02
1.498170e+02	1.107030e-02
1.500423e+02	1.106270e-02
1.502732e+02	1.106310e-02
1.505069e+02	1.106320e-02
1.507329e+02	1.106280e-02
1.509650e+02	1.105420e-02
1.511938e+02	1.105160e-02
1.514210e+02	1.104710e-02
1.516493e+02	1.104820e-02
1.518776e+02	1.104340e-02
1.521098e+02	1.104190e-02
1.523750e+02	1.103870e-02
1.526043e+02	1.103880e-02
1.528379e+02	1.103460e-02
1.530623e+02	1.103390e-02
1.532899e+02	1.102980e-02
1.535184e+02	1.102710e-02
1.537444e+02	1.102530e-02
1.539814e+02	1.102320e-02
1.542047e+02	1.102150e-02
1.544550e+02	1.101880e-02
1.546867e+02	1.101840e-02
1.549109e+02	1.101660e-02
1.551394e+02	1.101530e-02
1.553673e+02	1.101320e-02
1.555873e+02	1.101170e-02
1.558141e+02	1.100950e-02
1.560473e+02	1.099880e-02
1.562704e+02	1.100290e-02
1.565022e+02	1.099780e-02
1.567281e+02	1.099310e-02
1.569634e+02	1.099820e-02
1.571876e+02	1.099660e-02
1.574136e+02	1.099510e-02
1.576429e+02	1.099020e-02
1.578739e+02	1.098390e-02
1.580963e+02	1.098360e-02
1.583267e+02	1.098460e-02
1.585545e+02	1.098320e-02
1.587831e+02	1.097810e-02
1.590169e+02	1.098060e-02
1.592403e+02	1.097780e-02
1.594689e+02	1.097850e-02
1.596980e+02	1.097800e-02
1.599299e+02	1.097630e-02
1.601532e+02	1.097340e-02
1.603851e+02	1.097100e-02
1.606082e+02	1.097030e-02
1.608358e+02	1.097030e-02
1.610682e+02	1.096290e-02
1.612922e+02	1.096700e-02
1.615248e+02	1.096200e-02
1.617494e+02	1.096430e-02
1.619837e+02	1.096120e-02
1.622068e+02	1.096280e-02
1.624346e+02	1.095670e-02
1.626722e+02	1.095450e-02
1.628966e+02	1.095750e-02
1.631219e+02	1.095310e-02
1.633518e+02	1.095050e-02
1.635819e+02	1.094430e-02
1.638114e+02	1.094680e-02
1.640446e+02	1.094550e-02
1.642683e+02	1.094550e-02
1.645000e+02	1.094410e-02
1.647336e+02	1.094210e-02
1.649578e+02	1.094170e-02
1.651857e+02	1.093620e-02
1.654179e+02	1.093820e-02
1.656493e+02	1.093340e-02
1.658745e+02	1.093160e-02
1.661029e+02	1.093340e-02
1.663302e+02	1.092750e-02
1.665984e+02	1.092440e-02
1.668434e+02	1.092610e-02
1.670671e+02	1.092120e-02
1.672954e+02	1.092210e-02
1.675657e+02	1.092070e-02
1.677926e+02	1.092080e-02
1.680231e+02	1.092080e-02
1.682506e+02	1.091650e-02
1.684798e+02	1.091720e-02
1.687107e+02	1.091360e-02
1.689439e+02	1.091390e-02
1.691683e+02	1.090880e-02
1.693995e+02	1.090910e-02
1.696439e+02	1.090680e-02
1.698717e+02	1.090540e-02
1.701088e+02	1.090750e-02
1.703319e+02	1.090450e-02
1.705656e+02	1.089970e-02
1.707905e+02	1.089810e-02
1.710189e+02	1.090060e-02
1.712481e+02	1.090080e-02
1.714758e+02	1.089690e-02
1.717057e+02	1.089310e-02
1.719360e+02	1.089460e-02
1.721681e+02	1.089250e-02
1.724004e+02	1.089200e-02
1.726245e+02	1.089290e-02
1.728632e+02	1.088770e-02
1.730967e+02	1.088590e-02
1.733402e+02	1.088350e-02
1.735838e+02	1.088360e-02
1.738072e+02	1.088430e-02
1.740388e+02	1.088160e-02
1.742628e+02	1.088200e-02
1.744899e+02	1.087800e-02
1.747165e+02	1.087700e-02
1.749435e+02	1.087850e-02
1.751727e+02	1.087630e-02
1.754029e+02	1.087420e-02
1.756310e+02	1.087510e-02
1.758561e+02	1.087430e-02
1.760849e+02	1.087120e-02
1.763168e+02	1.087360e-02
1.765597e+02	1.087310e-02
1.767847e+02	1.086950e-02
1.770132e+02	1.086600e-02
1.772436e+02	1.086490e-02
1.774700e+02	1.086560e-02
1.776987e+02	1.086250e-02
1.779308e+02	1.086300e-02
1.781566e+02	1.086060e-02
1.783902e+02	1.086090e-02
1.786143e+02	1.086280e-02
1.788426e+02	1.086260e-02
1.790682e+02	1.085820e-02
1.793028e+02	1.085680e-02
1.795256e+02	1.085570e-02
1.797527e+02	1.085340e-02
1.799838e+02	1.085500e-02
1.802160e+02	1.085500e-02
1.804399e+02	1.085230e-02
1.806703e+02	1.085160e-02
1.809045e+02	1.085190e-02
1.811280e+02	1.085350e-02
1.813591e+02	1.085220e-02
1.815829e+02	1.084950e-02
1.818105e+02	1.084810e-02
1.820357e+02	1.084720e-02
1.822656e+02	1.084680e-02
1.824968e+02	1.084560e-02
1.827613e+02	1.084390e-02
1.829963e+02	1.084210e-02
1.832190e+02	1.083960e-02
1.834475e+02	1.083650e-02
1.836750e+02	1.083930e-02
1.839043e+02	1.083860e-02
1.841337e+02	1.083800e-02
1.843620e+02	1.083640e-02
1.845933e+02	1.083700e-02
1.848237e+02	1.083340e-02
1.850509e+02	1.083050e-02
1.852849e+02	1.083240e-02
1.855289e+02	1.083060e-02
1.857515e+02	1.082820e-02
1.859840e+02	1.082860e-02
1.862088e+02	1.082590e-02
1.864366e+02	1.082450e-02
1.866662e+02	1.082330e-02
1.868934e+02	1.082090e-02
1.871216e+02	1.081920e-02
1.873628e+02	1.082220e-02
1.875873e+02	1.082060e-02
1.878168e+02	1.081930e-02
1.880462e+02	1.081810e-02
1.882750e+02	1.081730e-02
1.885001e+02	1.081410e-02
1.887331e+02	1.081570e-02
1.889568e+02	1.081350e-02
1.891859e+02	1.081190e-02
1.894142e+02	1.081010e-02
1.896466e+02	1.080940e-02
1.898920e+02	1.081050e-02
1.901401e+02	1.080620e-02
1.903651e+02	1.080540e-02
1.905979e+02	1.080910e-02
1.908218e+02	1.080670e-02
1.910528e+02	1.080630e-02
1.912794e+02	1.080520e-02
1.915080e+02	1.080440e-02
1.917393e+02	1.080350e-02
1.919625e+02	1.079870e-02
1.921889e+02	1.080090e-02
1.924171e+02	1.080010e-02
1.926436e+02	1.080210e-02
1.928742e+02	1.079870e-02
1.930988e+02	1.079820e-02
1.933298e+02	1.079810e-02
1.935734e+02	1.079830e-02
1.937980e+02	1.079700e-02
1.940257e+02	1.079570e-02
1.942518e+02	1.078930e-02
1.944797e+02	1.079480e-02
1.947108e+02	1.079480e-02
1.949348e+02	1.079290e-02
1.951615e+02	1.079130e-02
1.953896e+02	1.079230e-02
1.956202e+02	1.079310e-02
1.958453e+02	1.078910e-02
1.960723e+02	1.078840e-02
1.963025e+02	1.078650e-02
1.965340e+02	1.078370e-02
1.967619e+02	1.078430e-02
1.969930e+02	1.078300e-02
1.972232e+02	1.078430e-02
1.974482e+02	1.078270e-02
1.976768e+02	1.078570e-02
1.979417e+02	1.078320e-02
1.981685e+02	1.078400e-02
1.983960e+02	1.077880e-02
1.986236e+02	1.077940e-02
1.988520e+02	1.077870e-02
1.990816e+02	1.078240e-02
1.993087e+02	1.078040e-02
1.995411e+02	1.078240e-02
1.997659e+02	1.078150e-02
1.999964e+02	1.077940e-02
2.002225e+02	1.077460e-02
2.004526e+02	1.078030e-02
2.006815e+02	1.077730e-02
2.009141e+02	1.077820e-02
2.011399e+02	1.077730e-02
2.013685e+02	1.077640e-02
2.015944e+02	1.077530e-02
2.018214e+02	1.077610e-02
2.020519e+02	1.077500e-02
2.022813e+02	1.077470e-02
2.025079e+02	1.077510e-02
2.027349e+02	1.077300e-02
2.029642e+02	1.077290e-02
2.031958e+02	1.076930e-02
2.034200e+02	1.077110e-02
2.036478e+02	1.077050e-02
2.038951e+02	1.076900e-02
2.041591e+02	1.077100e-02
2.043880e+02	1.076940e-02
2.046137e+02	1.077100e-02
2.048394e+02	1.076340e-02
2.050699e+02	1.076490e-02
2.053061e+02	1.076420e-02
2.055295e+02	1.076630e-02
2.057599e+02	1.076190e-02
2.059860e+02	1.076230e-02
2.062149e+02	1.075840e-02
2.064437e+02	1.075920e-02
2.066736e+02	1.076100e-02
2.068986e+02	1.075880e-02
2.071287e+02	1.076010e-02
2.073546e+02	1.075880e-02
2.075853e+02	1.075760e-02
2.078152e+02	1.075890e-02
2.080448e+02	1.075610e-02
2.082733e+02	1.075700e-02
2.085003e+02	1.075710e-02
2.087319e+02	1.075910e-02
2.089564e+02	1.075690e-02
2.091831e+02	1.075530e-02
2.094168e+02	1.075420e-02
2.096400e+02	1.075320e-02
2.098729e+02	1.075280e-02
2.100966e+02	1.075040e-02
2.103431e+02	1.074670e-02
2.105664e+02	1.075080e-02
2.107944e+02	1.074790e-02
2.110241e+02	1.074620e-02
2.112520e+02	1.074510e-02
2.114819e+02	1.074370e-02
2.117076e+02	1.074610e-02
2.119354e+02	1.074400e-02
2.121653e+02	1.074630e-02
2.123938e+02	1.074530e-02
2.126217e+02	1.074670e-02
2.128509e+02	1.074920e-02
2.131230e+02	1.074410e-02
2.133462e+02	1.074490e-02
2.135727e+02	1.074320e-02
2.138015e+02	1.074370e-02
2.140291e+02	1.074050e-02
2.143006e+02	1.073910e-02
2.145238e+02	1.073780e-02
2.147518e+02	1.073850e-02
2.149799e+02	1.073680e-02
2.152139e+02	1.073890e-02
2.154389e+02	1.073770e-02
2.156664e+02	1.073730e-02
2.158929e+02	1.073200e-02
2.161214e+02	1.073420e-02
2.163547e+02	1.073390e-02
2.165779e+02	1.073530e-02
2.168055e+02	1.073460e-02
2.170350e+02	1.073470e-02
2.172637e+02	1.073400e-02
2.174930e+02	1.073340e-02
2.177209e+02	1.072990e-02
2.179475e+02	1.073280e-02
2.181777e+02	1.073200e-02
2.184089e+02	1.073210e-02
2.186327e+02	1.073370e-02
2.188663e+02	1.073060e-02
2.190902e+02	1.073050e-02
2.193398e+02	1.073020e-02
2.195634e+02	1.073030e-02
2.197919e+02	1.072440e-02
2.200212e+02	1.072310e-02
2.202525e+02	1.072750e-02
2.204970e+02	1.072540e-02
2.207201e+02	1.072850e-02
2.209486e+02	1.072150e-02
2.211745e+02	1.072210e-02
2.214029e+02	1.072390e-02
2.216342e+02	1.072090e-02
2.218589e+02	1.072080e-02
2.220865e+02	1.072030e-02
2.223122e+02	1.071970e-02
2.225394e+02	1.072570e-02
2.227670e+02	1.072320e-02
2.229937e+02	1.072280e-02
2.232240e+02	1.072270e-02
2.234477e+02	1.072170e-02
2.236789e+02	1.071810e-02
2.239030e+02	1.071760e-02
2.241316e+02	1.071640e-02
2.243668e+02	1.071730e-02
2.245913e+02	1.071960e-02
2.248194e+02	1.071630e-02
2.250477e+02	1.071770e-02
2.252739e+02	1.071550e-02
2.255046e+02	1.071560e-02
2.257293e+02	1.070850e-02
2.259588e+02	1.071170e-02
2.262044e+02	1.071500e-02
2.264274e+02	1.071320e-02
2.266542e+02	1.071460e-02
2.268853e+02	1.071640e-02
2.271310e+02	1.071310e-02
2.273546e+02	1.071110e-02
2.275831e+02	1.071120e-02
2.278121e+02	1.071200e-02
2.280407e+02	1.071100e-02
2.283116e+02	1.071140e-02
2.285389e+02	1.071290e-02
2.287736e+02	1.070950e-02
2.289980e+02	1.070770e-02
2.292245e+02	1.070880e-02
2.294533e+02	1.070730e-02
2.296839e+02	1.070790e-02
2.299134e+02	1.070990e-02
2.301436e+02	1.071000e-02
2.303751e+02	1.070970e-02
2.305984e+02	1.070740e-02
2.308260e+02	1.070710e-02
2.310543e+02	1.070580e-02
2.312836e+02	1.070680e-02
2.315226e+02	1.070460e-02
2.317701e+02	1.070580e-02
2.320170e+02	1.070580e-02
2.322419e+02	1.070820e-02
2.324699e+02	1.070740e-02
2.327020e+02	1.070420e-02
2.329258e+02	1.070030e-02
2.331534e+02	1.070380e-02
2.333787e+02	1.070030e-02
2.336097e+02	1.070400e-02
2.338347e+02	1.069980e-02
2.340668e+02	1.070200e-02
2.342905e+02	1.070390e-02
2.345206e+02	1.069900e-02
2.347508e+02	1.069710e-02
2.349819e+02	1.069790e-02
2.352106e+02	1.069700e-02
2.354401e+02	1.069920e-02
2.356684e+02	1.069930e-02
2.359024e+02	1.069970e-02
2.361277e+02	1.069760e-02
2.363592e+02	1.069820e-02
2.366040e+02	1.069770e-02
2.368337e+02	1.070050e-02
2.370598e+02	1.069810e-02
2.372878e+02	1.069390e-02
2.375157e+02	1.069690e-02
2.377377e+02	1.069520e-02
2.379675e+02	1.069430e-02
2.381965e+02	1.069190e-02
2.384247e+02	1.069440e-02
2.386526e+02	1.069390e-02
2.388850e+02	1.069230e-02
2.391081e+02	1.069430e-02
2.393375e+02	1.069570e-02
2.395695e+02	1.069270e-02
2.398084e+02	1.069480e-02
2.400338e+02	1.069360e-02
2.402603e+02	1.068870e-02
2.404889e+02	1.069110e-02
2.407183e+02	1.069140e-02
2.409473e+02	1.069080e-02
2.411759e+02	1.069200e-02
2.414037e+02	1.068730e-02
2.416335e+02	1.069030e-02
2.418645e+02	1.069060e-02
2.421087e+02	1.069020e-02
2.423328e+02	1.068790e-02
2.425641e+02	1.068820e-02
2.427879e+02	1.068850e-02
2.430160e+02	1.068840e-02
2.432443e+02	1.068940e-02
2.435179e+02	1.068560e-02
2.437419e+02	1.068750e-02
2.439696e+02	1.068610e-02
2.442001e+02	1.068560e-02
2.444451e+02	1.068780e-02
2.446899e+02	1.068680e-02
2.449338e+02	1.068490e-02
2.451784e+02	1.068480e-02
2.454010e+02	1.068280e-02
2.456319e+02	1.068480e-02
2.458584e+02	1.068290e-02
2.460909e+02	1.068490e-02
2.463137e+02	1.068570e-02
2.465448e+02	1.068410e-02
2.467687e+02	1.068110e-02
2.469983e+02	1.068080e-02
2.472288e+02	1.068160e-02
2.474591e+02	1.068290e-02
2.476835e+02	1.068310e-02
2.479110e+02	1.067750e-02
2.481646e+02	1.068370e-02
2.484091e+02	1.068180e-02
2.486336e+02	1.068090e-02
2.488599e+02	1.067970e-02
2.490871e+02	1.067940e-02
2.493190e+02	1.068070e-02
2.495434e+02	1.068000e-02
2.497742e+02	1.067970e-02
2.500184e+02	1.068070e-02
2.502424e+02	1.067990e-02
2.504699e+02	1.068010e-02
2.507028e+02	1.067970e-02
2.509274e+02	1.067360e-02
2.511560e+02	1.067620e-02
2.513834e+02	1.067720e-02
2.516125e+02	1.067790e-02
2.518444e+02	1.067840e-02
2.520887e+02	1.067710e-02
2.523129e+02	1.067420e-02
2.525399e+02	1.067500e-02
2.527732e+02	1.067490e-02
2.530185e+02	1.067320e-02
2.532422e+02	1.067170e-02
2.534695e+02	1.066900e-02
2.536995e+02	1.066620e-02
2.539248e+02	1.067210e-02
2.541527e+02	1.067230e-02
2.543837e+02	1.067020e-02
2.546169e+02	1.067070e-02
2.548414e+02	1.066820e-02
2.550696e+02	1.066860e-02
2.552972e+02	1.066600e-02
2.555249e+02	1.066750e-02
2.557509e+02	1.066370e-02
2.559899e+02	1.066780e-02
2.562327e+02	1.066630e-02
2.564583e+02	1.067060e-02
2.566895e+02	1.067160e-02
2.569148e+02	1.066990e-02
2.571436e+02	1.066940e-02
2.573698e+02	1.066930e-02
2.575989e+02	1.067080e-02
2.578287e+02	1.067070e-02
2.580543e+02	1.067020e-02
2.582844e+02	1.067140e-02
2.585171e+02	1.066940e-02
2.587863e+02	1.067010e-02
2.590250e+02	1.066720e-02
2.592495e+02	1.066710e-02
2.594784e+02	1.066700e-02
2.597098e+02	1.066810e-02
2.599344e+02	1.066890e-02
2.601633e+02	1.066580e-02
2.603980e+02	1.066740e-02
2.606205e+02	1.066550e-02
2.608505e+02	1.066650e-02
2.610834e+02	1.066710e-02
2.613078e+02	1.066820e-02
2.615387e+02	1.066110e-02
2.617638e+02	1.066960e-02
2.619969e+02	1.066910e-02
2.622267e+02	1.066700e-02
2.624552e+02	1.066670e-02
2.626869e+02	1.066670e-02
2.629499e+02	1.066900e-02
2.631748e+02	1.066330e-02
2.634030e+02	1.066790e-02
2.636350e+02	1.066600e-02
2.638596e+02	1.066480e-02
2.640938e+02	1.066450e-02
2.643179e+02	1.066320e-02
2.645471e+02	1.066330e-02
2.647811e+02	1.066520e-02
2.650046e+02	1.066320e-02
2.652334e+02	1.066470e-02
2.654649e+02	1.066350e-02
2.656884e+02	1.066090e-02
2.659199e+02	1.066100e-02
2.661449e+02	1.065910e-02
2.663779e+02	1.066060e-02
2.666033e+02	1.066140e-02
2.668363e+02	1.065560e-02
2.670593e+02	1.065660e-02
2.672876e+02	1.065580e-02
2.675210e+02	1.065660e-02
2.677454e+02	1.065910e-02
2.679940e+02	1.065870e-02
2.682211e+02	1.065950e-02
2.684490e+02	1.065800e-02
2.686844e+02	1.065860e-02
2.689137e+02	1.065710e-02
2.691381e+02	1.065850e-02
2.693699e+02	1.065390e-02
2.695990e+02	1.065260e-02
2.698276e+02	1.065290e-02
2.700543e+02	1.065320e-02
2.702846e+02	1.065670e-02
2.705158e+02	1.065260e-02
2.707514e+02	1.065510e-02
2.709949e+02	1.065360e-02
2.712187e+02	1.065640e-02
2.714489e+02	1.065680e-02
2.716805e+02	1.065540e-02
2.719094e+02	1.065560e-02
2.721406e+02	1.065590e-02
2.723719e+02	1.065460e-02
2.725979e+02	1.065260e-02
2.728283e+02	1.065140e-02
2.731002e+02	1.065260e-02
2.733250e+02	1.065130e-02
2.735579e+02	1.065300e-02
2.737808e+02	1.065250e-02
2.740548e+02	1.065240e-02
2.742775e+02	1.065400e-02
2.745084e+02	1.065330e-02
2.747324e+02	1.065340e-02
2.749611e+02	1.065210e-02
2.751917e+02	1.064800e-02
2.754168e+02	1.064740e-02
2.756468e+02	1.065030e-02
2.758750e+02	1.064980e-02
2.761048e+02	1.064500e-02
2.763327e+02	1.064420e-02
2.765603e+02	1.064930e-02
2.767902e+02	1.064850e-02
2.770153e+02	1.064720e-02
2.772440e+02	1.064860e-02
2.774761e+02	1.064860e-02
2.777009e+02	1.065130e-02
2.779412e+02	1.064760e-02
2.781847e+02	1.064710e-02
2.784085e+02	1.065000e-02
2.786360e+02	1.064680e-02
2.788689e+02	1.064710e-02
2.790928e+02	1.064930e-02
2.793253e+02	1.064680e-02
2.795485e+02	1.064220e-02
2.797762e+02	1.064540e-02
2.800102e+02	1.064600e-02
2.802360e+02	1.064590e-02
2.804644e+02	1.064430e-02
2.806915e+02	1.064440e-02
2.809197e+02	1.064400e-02
2.811480e+02	1.064290e-02
2.813792e+02	1.064540e-02
2.816085e+02	1.064370e-02
2.818390e+02	1.064730e-02
2.820661e+02	1.064280e-02
2.822999e+02	1.064080e-02
2.825226e+02	1.064510e-02
2.827518e+02	1.064620e-02
2.829851e+02	1.064440e-02
2.832092e+02	1.064400e-02
2.834400e+02	1.064090e-02
2.836659e+02	1.064410e-02
2.838936e+02	1.064310e-02
2.841221e+02	1.064240e-02
2.843591e+02	1.063880e-02
2.845827e+02	1.064130e-02
2.848093e+02	1.064300e-02
2.850409e+02	1.064310e-02
2.852706e+02	1.064150e-02
2.855000e+02	1.064520e-02
2.857283e+02	1.064410e-02
2.859598e+02	1.064420e-02
2.861825e+02	1.064230e-02
2.864119e+02	1.064100e-02
2.866418e+02	1.063910e-02
2.868657e+02	1.063640e-02
2.870959e+02	1.063820e-02
2.873251e+02	1.063720e-02
2.875537e+02	1.063720e-02
2.877863e+02	1.063740e-02
2.880100e+02	1.063830e-02
2.882410e+02	1.063640e-02
2.884646e+02	1.063470e-02
2.886908e+02	1.063460e-02
2.889191e+02	1.063530e-02
2.891918e+02	1.063260e-02
2.894376e+02	1.063820e-02
2.896619e+02	1.063750e-02
2.898896e+02	1.063670e-02
2.901199e+02	1.063890e-02
2.903489e+02	1.063360e-02
2.905760e+02	1.063910e-02
2.908032e+02	1.063830e-02
2.910285e+02	1.063840e-02
2.912559e+02	1.063990e-02
2.914875e+02	1.063740e-02
2.917151e+02	1.063390e-02
2.919415e+02	1.063770e-02
2.921696e+02	1.063350e-02
2.923979e+02	1.063440e-02
2.926252e+02	1.063550e-02
2.928553e+02	1.063180e-02
2.930836e+02	1.062900e-02
2.933114e+02	1.063190e-02
2.935416e+02	1.063550e-02
2.937669e+02	1.063040e-02
2.939937e+02	1.063030e-02
2.942206e+02	1.062920e-02
2.944541e+02	1.063410e-02
2.946768e+02	1.063410e-02
2.949034e+02	1.062830e-02
2.951311e+02	1.063070e-02
2.953605e+02	1.062960e-02
2.955865e+02	1.063190e-02
2.958150e+02	1.063280e-02
2.960436e+02	1.063050e-02
2.962794e+02	1.063430e-02
2.965026e+02	1.063330e-02
2.967319e+02	1.062970e-02
2.969639e+02	1.063390e-02
2.972090e+02	1.063380e-02
2.974333e+02	1.063370e-02
2.976646e+02	1.063060e-02
2.978893e+02	1.063300e-02
2.981202e+02	1.063210e-02
2.983443e+02	1.063020e-02
2.985711e+02	1.063120e-02
2.988012e+02	1.063240e-02
2.990279e+02	1.063390e-02
2.992570e+02	1.063230e-02
2.994875e+02	1.062820e-02
2.997172e+02	1.062970e-02
2.999500e+02	1.062900e-02
3.001729e+02	1.063090e-02
3.004031e+02	1.062840e-02
3.006280e+02	1.062860e-02
3.008557e+02	1.062760e-02
3.010867e+02	1.063290e-02
3.013102e+02	1.062820e-02
3.015378e+02	1.062930e-02
3.017699e+02	1.062910e-02
3.019944e+02	1.062390e-02
3.022224e+02	1.062390e-02
3.024504e+02	1.062430e-02
3.026785e+02	1.063110e-02
3.029098e+02	1.062820e-02
3.031341e+02	1.062980e-02
3.033673e+02	1.062900e-02
3.035907e+02	1.062900e-02
3.038229e+02	1.062920e-02
3.040528e+02	1.062900e-02
3.043258e+02	1.062920e-02
3.045498e+02	1.062420e-02
3.047785e+02	1.062930e-02
3.050071e+02	1.062990e-02
3.052339e+02	1.062460e-02
3.054640e+02	1.062450e-02
3.056931e+02	1.062790e-02
3.059198e+02	1.062790e-02
3.061487e+02	1.062650e-02
3.063774e+02	1.062850e-02
3.066051e+02	1.062540e-02
3.068321e+02	1.062690e-02
3.070608e+02	1.062450e-02
3.072877e+02	1.062600e-02
3.075176e+02	1.062790e-02
3.077464e+02	1.062560e-02
3.079785e+02	1.062610e-02
3.082104e+02	1.062620e-02
3.084352e+02	1.062580e-02
3.086683e+02	1.062730e-02
3.088918e+02	1.062730e-02
3.091195e+02	1.062690e-02
3.093469e+02	1.062670e-02
3.095811e+02	1.062600e-02
3.098052e+02	1.062120e-02
3.100335e+02	1.062210e-02
3.102612e+02	1.062370e-02
3.104942e+02	1.062190e-02
3.107187e+02	1.062110e-02
3.109496e+02	1.062490e-02
3.111756e+02	1.062530e-02
3.114088e+02	1.062610e-02
3.116326e+02	1.062530e-02
3.118640e+02	1.062590e-02
3.120881e+02	1.062530e-02
3.123151e+02	1.062580e-02
3.125448e+02	1.062420e-02
3.127762e+02	1.062530e-02
3.130010e+02	1.062430e-02
3.132315e+02	1.062190e-02
3.134559e+02	1.061860e-02
3.136838e+02	1.061900e-02
3.139169e+02	1.061720e-02
3.141395e+02	1.062230e-02
3.143721e+02	1.062330e-02
3.145959e+02	1.062560e-02
3.148319e+02	1.062460e-02
3.150599e+02	1.062430e-02
3.152887e+02	1.062290e-02
3.155176e+02	1.062220e-02
3.157489e+02	1.062330e-02
3.159722e+02	1.061990e-02
3.162053e+02	1.062110e-02
3.164290e+02	1.062080e-02
3.166568e+02	1.062320e-02
3.168852e+02	1.062110e-02
3.171162e+02	1.062190e-02
3.173397e+02	1.062110e-02
3.175708e+02	1.061910e-02
3.177953e+02	1.062020e-02
3.180237e+02	1.061890e-02
3.182549e+02	1.062040e-02
3.184836e+02	1.061820e-02
3.187310e+02	1.062120e-02
3.189547e+02	1.061760e-02
3.191898e+02	1.061770e-02
3.194545e+02	1.061590e-02
3.196825e+02	1.061720e-02
3.199079e+02	1.061330e-02
3.201358e+02	1.061660e-02
3.203686e+02	1.061630e-02
3.205943e+02	1.061600e-02
3.208242e+02	1.061820e-02
3.210484e+02	1.061640e-02
3.212768e+02	1.061790e-02
3.215019e+02	1.061510e-02
3.217285e+02	1.061880e-02
3.219580e+02	1.061710e-02
3.221929e+02	1.061970e-02
3.224153e+02	1.061740e-02
3.226436e+02	1.061610e-02
3.228759e+02	1.061530e-02
3.230992e+02	1.061440e-02
3.233330e+02	1.061700e-02
3.235568e+02	1.061580e-02
3.238101e+02	1.061500e-02
3.240367e+02	1.061580e-02
3.242667e+02	1.061490e-02
3.244954e+02	1.061600e-02
3.247258e+02	1.061640e-02
3.249580e+02	1.061520e-02
3.251813e+02	1.061830e-02
3.254095e+02	1.061870e-02
3.256367e+02	1.061430e-02
3.258687e+02	1.061250e-02
3.260929e+02	1.061290e-02
3.263201e+02	1.061580e-02
3.265495e+02	1.061480e-02
3.267779e+02	1.061660e-02
3.270067e+02	1.061820e-02
3.272347e+02	1.061630e-02
3.274602e+02	1.061450e-02
3.276878e+02	1.061350e-02
3.279208e+02	1.061680e-02
3.281451e+02	1.061560e-02
3.283740e+02	1.061270e-02
3.286048e+02	1.061560e-02
3.288708e+02	1.061480e-02
3.290945e+02	1.061260e-02
3.293278e+02	1.061350e-02
3.295521e+02	1.061250e-02
3.297850e+02	1.060910e-02
3.300283e+02	1.061140e-02
3.302523e+02	1.061160e-02
3.304816e+02	1.061220e-02
3.307138e+02	1.061300e-02
3.309427e+02	1.061220e-02
3.311698e+02	1.061150e-02
3.313988e+02	1.061320e-02
3.316263e+02	1.061400e-02
3.318536e+02	1.061300e-02
3.320827e+02	1.061290e-02
3.323101e+02	1.061300e-02
3.325369e+02	1.061450e-02
3.327640e+02	1.061260e-02
3.329986e+02	1.061420e-02
3.332219e+02	1.061490e-02
3.334516e+02	1.061370e-02
3.336900e+02	1.061640e-02
3.339145e+02	1.061500e-02
3.341436e+02	1.061410e-02
3.343723e+02	1.061360e-02
3.346381e+02	1.061140e-02
3.348679e+02	1.061070e-02
3.350990e+02	1.061030e-02
3.353231e+02	1.061070e-02
3.355530e+02	1.061290e-02
3.357802e+02	1.061250e-02
3.360113e+02	1.061290e-02
3.362353e+02	1.061540e-02
3.364644e+02	1.061200e-02
3.366906e+02	1.061230e-02
3.369185e+02	1.061250e-02
3.371493e+02	1.061410e-02
3.373743e+02	1.061580e-02
3.376052e+02	1.061560e-02
3.378293e+02	1.061390e-02
3.380569e+02	1.061380e-02
3.382865e+02	1.061570e-02
3.385138e+02	1.061380e-02
3.387409e+02	1.061460e-02
3.389908e+02	1.061350e-02
3.392217e+02	1.061460e-02
3.394452e+02	1.061220e-02
3.396726e+02	1.061280e-02
3.399022e+02	1.061350e-02
3.401417e+02	1.061500e-02
3.403659e+02	1.061050e-02
3.405972e+02	1.061130e-02
3.408220e+02	1.061140e-02
3.410572e+02	1.061180e-02
3.413016e+02	1.060930e-02
3.415249e+02	1.060620e-02
3.417579e+02	1.060870e-02
3.420007e+02	1.061050e-02
3.422259e+02	1.060770e-02
3.424585e+02	1.061070e-02
3.426829e+02	1.060810e-02
3.429141e+02	1.060910e-02
3.431433e+02	1.060570e-02
3.433707e+02	1.060690e-02
3.435996e+02	1.060640e-02
3.438277e+02	1.060850e-02
3.440767e+02	1.060600e-02
3.443039e+02	1.060630e-02
3.445343e+02	1.060600e-02
3.447658e+02	1.060580e-02
3.449890e+02	1.060760e-02
3.452173e+02	1.060530e-02
3.454585e+02	1.060410e-02
3.456812e+02	1.060590e-02
3.459093e+02	1.060810e-02
3.461418e+02	1.060810e-02
3.463863e+02	1.060780e-02
3.466087e+02	1.060640e-02
3.468355e+02	1.060610e-02
3.470811e+02	1.060970e-02
3.473038e+02	1.060730e-02
3.475326e+02	1.060720e-02
3.477687e+02	1.060810e-02
3.479941e+02	1.060630e-02
3.482261e+02	1.060820e-02
3.484504e+02	1.060620e-02
3.486848e+02	1.060690e-02
3.489082e+02	1.060480e-02
3.491367e+02	1.060640e-02
3.493665e+02	1.060500e-02
3.495975e+02	1.060350e-02
3.498628e+02	1.060510e-02
3.500921e+02	1.060470e-02
3.503173e+02	1.060440e-02
3.505480e+02	1.060290e-02
3.507799e+02	1.060170e-02
3.510037e+02	1.060350e-02
3.512331e+02	1.060400e-02
3.514643e+02	1.060490e-02
3.516950e+02	1.060590e-02
3.519187e+02	1.060210e-02
3.521488e+02	1.060320e-02
3.523775e+02	1.060120e-02
3.526064e+02	1.060570e-02
3.528370e+02	1.060470e-02
3.530613e+02	1.060320e-02
3.532900e+02	1.060190e-02
3.535197e+02	1.060180e-02
3.537513e+02	1.060320e-02
3.539766e+02	1.060520e-02
3.542065e+02	1.060460e-02
3.544357e+02	1.060590e-02
3.546718e+02	1.060800e-02
3.548963e+02	1.060280e-02
3.551259e+02	1.060330e-02
3.553565e+02	1.060500e-02
3.555808e+02	1.060220e-02
3.558122e+02	1.060320e-02
3.560428e+02	1.060530e-02
3.562871e+02	1.060490e-02
3.565131e+02	1.060290e-02
3.567419e+02	1.060280e-02
3.569713e+02	1.060410e-02
3.572048e+02	1.060300e-02
3.574283e+02	1.060000e-02
3.576580e+02	1.060020e-02
3.578892e+02	1.059800e-02
3.581142e+02	1.060360e-02
3.583466e+02	1.060580e-02
3.585739e+02	1.060540e-02
3.588019e+02	1.060290e-02
3.590293e+02	1.060560e-02
3.592563e+02	1.060370e-02
3.594877e+02	1.060550e-02
3.597107e+02	1.060530e-02
3.599412e+02	1.059800e-02
3.601665e+02	1.059630e-02
3.603986e+02	1.059860e-02
3.606239e+02	1.059650e-02
3.608512e+02	1.059910e-02
3.610799e+02	1.060560e-02
3.613076e+02	1.060330e-02
3.615368e+02	1.060190e-02
3.617648e+02	1.060260e-02
3.619927e+02	1.060430e-02
3.622250e+02	1.060390e-02
3.624489e+02	1.060320e-02
3.626840e+02	1.060580e-02
3.629080e+02	1.060330e-02
3.631349e+02	1.060170e-02
3.633648e+02	1.060430e-02
3.635924e+02	1.060280e-02
3.638294e+02	1.060200e-02
3.640585e+02	1.060230e-02
3.642901e+02	1.060080e-02
3.645204e+02	1.060000e-02
3.647444e+02	1.060070e-02
3.650157e+02	1.060070e-02
3.652398e+02	1.059910e-02
3.654697e+02	1.060130e-02
3.656998e+02	1.060050e-02
3.659319e+02	1.060250e-02
3.661597e+02	1.059930e-02
3.664074e+02	1.059930e-02
