Tiempo	Corriente
8.459870e-01	1.057620e-02
1.091510e+00	1.056630e-02
1.332481e+00	1.056090e-02
1.563934e+00	1.055460e-02
1.814187e+00	1.055650e-02
2.058059e+00	1.055370e-02
2.282657e+00	1.055260e-02
2.512833e+00	1.055210e-02
2.744115e+00	1.055140e-02
2.973544e+00	1.054700e-02
3.203362e+00	1.054730e-02
3.430810e+00	1.054810e-02
3.659264e+00	1.054710e-02
3.886802e+00	1.054620e-02
4.109021e+00	1.054810e-02
4.335193e+00	1.054810e-02
4.567289e+00	1.054730e-02
4.795207e+00	1.054870e-02
5.021986e+00	1.054660e-02
5.250672e+00	1.054910e-02
5.477235e+00	1.054640e-02
5.705637e+00	1.054850e-02
5.932056e+00	1.054650e-02
6.165438e+00	1.054780e-02
6.391670e+00	1.054730e-02
6.619636e+00	1.054540e-02
6.846627e+00	1.054340e-02
7.073350e+00	1.054640e-02
7.303329e+00	1.054540e-02
7.531206e+00	1.054280e-02
7.757272e+00	1.054330e-02
8.006388e+00	1.054120e-02
8.251099e+00	1.054260e-02
8.473713e+00	1.054510e-02
8.701882e+00	1.054790e-02
8.930223e+00	1.054380e-02
9.169369e+00	1.054570e-02
9.414228e+00	1.054460e-02
9.638489e+00	1.054360e-02
9.865143e+00	1.054250e-02
1.009044e+01	1.054260e-02
1.031674e+01	1.054350e-02
1.054216e+01	1.054200e-02
1.077263e+01	1.054620e-02
1.100328e+01	1.054600e-02
1.123010e+01	1.054380e-02
1.145504e+01	1.054210e-02
1.168532e+01	1.054440e-02
1.191047e+01	1.054270e-02
1.214017e+01	1.054620e-02
1.236607e+01	1.054260e-02
1.259645e+01	1.054290e-02
1.282212e+01	1.054130e-02
1.304861e+01	1.054210e-02
1.328037e+01	1.054130e-02
1.350488e+01	1.053950e-02
1.373340e+01	1.054270e-02
1.396213e+01	1.054280e-02
1.419311e+01	1.054440e-02
1.441721e+01	1.054360e-02
1.465017e+01	1.054500e-02
1.487458e+01	1.054640e-02
1.512216e+01	1.054480e-02
1.534755e+01	1.054290e-02
1.557801e+01	1.054400e-02
1.584467e+01	1.054620e-02
1.607087e+01	1.054240e-02
1.630237e+01	1.054340e-02
1.653036e+01	1.054330e-02
1.675614e+01	1.054450e-02
1.698309e+01	1.054370e-02
1.721242e+01	1.054380e-02
1.744316e+01	1.054440e-02
1.767299e+01	1.054350e-02
1.790336e+01	1.054630e-02
1.815129e+01	1.054630e-02
1.837544e+01	1.054350e-02
1.860186e+01	1.054480e-02
1.882923e+01	1.054440e-02
1.905650e+01	1.054020e-02
1.929025e+01	1.054190e-02
1.953398e+01	1.054370e-02
1.975862e+01	1.054370e-02
1.998499e+01	1.054350e-02
2.021232e+01	1.054180e-02
2.043923e+01	1.054350e-02
2.066732e+01	1.054310e-02
2.089559e+01	1.054590e-02
2.112486e+01	1.054420e-02
2.135094e+01	1.054550e-02
2.157908e+01	1.054700e-02
2.180662e+01	1.054660e-02
2.203587e+01	1.054250e-02
2.226972e+01	1.053840e-02
2.249408e+01	1.054400e-02
2.272222e+01	1.054110e-02
2.294881e+01	1.054180e-02
2.317455e+01	1.054170e-02
2.340363e+01	1.054250e-02
2.363310e+01	1.054260e-02
2.385903e+01	1.054260e-02
2.408577e+01	1.054070e-02
2.431604e+01	1.054110e-02
2.454202e+01	1.054080e-02
2.476874e+01	1.054100e-02
2.499738e+01	1.053810e-02
2.524529e+01	1.053590e-02
2.547637e+01	1.053310e-02
2.570071e+01	1.053220e-02
2.592747e+01	1.053690e-02
2.616116e+01	1.053960e-02
2.638388e+01	1.054170e-02
2.661911e+01	1.054090e-02
2.686327e+01	1.053960e-02
2.708664e+01	1.054110e-02
2.731656e+01	1.054010e-02
2.754126e+01	1.054180e-02
2.776672e+01	1.054050e-02
2.799840e+01	1.053830e-02
2.822134e+01	1.054160e-02
2.846377e+01	1.054150e-02
2.870762e+01	1.053960e-02
2.893255e+01	1.053960e-02
2.916050e+01	1.054140e-02
2.938927e+01	1.053620e-02
2.961936e+01	1.053740e-02
2.985122e+01	1.054060e-02
3.009520e+01	1.054020e-02
3.032005e+01	1.054230e-02
3.054984e+01	1.054270e-02
3.077634e+01	1.054150e-02
3.104955e+01	1.053690e-02
3.127459e+01	1.053720e-02
3.150463e+01	1.053410e-02
3.173104e+01	1.053530e-02
3.195998e+01	1.053570e-02
3.218993e+01	1.054140e-02
3.242168e+01	1.054330e-02
3.264609e+01	1.054340e-02
3.287766e+01	1.053500e-02
3.310204e+01	1.054180e-02
3.335087e+01	1.054010e-02
3.357531e+01	1.053380e-02
3.380150e+01	1.053450e-02
3.402891e+01	1.053630e-02
3.425799e+01	1.053710e-02
3.448336e+01	1.054260e-02
3.470987e+01	1.054130e-02
3.493894e+01	1.053880e-02
3.517095e+01	1.053860e-02
3.539392e+01	1.180990e-02
3.562321e+01	1.196370e-02
3.585193e+01	1.201880e-02
3.607806e+01	1.204770e-02
3.630935e+01	1.206000e-02
3.653428e+01	1.206780e-02
3.676552e+01	1.207160e-02
3.699011e+01	1.207870e-02
3.721624e+01	1.208150e-02
3.744313e+01	1.208180e-02
3.767298e+01	1.208040e-02
3.789761e+01	1.208120e-02
3.812877e+01	1.208340e-02
3.835440e+01	1.208050e-02
3.858811e+01	1.208280e-02
3.883087e+01	1.208620e-02
3.905582e+01	1.208150e-02
3.928638e+01	1.208100e-02
3.951001e+01	1.207950e-02
3.973821e+01	1.208190e-02
3.998506e+01	1.207680e-02
4.022968e+01	1.207540e-02
4.047435e+01	1.207730e-02
4.069857e+01	1.207630e-02
4.092712e+01	1.207590e-02
4.116115e+01	1.207490e-02
4.138599e+01	1.207960e-02
4.162691e+01	1.207730e-02
4.184986e+01	1.207990e-02
4.208150e+01	1.207920e-02
4.230485e+01	1.207890e-02
4.253623e+01	1.207860e-02
4.277865e+01	1.207510e-02
4.301049e+01	1.207110e-02
4.323462e+01	1.207480e-02
4.345995e+01	1.207530e-02
4.369693e+01	1.207580e-02
4.392217e+01	1.207410e-02
4.415210e+01	1.208050e-02
4.437852e+01	1.208040e-02
4.460461e+01	1.207600e-02
4.483287e+01	1.207780e-02
4.506310e+01	1.207930e-02
4.529622e+01	1.207690e-02
4.554142e+01	1.207650e-02
4.576657e+01	1.207930e-02
4.599276e+01	1.207780e-02
4.625957e+01	1.207590e-02
4.648640e+01	1.208010e-02
4.671294e+01	1.207800e-02
4.694008e+01	1.207520e-02
4.716899e+01	1.207450e-02
4.739717e+01	1.207360e-02
4.762618e+01	1.207300e-02
4.785364e+01	1.206930e-02
4.808421e+01	1.207270e-02
4.831129e+01	1.206970e-02
4.853913e+01	1.207380e-02
4.877367e+01	1.207300e-02
4.899721e+01	1.207130e-02
4.922826e+01	1.206790e-02
4.945233e+01	1.207130e-02
4.967831e+01	1.207060e-02
4.990366e+01	1.206910e-02
5.013078e+01	1.206470e-02
5.035727e+01	1.206410e-02
5.060803e+01	1.206660e-02
5.083787e+01	1.206960e-02
5.106489e+01	1.207250e-02
5.129131e+01	1.207180e-02
5.152540e+01	1.207060e-02
5.175534e+01	1.207330e-02
5.198076e+01	1.207160e-02
5.222794e+01	1.206850e-02
5.245123e+01	1.206890e-02
5.267661e+01	1.206870e-02
5.290397e+01	1.207210e-02
5.313503e+01	1.207130e-02
5.335996e+01	1.206960e-02
5.358582e+01	1.207300e-02
5.380591e+01	1.207000e-02
5.403284e+01	1.207220e-02
5.426311e+01	1.207040e-02
5.449437e+01	1.207330e-02
5.471772e+01	1.206960e-02
5.494404e+01	1.207350e-02
5.516941e+01	1.207070e-02
5.539617e+01	1.207220e-02
5.562721e+01	1.207070e-02
5.585745e+01	1.206850e-02
5.608336e+01	1.206590e-02
5.630900e+01	1.206280e-02
5.653953e+01	1.206120e-02
5.676531e+01	1.206810e-02
5.699211e+01	1.206360e-02
5.721798e+01	1.206940e-02
5.744479e+01	1.206850e-02
5.767404e+01	1.206690e-02
5.790479e+01	1.206590e-02
5.813608e+01	1.207110e-02
5.836619e+01	1.206860e-02
5.859210e+01	1.206420e-02
5.882584e+01	1.206310e-02
5.907116e+01	1.206510e-02
5.931593e+01	1.206340e-02
5.953992e+01	1.206460e-02
5.976930e+01	1.206480e-02
5.999956e+01	1.206790e-02
6.022752e+01	1.206410e-02
6.045543e+01	1.206580e-02
6.068078e+01	1.206610e-02
6.090882e+01	1.206540e-02
6.114213e+01	1.206720e-02
6.140893e+01	1.206480e-02
6.164102e+01	1.206590e-02
6.186401e+01	1.206520e-02
6.210455e+01	1.206470e-02
6.232876e+01	1.206520e-02
6.255672e+01	1.206700e-02
6.278321e+01	1.206520e-02
6.301205e+01	1.206600e-02
6.323666e+01	1.206660e-02
6.346577e+01	1.206690e-02
6.369902e+01	1.206240e-02
6.392724e+01	1.206380e-02
6.415249e+01	1.206760e-02
6.438238e+01	1.206280e-02
6.460978e+01	1.206090e-02
6.484083e+01	1.206490e-02
6.506399e+01	1.206460e-02
6.529369e+01	1.206310e-02
6.552612e+01	1.206700e-02
6.578899e+01	1.206550e-02
6.601345e+01	1.207090e-02
6.626107e+01	1.207090e-02
6.648520e+01	1.206950e-02
6.671667e+01	1.207020e-02
6.694712e+01	1.206470e-02
6.717424e+01	1.206530e-02
6.740499e+01	1.206900e-02
6.763529e+01	1.206330e-02
6.786234e+01	1.205800e-02
6.808967e+01	1.205660e-02
6.832267e+01	1.205800e-02
6.856718e+01	1.205910e-02
6.879116e+01	1.206390e-02
6.902220e+01	1.205990e-02
6.924645e+01	1.206470e-02
6.947414e+01	1.206560e-02
6.970109e+01	1.206620e-02
6.993072e+01	1.206330e-02
7.015628e+01	1.206840e-02
7.038852e+01	1.206620e-02
7.061599e+01	1.206030e-02
7.084419e+01	1.206560e-02
7.107416e+01	1.206760e-02
7.130195e+01	1.206240e-02
7.153318e+01	1.206240e-02
7.175837e+01	1.206330e-02
7.198900e+01	1.206750e-02
7.221322e+01	1.206850e-02
7.244050e+01	1.206930e-02
7.266845e+01	1.206770e-02
7.293651e+01	1.206770e-02
7.316064e+01	1.206480e-02
7.338886e+01	1.206520e-02
7.362008e+01	1.206100e-02
7.385160e+01	1.205810e-02
7.407541e+01	1.206360e-02
7.430408e+01	1.206760e-02
7.453009e+01	1.206970e-02
7.479741e+01	1.206390e-02
7.502160e+01	1.206380e-02
7.525284e+01	1.206490e-02
7.548792e+01	1.206340e-02
7.571052e+01	1.206100e-02
7.595743e+01	1.206280e-02
7.620172e+01	1.205890e-02
7.646637e+01	1.205750e-02
7.669586e+01	1.205970e-02
7.692383e+01	1.206250e-02
7.715116e+01	1.205810e-02
7.738259e+01	1.206010e-02
7.760693e+01	1.206360e-02
7.783488e+01	1.206180e-02
7.806682e+01	1.206310e-02
7.829223e+01	1.206350e-02
7.852769e+01	1.205970e-02
7.875123e+01	1.206000e-02
7.898287e+01	1.206190e-02
7.921240e+01	1.206230e-02
7.944084e+01	1.206500e-02
7.966963e+01	1.206460e-02
7.990180e+01	1.206400e-02
8.014550e+01	1.206320e-02
8.036844e+01	1.206130e-02
8.059566e+01	1.205780e-02
8.082224e+01	1.206160e-02
8.104932e+01	1.205960e-02
8.127750e+01	1.206070e-02
8.150277e+01	1.205740e-02
8.172927e+01	1.205930e-02
8.196037e+01	1.205900e-02
8.218480e+01	1.205830e-02
8.241383e+01	1.205520e-02
8.264151e+01	1.205440e-02
8.287085e+01	1.205920e-02
8.309817e+01	1.206220e-02
8.332721e+01	1.205710e-02
8.355499e+01	1.205940e-02
8.378102e+01	1.205700e-02
8.400883e+01	1.205840e-02
8.423686e+01	1.205380e-02
8.446674e+01	1.205790e-02
8.469304e+01	1.205540e-02
8.491897e+01	1.205310e-02
8.515026e+01	1.205500e-02
8.537479e+01	1.205450e-02
8.560318e+01	1.205710e-02
8.583828e+01	1.205690e-02
8.608897e+01	1.205580e-02
8.633258e+01	1.205450e-02
8.655598e+01	1.206010e-02
8.678404e+01	1.205890e-02
8.701108e+01	1.205880e-02
8.723996e+01	1.205740e-02
8.747210e+01	1.205630e-02
8.769926e+01	1.205570e-02
8.792781e+01	1.205480e-02
8.815397e+01	1.205480e-02
8.838605e+01	1.205140e-02
8.861136e+01	1.205130e-02
8.884060e+01	1.204920e-02
8.906793e+01	1.205180e-02
8.931209e+01	1.205000e-02
8.953582e+01	1.205490e-02
8.976808e+01	1.205250e-02
8.999171e+01	1.205190e-02
9.022611e+01	1.205190e-02
9.044889e+01	1.205300e-02
9.067737e+01	1.205070e-02
9.090493e+01	1.205240e-02
9.113575e+01	1.204470e-02
9.136307e+01	1.205480e-02
9.163066e+01	1.205440e-02
9.185779e+01	1.205340e-02
9.208416e+01	1.205320e-02
9.231115e+01	1.205600e-02
9.254013e+01	1.204960e-02
9.277265e+01	1.205100e-02
9.301671e+01	1.205220e-02
9.324033e+01	1.204970e-02
9.347189e+01	1.205230e-02
9.371555e+01	1.205090e-02
9.393910e+01	1.204900e-02
9.416525e+01	1.205290e-02
9.439625e+01	1.205500e-02
9.462079e+01	1.204640e-02
9.484879e+01	1.204560e-02
9.507480e+01	1.204890e-02
9.530321e+01	1.204820e-02
9.553779e+01	1.204840e-02
9.576395e+01	1.205620e-02
9.599117e+01	1.205230e-02
9.622195e+01	1.205710e-02
9.644982e+01	1.205730e-02
9.667710e+01	1.204880e-02
9.690199e+01	1.205440e-02
9.713317e+01	1.205220e-02
9.736421e+01	1.205470e-02
9.759211e+01	1.205240e-02
9.781981e+01	1.205370e-02
9.805393e+01	1.205410e-02
9.828297e+01	1.204950e-02
9.853204e+01	1.205390e-02
9.875549e+01	1.205970e-02
9.898256e+01	1.205520e-02
9.921044e+01	1.205180e-02
9.943856e+01	1.205290e-02
9.967185e+01	1.205160e-02
9.989495e+01	1.205340e-02
1.001252e+02	1.205460e-02
1.003534e+02	1.205320e-02
1.005862e+02	1.205080e-02
1.008113e+02	1.205030e-02
1.010382e+02	1.205120e-02
1.012664e+02	1.205570e-02
1.014980e+02	1.205370e-02
1.017230e+02	1.205400e-02
1.019513e+02	1.205240e-02
1.021811e+02	1.204770e-02
1.024095e+02	1.204900e-02
1.026409e+02	1.204840e-02
1.028667e+02	1.204840e-02
1.030953e+02	1.204810e-02
1.033408e+02	1.205150e-02
1.035842e+02	1.204910e-02
1.038102e+02	1.205040e-02
1.040366e+02	1.204980e-02
1.042648e+02	1.204900e-02
1.044910e+02	1.204840e-02
1.047159e+02	1.205020e-02
1.049470e+02	1.205540e-02
1.051764e+02	1.205620e-02
1.054037e+02	1.205050e-02
1.056323e+02	1.204890e-02
1.058633e+02	1.205180e-02
1.060869e+02	1.205080e-02
1.063159e+02	1.205050e-02
1.065408e+02	1.204740e-02
1.068088e+02	1.205060e-02
1.070361e+02	1.204900e-02
1.072642e+02	1.204810e-02
1.074928e+02	1.204580e-02
1.077230e+02	1.204650e-02
1.079483e+02	1.204770e-02
1.081800e+02	1.204630e-02
1.084126e+02	1.204820e-02
1.086354e+02	1.204840e-02
1.088688e+02	1.205040e-02
1.090932e+02	1.204990e-02
1.093239e+02	1.205100e-02
1.095583e+02	1.204730e-02
1.097823e+02	1.204290e-02
1.100124e+02	1.204940e-02
1.102442e+02	1.204530e-02
1.104669e+02	1.204800e-02
1.106970e+02	1.204670e-02
1.109260e+02	1.205040e-02
1.111521e+02	1.204470e-02
1.113841e+02	1.204510e-02
1.116087e+02	1.204200e-02
1.118370e+02	1.204180e-02
1.120651e+02	1.203980e-02
1.122912e+02	1.203950e-02
1.125188e+02	1.204300e-02
1.127492e+02	1.204170e-02
1.129780e+02	1.204120e-02
1.132060e+02	1.204150e-02
1.134418e+02	1.204790e-02
1.136848e+02	1.204690e-02
1.139091e+02	1.204950e-02
1.141349e+02	1.204140e-02
1.143611e+02	1.204460e-02
1.145924e+02	1.204630e-02
1.148161e+02	1.204180e-02
1.150455e+02	1.204490e-02
1.152761e+02	1.204620e-02
1.155191e+02	1.204570e-02
1.157438e+02	1.205700e-02
1.159729e+02	1.205290e-02
1.162092e+02	1.205150e-02
1.164527e+02	1.204360e-02
1.166773e+02	1.204570e-02
1.169092e+02	1.205050e-02
1.171375e+02	1.204580e-02
1.173678e+02	1.204610e-02
1.175979e+02	1.204620e-02
1.178269e+02	1.205020e-02
1.180510e+02	1.204950e-02
1.182777e+02	1.204940e-02
1.185114e+02	1.204600e-02
1.187344e+02	1.204890e-02
1.189616e+02	1.205140e-02
1.191874e+02	1.204910e-02
1.194153e+02	1.204930e-02
1.196460e+02	1.204530e-02
1.198712e+02	1.204510e-02
1.201023e+02	1.204890e-02
1.203272e+02	1.205050e-02
1.205539e+02	1.204780e-02
1.207858e+02	1.205040e-02
1.210099e+02	1.204510e-02
1.212417e+02	1.204510e-02
1.214655e+02	1.204320e-02
1.216940e+02	1.203940e-02
1.219613e+02	1.203610e-02
1.221881e+02	1.204360e-02
1.224164e+02	1.205000e-02
1.226450e+02	1.204650e-02
1.228728e+02	1.204380e-02
1.231025e+02	1.204270e-02
1.233366e+02	1.204470e-02
1.235592e+02	1.204530e-02
1.237935e+02	1.204600e-02
1.240175e+02	1.204620e-02
1.242473e+02	1.204410e-02
1.244747e+02	1.205020e-02
1.247022e+02	1.204460e-02
1.249276e+02	1.204960e-02
1.251564e+02	1.205330e-02
1.253845e+02	1.204990e-02
1.256142e+02	1.204990e-02
1.258412e+02	1.204420e-02
1.260722e+02	1.204680e-02
1.262964e+02	1.204350e-02
1.265242e+02	1.204750e-02
1.267552e+02	1.204500e-02
1.269842e+02	1.204950e-02
1.272128e+02	1.204580e-02
1.274380e+02	1.205460e-02
1.276651e+02	1.205330e-02
1.278923e+02	1.204670e-02
1.281221e+02	1.204950e-02
1.283488e+02	1.204910e-02
1.285765e+02	1.204880e-02
1.288032e+02	1.205000e-02
1.290322e+02	1.204980e-02
1.292602e+02	1.204540e-02
1.294870e+02	1.204450e-02
1.297179e+02	1.204610e-02
1.299513e+02	1.204000e-02
1.301772e+02	1.204440e-02
1.304073e+02	1.204170e-02
1.306557e+02	1.204060e-02
1.308792e+02	1.204360e-02
1.311082e+02	1.204210e-02
1.313342e+02	1.204500e-02
1.315624e+02	1.204080e-02
1.317904e+02	1.204290e-02
1.320208e+02	1.204570e-02
1.322535e+02	1.204590e-02
1.324782e+02	1.204250e-02
1.327038e+02	1.204070e-02
1.329441e+02	1.204740e-02
1.331700e+02	1.204240e-02
1.333993e+02	1.204420e-02
1.336283e+02	1.204210e-02
1.338589e+02	1.204060e-02
1.340818e+02	1.203910e-02
1.343091e+02	1.203740e-02
1.345364e+02	1.203540e-02
1.347644e+02	1.203490e-02
1.349952e+02	1.203730e-02
1.352200e+02	1.203810e-02
1.354497e+02	1.203850e-02
1.356821e+02	1.203930e-02
1.359100e+02	1.203590e-02
1.361413e+02	1.203780e-02
1.363707e+02	1.203650e-02
1.366023e+02	1.203730e-02
1.368266e+02	1.203980e-02
1.370952e+02	1.204020e-02
1.373208e+02	1.204320e-02
1.375521e+02	1.203990e-02
1.377845e+02	1.204320e-02
1.380079e+02	1.203870e-02
1.382357e+02	1.203500e-02
1.384678e+02	1.203360e-02
1.386939e+02	1.203970e-02
1.389216e+02	1.203810e-02
1.391498e+02	1.203440e-02
1.393773e+02	1.204020e-02
1.396082e+02	1.203400e-02
1.398321e+02	1.203480e-02
1.400581e+02	1.203650e-02
1.402908e+02	1.203950e-02
1.405153e+02	1.204110e-02
1.407637e+02	1.203960e-02
1.409891e+02	1.203830e-02
1.412166e+02	1.203380e-02
1.414442e+02	1.203960e-02
1.416701e+02	1.203860e-02
1.418992e+02	1.203650e-02
1.421315e+02	1.203510e-02
1.423552e+02	1.203550e-02
1.425842e+02	1.203370e-02
1.428096e+02	1.203760e-02
1.430400e+02	1.203520e-02
1.432651e+02	1.203790e-02
1.434931e+02	1.204120e-02
1.437184e+02	1.203400e-02
1.439496e+02	1.203880e-02
1.441739e+02	1.203530e-02
1.444057e+02	1.204170e-02
1.446493e+02	1.203730e-02
1.448727e+02	1.203700e-02
1.451042e+02	1.203650e-02
1.453280e+02	1.204050e-02
1.455533e+02	1.203880e-02
1.457780e+02	1.203320e-02
1.460065e+02	1.203400e-02
1.462351e+02	1.203870e-02
1.464632e+02	1.203820e-02
1.466906e+02	1.203970e-02
1.469207e+02	1.203720e-02
1.471505e+02	1.203740e-02
1.473776e+02	1.203750e-02
1.476031e+02	1.203490e-02
1.478317e+02	1.202770e-02
1.480592e+02	1.203590e-02
1.482842e+02	1.203610e-02
1.485121e+02	1.203280e-02
1.487426e+02	1.203300e-02
1.489880e+02	1.203680e-02
1.492108e+02	1.204210e-02
1.494401e+02	1.204430e-02
1.496678e+02	1.204070e-02
1.499136e+02	1.204260e-02
1.501372e+02	1.204250e-02
1.503671e+02	1.204160e-02
1.505934e+02	1.204420e-02
1.508251e+02	1.203860e-02
1.510536e+02	1.204480e-02
1.512837e+02	1.204400e-02
1.515113e+02	1.204590e-02
1.517445e+02	1.204020e-02
1.519690e+02	1.204030e-02
1.522402e+02	1.204050e-02
1.524700e+02	1.203990e-02
1.527022e+02	1.203420e-02
1.529264e+02	1.204290e-02
1.531740e+02	1.204220e-02
1.533984e+02	1.203980e-02
1.536283e+02	1.204200e-02
1.538532e+02	1.204210e-02
1.540810e+02	1.204190e-02
1.543062e+02	1.204000e-02
1.545372e+02	1.203890e-02
1.547652e+02	1.203940e-02
1.549916e+02	1.203930e-02
1.552205e+02	1.203620e-02
1.554546e+02	1.203560e-02
1.556788e+02	1.203870e-02
1.559063e+02	1.204050e-02
1.561394e+02	1.204380e-02
1.563824e+02	1.204050e-02
1.566072e+02	1.203790e-02
1.568364e+02	1.203300e-02
1.570662e+02	1.203640e-02
1.572981e+02	1.203950e-02
1.575429e+02	1.203300e-02
1.577665e+02	1.203330e-02
1.579980e+02	1.203780e-02
1.582414e+02	1.203870e-02
1.584703e+02	1.203980e-02
1.586983e+02	1.203800e-02
1.589272e+02	1.203430e-02
1.591541e+02	1.203190e-02
1.593746e+02	1.204050e-02
1.596022e+02	1.203640e-02
1.598300e+02	1.203750e-02
1.600608e+02	1.203550e-02
1.602841e+02	1.203300e-02
1.605170e+02	1.203740e-02
1.607439e+02	1.203470e-02
1.609718e+02	1.203980e-02
1.612002e+02	1.203630e-02
1.614242e+02	1.204270e-02
1.616570e+02	1.203950e-02
1.618891e+02	1.204280e-02
1.621146e+02	1.204250e-02
1.623432e+02	1.203950e-02
1.625706e+02	1.203530e-02
1.628022e+02	1.203830e-02
1.630281e+02	1.203530e-02
1.632557e+02	1.203320e-02
1.634887e+02	1.203760e-02
1.637131e+02	1.204130e-02
1.639456e+02	1.203840e-02
1.641687e+02	1.204170e-02
1.643988e+02	1.203700e-02
1.646252e+02	1.204070e-02
1.648581e+02	1.203810e-02
1.650836e+02	1.203930e-02
1.653108e+02	1.204010e-02
1.655417e+02	1.203460e-02
1.657662e+02	1.203910e-02
1.659937e+02	1.203090e-02
1.662251e+02	1.203920e-02
1.664486e+02	1.203430e-02
1.666781e+02	1.203670e-02
1.669061e+02	1.203430e-02
1.671385e+02	1.203310e-02
1.674433e+02	1.203730e-02
1.676664e+02	1.203540e-02
1.678945e+02	1.203150e-02
1.681263e+02	1.203580e-02
1.683584e+02	1.203430e-02
1.685835e+02	1.202950e-02
1.688112e+02	1.203160e-02
1.690394e+02	1.203790e-02
1.692653e+02	1.203400e-02
1.694932e+02	1.203370e-02
1.697200e+02	1.203220e-02
1.699519e+02	1.203720e-02
1.701759e+02	1.203340e-02
1.704036e+02	1.204010e-02
1.706376e+02	1.204250e-02
1.708607e+02	1.204050e-02
1.710916e+02	1.204070e-02
1.713156e+02	1.203970e-02
1.715426e+02	1.203550e-02
1.717701e+02	1.203110e-02
1.719992e+02	1.203280e-02
1.722268e+02	1.203130e-02
1.724541e+02	1.203660e-02
1.726851e+02	1.203280e-02
1.729138e+02	1.203430e-02
1.731456e+02	1.203520e-02
1.733731e+02	1.203780e-02
1.736041e+02	1.203790e-02
1.738472e+02	1.204020e-02
1.740725e+02	1.203340e-02
1.743013e+02	1.203250e-02
1.745345e+02	1.203870e-02
1.747611e+02	1.203470e-02
1.749883e+02	1.203690e-02
1.752190e+02	1.203460e-02
1.754488e+02	1.203680e-02
1.756733e+02	1.203710e-02
1.759011e+02	1.203330e-02
1.761332e+02	1.203540e-02
1.763607e+02	1.203830e-02
1.765886e+02	1.203210e-02
1.768190e+02	1.203670e-02
1.770518e+02	1.204040e-02
1.772774e+02	1.203280e-02
1.775070e+02	1.203730e-02
1.777324e+02	1.203570e-02
1.779611e+02	1.203280e-02
1.781881e+02	1.203240e-02
1.784165e+02	1.202840e-02
1.786425e+02	1.203240e-02
1.788723e+02	1.203200e-02
1.791041e+02	1.203530e-02
1.793332e+02	1.203580e-02
1.795841e+02	1.203580e-02
1.798093e+02	1.203900e-02
1.800394e+02	1.203530e-02
1.802651e+02	1.203600e-02
1.804992e+02	1.203690e-02
1.807215e+02	1.203650e-02
1.809511e+02	1.203400e-02
1.811842e+02	1.203550e-02
1.814103e+02	1.203910e-02
1.816355e+02	1.203520e-02
1.818652e+02	1.203190e-02
1.820956e+02	1.203370e-02
1.823211e+02	1.203330e-02
1.825910e+02	1.203240e-02
1.828192e+02	1.203490e-02
1.830516e+02	1.203920e-02
1.832749e+02	1.203620e-02
1.835017e+02	1.203630e-02
1.837305e+02	1.203770e-02
1.839654e+02	1.204180e-02
1.841879e+02	1.204010e-02
1.844186e+02	1.203750e-02
1.846632e+02	1.203630e-02
1.848890e+02	1.203540e-02
1.851151e+02	1.203650e-02
1.853417e+02	1.203400e-02
1.855675e+02	1.203110e-02
1.858002e+02	1.204070e-02
1.860244e+02	1.203610e-02
1.862522e+02	1.203450e-02
1.864782e+02	1.203800e-02
1.867086e+02	1.203540e-02
1.869369e+02	1.203410e-02
1.871632e+02	1.203430e-02
1.873932e+02	1.203780e-02
1.876208e+02	1.203230e-02
1.878429e+02	1.203180e-02
1.880698e+02	1.203210e-02
1.883025e+02	1.203360e-02
1.885258e+02	1.202920e-02
1.887561e+02	1.203540e-02
1.889842e+02	1.203380e-02
1.892162e+02	1.203550e-02
1.894391e+02	1.203640e-02
1.896709e+02	1.203400e-02
1.898955e+02	1.203310e-02
1.901210e+02	1.203240e-02
1.903522e+02	1.203440e-02
1.905841e+02	1.203300e-02
1.908094e+02	1.203210e-02
1.910352e+02	1.203810e-02
1.912664e+02	1.203610e-02
1.914914e+02	1.203250e-02
1.917420e+02	1.203580e-02
1.919708e+02	1.203440e-02
1.921982e+02	1.203670e-02
1.924244e+02	1.203760e-02
1.926510e+02	1.203580e-02
1.928945e+02	1.203200e-02
1.931396e+02	1.203290e-02
1.933639e+02	1.203550e-02
1.935928e+02	1.203730e-02
1.938229e+02	1.203400e-02
1.940463e+02	1.203570e-02
1.942741e+02	1.203010e-02
1.945022e+02	1.203480e-02
1.947272e+02	1.203890e-02
1.949568e+02	1.204180e-02
1.951837e+02	1.203910e-02
1.954145e+02	1.203920e-02
1.956417e+02	1.203430e-02
1.958712e+02	1.203460e-02
1.960957e+02	1.203420e-02
1.963218e+02	1.203490e-02
1.965495e+02	1.203150e-02
1.967751e+02	1.203040e-02
1.970232e+02	1.203270e-02
1.972482e+02	1.203160e-02
1.974746e+02	1.203760e-02
1.977482e+02	1.203170e-02
1.979709e+02	1.203250e-02
1.981992e+02	1.203650e-02
1.984301e+02	1.203660e-02
1.986560e+02	1.203160e-02
1.988882e+02	1.203200e-02
1.991140e+02	1.203480e-02
1.993451e+02	1.203520e-02
1.995710e+02	1.203370e-02
1.997989e+02	1.203130e-02
2.000303e+02	1.203330e-02
2.002555e+02	1.203460e-02
2.004888e+02	1.203190e-02
2.007135e+02	1.203390e-02
2.009462e+02	1.203350e-02
2.011703e+02	1.203200e-02
2.013990e+02	1.203440e-02
2.016258e+02	1.203420e-02
2.018583e+02	1.203320e-02
2.021022e+02	1.203310e-02
2.023255e+02	1.203400e-02
2.025564e+02	1.203200e-02
2.027815e+02	1.202780e-02
2.030099e+02	1.202360e-02
2.032382e+02	1.201820e-02
2.034664e+02	1.202580e-02
2.036940e+02	1.202380e-02
2.039421e+02	1.202340e-02
2.041733e+02	1.202200e-02
2.043963e+02	1.202510e-02
2.046272e+02	1.201930e-02
2.048539e+02	1.201880e-02
2.050922e+02	1.202080e-02
2.053162e+02	1.202190e-02
2.055432e+02	1.202160e-02
2.057701e+02	1.201980e-02
2.060021e+02	1.201920e-02
2.062256e+02	1.201760e-02
2.064536e+02	1.201770e-02
2.066831e+02	1.201920e-02
2.069165e+02	1.202090e-02
2.071392e+02	1.201980e-02
2.073681e+02	1.201530e-02
2.075979e+02	1.201820e-02
2.078322e+02	1.201890e-02
2.080546e+02	1.202090e-02
2.082837e+02	1.202270e-02
2.085116e+02	1.202070e-02
2.087422e+02	1.201540e-02
2.089671e+02	1.201620e-02
2.091986e+02	1.202150e-02
2.094228e+02	1.202250e-02
2.096510e+02	1.202160e-02
2.098786e+02	1.202240e-02
2.101093e+02	1.201890e-02
2.103539e+02	1.202660e-02
2.105803e+02	1.202700e-02
2.108096e+02	1.202710e-02
2.110361e+02	1.202780e-02
2.112617e+02	1.202240e-02
2.114900e+02	1.202340e-02
2.117209e+02	1.202800e-02
2.119463e+02	1.202530e-02
2.121841e+02	1.202990e-02
2.124087e+02	1.202610e-02
2.126373e+02	1.202450e-02
2.129113e+02	1.202400e-02
2.131392e+02	1.202550e-02
2.133664e+02	1.202330e-02
2.135981e+02	1.201690e-02
2.138414e+02	1.202090e-02
2.140861e+02	1.202180e-02
2.143109e+02	1.202440e-02
2.145398e+02	1.202320e-02
2.147658e+02	1.202370e-02
2.149941e+02	1.202070e-02
2.152240e+02	1.202150e-02
2.154521e+02	1.202090e-02
2.156821e+02	1.202150e-02
2.159119e+02	1.202000e-02
2.161415e+02	1.202040e-02
2.163672e+02	1.202670e-02
2.165945e+02	1.202860e-02
2.168273e+02	1.202190e-02
2.170515e+02	1.202380e-02
2.172790e+02	1.202590e-02
2.175067e+02	1.202420e-02
2.177341e+02	1.202370e-02
2.179640e+02	1.202210e-02
2.181915e+02	1.202210e-02
2.184183e+02	1.202450e-02
2.186665e+02	1.202310e-02
2.188900e+02	1.202390e-02
2.191188e+02	1.202600e-02
2.193496e+02	1.202330e-02
2.195768e+02	1.202020e-02
2.198050e+02	1.202210e-02
2.200352e+02	1.202400e-02
2.202643e+02	1.202760e-02
2.204952e+02	1.202710e-02
2.207196e+02	1.202690e-02
2.209492e+02	1.202960e-02
2.211797e+02	1.202570e-02
2.214104e+02	1.202800e-02
2.216348e+02	1.201970e-02
2.218633e+02	1.202180e-02
2.220913e+02	1.202600e-02
2.223402e+02	1.202320e-02
2.225646e+02	1.202370e-02
2.227971e+02	1.202240e-02
2.230222e+02	1.202330e-02
2.232504e+02	1.202210e-02
2.234788e+02	1.201960e-02
2.237059e+02	1.202210e-02
2.239344e+02	1.201920e-02
2.241664e+02	1.202490e-02
2.243900e+02	1.202420e-02
2.246181e+02	1.202220e-02
2.248470e+02	1.202660e-02
2.250787e+02	1.202730e-02
2.253222e+02	1.202290e-02
2.255461e+02	1.202580e-02
2.257736e+02	1.202580e-02
2.260030e+02	1.202590e-02
2.262694e+02	1.202680e-02
2.265121e+02	1.202540e-02
2.267367e+02	1.202730e-02
2.269652e+02	1.202380e-02
2.271929e+02	1.202660e-02
2.274148e+02	1.202760e-02
2.276441e+02	1.202750e-02
2.278699e+02	1.202950e-02
2.281373e+02	1.202840e-02
2.283671e+02	1.203110e-02
2.285947e+02	1.202390e-02
2.288231e+02	1.202150e-02
2.290489e+02	1.202580e-02
2.292752e+02	1.202490e-02
2.295066e+02	1.202240e-02
2.297295e+02	1.202520e-02
2.299565e+02	1.202810e-02
2.301850e+02	1.202610e-02
2.304081e+02	1.202710e-02
2.306414e+02	1.202660e-02
2.308648e+02	1.202540e-02
2.310993e+02	1.203240e-02
2.313245e+02	1.202350e-02
2.315675e+02	1.202160e-02
2.318140e+02	1.201480e-02
2.320411e+02	1.201330e-02
2.322692e+02	1.201870e-02
2.325031e+02	1.201800e-02
2.327347e+02	1.201830e-02
2.329631e+02	1.201540e-02
2.332006e+02	1.201790e-02
2.334266e+02	1.201780e-02
2.336536e+02	1.201590e-02
2.338845e+02	1.201580e-02
2.341148e+02	1.201180e-02
2.343466e+02	1.201860e-02
2.345782e+02	1.201750e-02
2.348016e+02	1.201170e-02
2.350297e+02	1.201520e-02
2.352578e+02	1.201790e-02
2.354954e+02	1.201940e-02
2.357194e+02	1.202020e-02
2.359471e+02	1.201730e-02
2.361788e+02	1.201650e-02
2.364035e+02	1.201990e-02
2.366311e+02	1.201490e-02
2.368623e+02	1.201790e-02
2.371120e+02	1.202030e-02
2.373364e+02	1.202080e-02
2.375670e+02	1.202270e-02
2.377925e+02	1.202290e-02
2.380211e+02	1.202410e-02
2.382471e+02	1.202370e-02
2.384731e+02	1.201690e-02
2.387018e+02	1.202400e-02
2.389276e+02	1.202180e-02
2.391550e+02	1.201890e-02
2.393834e+02	1.201970e-02
2.396154e+02	1.202010e-02
2.398411e+02	1.201650e-02
2.400700e+02	1.201690e-02
2.402996e+02	1.201800e-02
2.405280e+02	1.201870e-02
2.407601e+02	1.201570e-02
2.409882e+02	1.201880e-02
2.412162e+02	1.202190e-02
2.414631e+02	1.201800e-02
2.416907e+02	1.201760e-02
2.419212e+02	1.201290e-02
2.421464e+02	1.202100e-02
2.423744e+02	1.201920e-02
2.426092e+02	1.202100e-02
2.428338e+02	1.202070e-02
2.430609e+02	1.202280e-02
2.433330e+02	1.201670e-02
2.435614e+02	1.202360e-02
2.437923e+02	1.201890e-02
2.440154e+02	1.202160e-02
2.442429e+02	1.202280e-02
2.444723e+02	1.202360e-02
2.446992e+02	1.202500e-02
2.449269e+02	1.202790e-02
2.451544e+02	1.202140e-02
2.453821e+02	1.201950e-02
2.456101e+02	1.201660e-02
2.458381e+02	1.201720e-02
2.460647e+02	1.201780e-02
2.462948e+02	1.201370e-02
2.465271e+02	1.201400e-02
2.467554e+02	1.201470e-02
2.469845e+02	1.201490e-02
2.472105e+02	1.201850e-02
2.474375e+02	1.201800e-02
2.476773e+02	1.201820e-02
2.479048e+02	1.201730e-02
2.481349e+02	1.201630e-02
2.483613e+02	1.201850e-02
2.485885e+02	1.202020e-02
2.488208e+02	1.201670e-02
2.490451e+02	1.201870e-02
2.492731e+02	1.201680e-02
2.495056e+02	1.201780e-02
2.497311e+02	1.201430e-02
2.499592e+02	1.201730e-02
2.501900e+02	1.201710e-02
2.504342e+02	1.201760e-02
2.506566e+02	1.201450e-02
2.508848e+02	1.201610e-02
2.511150e+02	1.201680e-02
2.513432e+02	1.202010e-02
2.515750e+02	1.201510e-02
2.518064e+02	1.201690e-02
2.520293e+02	1.201880e-02
2.522572e+02	1.202090e-02
2.524844e+02	1.201880e-02
2.527130e+02	1.202430e-02
2.529403e+02	1.202130e-02
2.531693e+02	1.202500e-02
2.533987e+02	1.201730e-02
2.536463e+02	1.201860e-02
2.538708e+02	1.202030e-02
2.540981e+02	1.201950e-02
2.543263e+02	1.201590e-02
2.545553e+02	1.201960e-02
2.547946e+02	1.202420e-02
2.550186e+02	1.201600e-02
2.552481e+02	1.201440e-02
2.554822e+02	1.202280e-02
2.557076e+02	1.201910e-02
2.559377e+02	1.201550e-02
2.561671e+02	1.201280e-02
2.563982e+02	1.200700e-02
2.566275e+02	1.200840e-02
2.568564e+02	1.200720e-02
2.570861e+02	1.200670e-02
2.573181e+02	1.200400e-02
2.575432e+02	1.201300e-02
2.577742e+02	1.201190e-02
2.580002e+02	1.201460e-02
2.582308e+02	1.200880e-02
2.585013e+02	1.200860e-02
2.587328e+02	1.200840e-02
2.589572e+02	1.200660e-02
2.591856e+02	1.200160e-02
2.594187e+02	1.200570e-02
2.596518e+02	1.201010e-02
2.598761e+02	1.200980e-02
2.601057e+02	1.200520e-02
2.603336e+02	1.199960e-02
2.605672e+02	1.199920e-02
2.607914e+02	1.195060e-02
2.610222e+02	1.191940e-02
2.612547e+02	1.189830e-02
2.614841e+02	1.188730e-02
2.617102e+02	1.187430e-02
2.619386e+02	1.185500e-02
2.621701e+02	1.184360e-02
2.623960e+02	1.182710e-02
2.626212e+02	1.181530e-02
2.628512e+02	1.180520e-02
2.630789e+02	1.179480e-02
2.633100e+02	1.178080e-02
2.635411e+02	1.177560e-02
2.637655e+02	1.176400e-02
2.639913e+02	1.174930e-02
2.642219e+02	1.174150e-02
2.644498e+02	1.173310e-02
2.646812e+02	1.172360e-02
2.649062e+02	1.171980e-02
2.651372e+02	1.170990e-02
2.653605e+02	1.170490e-02
2.655882e+02	1.169430e-02
2.658192e+02	1.168340e-02
2.660443e+02	1.167870e-02
2.662701e+02	1.166720e-02
2.665014e+02	1.166250e-02
2.667260e+02	1.165140e-02
2.669546e+02	1.164560e-02
2.671858e+02	1.164080e-02
2.674175e+02	1.163310e-02
2.676419e+02	1.162680e-02
2.678701e+02	1.161740e-02
2.680998e+02	1.161360e-02
2.683331e+02	1.160490e-02
2.685602e+02	1.159810e-02
2.687878e+02	1.159400e-02
2.690222e+02	1.158640e-02
2.692455e+02	1.158060e-02
2.694763e+02	1.156940e-02
2.696995e+02	1.157010e-02
2.699269e+02	1.156150e-02
2.701625e+02	1.155790e-02
2.703899e+02	1.155160e-02
2.706191e+02	1.154040e-02
2.708689e+02	1.153490e-02
2.710940e+02	1.153160e-02
2.713213e+02	1.152630e-02
2.715515e+02	1.151780e-02
2.717805e+02	1.151570e-02
2.720071e+02	1.150930e-02
2.722348e+02	1.150500e-02
2.724662e+02	1.149580e-02
2.727037e+02	1.148920e-02
2.729301e+02	1.148480e-02
2.731600e+02	1.147550e-02
2.733844e+02	1.146910e-02
2.736538e+02	1.146280e-02
2.738854e+02	1.145670e-02
2.741290e+02	1.145240e-02
2.743535e+02	1.144800e-02
2.745821e+02	1.144380e-02
2.748107e+02	1.143880e-02
2.750376e+02	1.143650e-02
2.752712e+02	1.142260e-02
2.754954e+02	1.141820e-02
2.757271e+02	1.141740e-02
2.759515e+02	1.141200e-02
2.761843e+02	1.140750e-02
2.764141e+02	1.140440e-02
2.766401e+02	1.140010e-02
2.768757e+02	1.139380e-02
2.770994e+02	1.139070e-02
2.773282e+02	1.138740e-02
2.775614e+02	1.138310e-02
2.777845e+02	1.137910e-02
2.780182e+02	1.136990e-02
2.782617e+02	1.136560e-02
2.784866e+02	1.135880e-02
2.787142e+02	1.135620e-02
2.789409e+02	1.135120e-02
2.791783e+02	1.134820e-02
2.794061e+02	1.134370e-02
2.796347e+02	1.133570e-02
2.798633e+02	1.132790e-02
2.801002e+02	1.132590e-02
2.803240e+02	1.132010e-02
2.805520e+02	1.131500e-02
2.807802e+02	1.131050e-02
2.810061e+02	1.130550e-02
2.812366e+02	1.130490e-02
2.814682e+02	1.130160e-02
2.816920e+02	1.129760e-02
2.819200e+02	1.129320e-02
2.821473e+02	1.128610e-02
2.823781e+02	1.128460e-02
2.826052e+02	1.127870e-02
2.828339e+02	1.127870e-02
2.830593e+02	1.127390e-02
2.832868e+02	1.126900e-02
2.835202e+02	1.126100e-02
2.837516e+02	1.125950e-02
2.839962e+02	1.125560e-02
2.842202e+02	1.124930e-02
2.844493e+02	1.124400e-02
2.846813e+02	1.123990e-02
2.849058e+02	1.123670e-02
2.851351e+02	1.123110e-02
2.853649e+02	1.122920e-02
2.855994e+02	1.122880e-02
2.858227e+02	1.122570e-02
2.861342e+02	1.122200e-02
2.863649e+02	1.121340e-02
2.865940e+02	1.120840e-02
2.868219e+02	1.120850e-02
2.870729e+02	1.120350e-02
2.873024e+02	1.120330e-02
2.875316e+02	1.120050e-02
2.877592e+02	1.119000e-02
2.879881e+02	1.118650e-02
2.882153e+02	1.118190e-02
2.884436e+02	1.117950e-02
2.886711e+02	1.117580e-02
2.889421e+02	1.117210e-02
2.891708e+02	1.117170e-02
2.894022e+02	1.117000e-02
2.896261e+02	1.116590e-02
2.898591e+02	1.116420e-02
2.900830e+02	1.115610e-02
2.903110e+02	1.115180e-02
2.905416e+02	1.114900e-02
2.907646e+02	1.114660e-02
2.909948e+02	1.114290e-02
2.912201e+02	1.114270e-02
2.914519e+02	1.113770e-02
2.916769e+02	1.113570e-02
2.919101e+02	1.113200e-02
2.921328e+02	1.112750e-02
2.923592e+02	1.112790e-02
2.925909e+02	1.113090e-02
2.928157e+02	1.112010e-02
2.930441e+02	1.111460e-02
2.932708e+02	1.111810e-02
2.935025e+02	1.111400e-02
2.937260e+02	1.111180e-02
2.939562e+02	1.110680e-02
2.941812e+02	1.110330e-02
2.944085e+02	1.110530e-02
2.946357e+02	1.110360e-02
2.948600e+02	1.110220e-02
2.950898e+02	1.109130e-02
2.953153e+02	1.108860e-02
2.955454e+02	1.108990e-02
2.957697e+02	1.108840e-02
2.959974e+02	1.108610e-02
2.962245e+02	1.108290e-02
2.964592e+02	1.107960e-02
2.966876e+02	1.107760e-02
2.969179e+02	1.107480e-02
2.971430e+02	1.107480e-02
2.973741e+02	1.106700e-02
2.975989e+02	1.106310e-02
2.978270e+02	1.106130e-02
2.980563e+02	1.105980e-02
2.982836e+02	1.106160e-02
2.985123e+02	1.105460e-02
2.987428e+02	1.105070e-02
2.989719e+02	1.104880e-02
2.992215e+02	1.105200e-02
2.994470e+02	1.104550e-02
2.996758e+02	1.104180e-02
2.999039e+02	1.103950e-02
3.001315e+02	1.103610e-02
3.003572e+02	1.103950e-02
3.005866e+02	1.103430e-02
3.008178e+02	1.103190e-02
3.010426e+02	1.102970e-02
3.012711e+02	1.102730e-02
3.015031e+02	1.102760e-02
3.017268e+02	1.102380e-02
3.019539e+02	1.102140e-02
3.021820e+02	1.101670e-02
3.024049e+02	1.101350e-02
3.026364e+02	1.101520e-02
3.028592e+02	1.101300e-02
3.030851e+02	1.101040e-02
3.033160e+02	1.100420e-02
3.035404e+02	1.100410e-02
3.037688e+02	1.099880e-02
3.040360e+02	1.099980e-02
3.042692e+02	1.099020e-02
3.045134e+02	1.098750e-02
3.047364e+02	1.098670e-02
3.049629e+02	1.098730e-02
3.051938e+02	1.098770e-02
3.054216e+02	1.098010e-02
3.056496e+02	1.097780e-02
3.058778e+02	1.097500e-02
3.061110e+02	1.097100e-02
3.063362e+02	1.097280e-02
3.065671e+02	1.096730e-02
3.068005e+02	1.096920e-02
3.070239e+02	1.096520e-02
3.072551e+02	1.096270e-02
3.074794e+02	1.096070e-02
3.077083e+02	1.095940e-02
3.079370e+02	1.095460e-02
3.081645e+02	1.095500e-02
3.083931e+02	1.095170e-02
3.086181e+02	1.095120e-02
3.088511e+02	1.095040e-02
3.090771e+02	1.095300e-02
3.093058e+02	1.094530e-02
3.095362e+02	1.094900e-02
3.097620e+02	1.094410e-02
3.099890e+02	1.094160e-02
3.102222e+02	1.094120e-02
3.104460e+02	1.093870e-02
3.106723e+02	1.093690e-02
3.109033e+02	1.093430e-02
3.111268e+02	1.093440e-02
3.113570e+02	1.093210e-02
3.115825e+02	1.093330e-02
3.118106e+02	1.093400e-02
3.120390e+02	1.093350e-02
3.122701e+02	1.093080e-02
3.124932e+02	1.092690e-02
3.127261e+02	1.092540e-02
3.129564e+02	1.091960e-02
3.131821e+02	1.092150e-02
3.134093e+02	1.092160e-02
3.136392e+02	1.091550e-02
3.138651e+02	1.091720e-02
3.140915e+02	1.091560e-02
3.143191e+02	1.090830e-02
3.145479e+02	1.090820e-02
3.147752e+02	1.091100e-02
3.150069e+02	1.090490e-02
3.152305e+02	1.090610e-02
3.154591e+02	1.090240e-02
3.156908e+02	1.090440e-02
3.159214e+02	1.089940e-02
3.161444e+02	1.089640e-02
3.163710e+02	1.089880e-02
3.166011e+02	1.089460e-02
3.168310e+02	1.090060e-02
3.170617e+02	1.089870e-02
3.172868e+02	1.089490e-02
3.175377e+02	1.089550e-02
3.177611e+02	1.088950e-02
3.179941e+02	1.088880e-02
3.182169e+02	1.088270e-02
3.184481e+02	1.088330e-02
3.186720e+02	1.087920e-02
3.188991e+02	1.087960e-02
3.191720e+02	1.087770e-02
3.193958e+02	1.087510e-02
3.196241e+02	1.087330e-02
3.198518e+02	1.087350e-02
3.200785e+02	1.087240e-02
3.203070e+02	1.087070e-02
3.205309e+02	1.087060e-02
3.207589e+02	1.087410e-02
3.209898e+02	1.086580e-02
3.212151e+02	1.087090e-02
3.214437e+02	1.086850e-02
3.216762e+02	1.086080e-02
3.218992e+02	1.086420e-02
3.221262e+02	1.085910e-02
3.223578e+02	1.086270e-02
3.226232e+02	1.085630e-02
3.228676e+02	1.085620e-02
3.230932e+02	1.085590e-02
3.233215e+02	1.085420e-02
3.235520e+02	1.085310e-02
3.237769e+02	1.085320e-02
3.240073e+02	1.085170e-02
3.242303e+02	1.085420e-02
3.244570e+02	1.085420e-02
3.246855e+02	1.085190e-02
3.249173e+02	1.084580e-02
3.251422e+02	1.084540e-02
3.253742e+02	1.084240e-02
3.256186e+02	1.084190e-02
3.258414e+02	1.084000e-02
3.260706e+02	1.083760e-02
3.263041e+02	1.083670e-02
3.265266e+02	1.083500e-02
3.267671e+02	1.083360e-02
3.269909e+02	1.083500e-02
3.272183e+02	1.083040e-02
3.274500e+02	1.083070e-02
3.276808e+02	1.082870e-02
3.279060e+02	1.082800e-02
3.281341e+02	1.082740e-02
3.283671e+02	1.082610e-02
3.285902e+02	1.082600e-02
3.288228e+02	1.082550e-02
3.290474e+02	1.082450e-02
3.292818e+02	1.082270e-02
3.295081e+02	1.082230e-02
3.297393e+02	1.081920e-02
3.299645e+02	1.081850e-02
3.301917e+02	1.081720e-02
3.304221e+02	1.081800e-02
3.306559e+02	1.081480e-02
3.309015e+02	1.081630e-02
3.311255e+02	1.081530e-02
3.313575e+02	1.081300e-02
3.315823e+02	1.081450e-02
3.318102e+02	1.081020e-02
3.320414e+02	1.080760e-02
3.322639e+02	1.080820e-02
3.324947e+02	1.080810e-02
3.327396e+02	1.080660e-02
3.329672e+02	1.080270e-02
3.331982e+02	1.080150e-02
3.334236e+02	1.080090e-02
3.336516e+02	1.080310e-02
3.338722e+02	1.080120e-02
3.341065e+02	1.080000e-02
3.343713e+02	1.079980e-02
3.346001e+02	1.079690e-02
3.348311e+02	1.079870e-02
3.350551e+02	1.079630e-02
3.352831e+02	1.079580e-02
3.355112e+02	1.079670e-02
3.357601e+02	1.079170e-02
3.359909e+02	1.078990e-02
3.362163e+02	1.078900e-02
3.364437e+02	1.078850e-02
3.366718e+02	1.078930e-02
3.368982e+02	1.078840e-02
3.371354e+02	1.078380e-02
3.373630e+02	1.078540e-02
3.375905e+02	1.078590e-02
3.378183e+02	1.078200e-02
3.380465e+02	1.078120e-02
3.382794e+02	1.077900e-02
3.385029e+02	1.077960e-02
3.387300e+02	1.077810e-02
3.389542e+02	1.077440e-02
3.391839e+02	1.077590e-02
3.394121e+02	1.077510e-02
3.396380e+02	1.077560e-02
3.398660e+02	1.077360e-02
3.400931e+02	1.077210e-02
3.403204e+02	1.077280e-02
3.405531e+02	1.077050e-02
3.407774e+02	1.076820e-02
3.410050e+02	1.076800e-02
3.412331e+02	1.076740e-02
3.414621e+02	1.076710e-02
3.416909e+02	1.076790e-02
3.419180e+02	1.076630e-02
3.421458e+02	1.076570e-02
3.423759e+02	1.076370e-02
3.426095e+02	1.076620e-02
3.428324e+02	1.076340e-02
3.430663e+02	1.076270e-02
3.432923e+02	1.076520e-02
3.435204e+02	1.076090e-02
3.437494e+02	1.076000e-02
3.439774e+02	1.075830e-02
3.442040e+02	1.076200e-02
3.444351e+02	1.075730e-02
3.446603e+02	1.075570e-02
3.448948e+02	1.075630e-02
3.451191e+02	1.075250e-02
3.453466e+02	1.075410e-02
3.455793e+02	1.075460e-02
3.458041e+02	1.075280e-02
3.460369e+02	1.075090e-02
3.462798e+02	1.074940e-02
3.465047e+02	1.074920e-02
3.467320e+02	1.075020e-02
3.469608e+02	1.074600e-02
3.471913e+02	1.074940e-02
3.474151e+02	1.075060e-02
3.476486e+02	1.075100e-02
3.478718e+02	1.074510e-02
3.481026e+02	1.074850e-02
3.483362e+02	1.074340e-02
3.485599e+02	1.074050e-02
3.487892e+02	1.074190e-02
3.490143e+02	1.073940e-02
3.492420e+02	1.074060e-02
3.495117e+02	1.073780e-02
3.497462e+02	1.073640e-02
3.499700e+02	1.074020e-02
3.501991e+02	1.073880e-02
3.504316e+02	1.073900e-02
3.506573e+02	1.073490e-02
3.508850e+02	1.073480e-02
3.511101e+02	1.073740e-02
3.513387e+02	1.073670e-02
3.515721e+02	1.073170e-02
3.517963e+02	1.073240e-02
3.520239e+02	1.073090e-02
3.522559e+02	1.073700e-02
3.524801e+02	1.073170e-02
3.527133e+02	1.073740e-02
3.529413e+02	1.073150e-02
3.531755e+02	1.072900e-02
3.533994e+02	1.073070e-02
3.536266e+02	1.073120e-02
3.538591e+02	1.072570e-02
3.540841e+02	1.072660e-02
3.543125e+02	1.072650e-02
3.545423e+02	1.072360e-02
3.547754e+02	1.072430e-02
3.549988e+02	1.072450e-02
3.552271e+02	1.072080e-02
3.554540e+02	1.071990e-02
3.556861e+02	1.072530e-02
3.559187e+02	1.072360e-02
3.561420e+02	1.072030e-02
3.563729e+02	1.072320e-02
3.565978e+02	1.072650e-02
3.568280e+02	1.072160e-02
3.570515e+02	1.072200e-02
3.572843e+02	1.071940e-02
3.575093e+02	1.072230e-02
3.577417e+02	1.071970e-02
3.579652e+02	1.071910e-02
3.582017e+02	1.072180e-02
3.584269e+02	1.072230e-02
3.586540e+02	1.071930e-02
3.588831e+02	1.071540e-02
3.591531e+02	1.071160e-02
3.593785e+02	1.071730e-02
3.596066e+02	1.071230e-02
3.598350e+02	1.071320e-02
3.600681e+02	1.071270e-02
3.602913e+02	1.071450e-02
3.605219e+02	1.070970e-02
3.607550e+02	1.070770e-02
3.609861e+02	1.070950e-02
3.612120e+02	1.070610e-02
3.614467e+02	1.071060e-02
3.616705e+02	1.070900e-02
3.618996e+02	1.070440e-02
3.621269e+02	1.070570e-02
3.623558e+02	1.070300e-02
3.625875e+02	1.070790e-02
3.628130e+02	1.070520e-02
3.630441e+02	1.070820e-02
3.632713e+02	1.070240e-02
3.635011e+02	1.070270e-02
3.637310e+02	1.070410e-02
3.639608e+02	1.070630e-02
3.642061e+02	1.070040e-02
3.644293e+02	1.070030e-02
3.646980e+02	1.069930e-02
3.649268e+02	1.069920e-02
3.651619e+02	1.069690e-02
3.653863e+02	1.069430e-02
3.656168e+02	1.069910e-02
3.658490e+02	1.069920e-02
3.660720e+02	1.069960e-02
3.663007e+02	1.069880e-02
3.665300e+02	1.069730e-02
3.667571e+02	1.069600e-02
3.669871e+02	1.070150e-02
3.672099e+02	1.069460e-02
3.674390e+02	1.069790e-02
3.676670e+02	1.069200e-02
3.678940e+02	1.069580e-02
3.681240e+02	1.069020e-02
3.683488e+02	1.068770e-02
3.685761e+02	1.069080e-02
3.688047e+02	1.069020e-02
3.690368e+02	1.068980e-02
3.692618e+02	1.068740e-02
3.694904e+02	1.069100e-02
3.697178e+02	1.069040e-02
3.699500e+02	1.068900e-02
3.701744e+02	1.068550e-02
3.704028e+02	1.068800e-02
3.706310e+02	1.068750e-02
3.708590e+02	1.068790e-02
3.710860e+02	1.068790e-02
3.713541e+02	1.068710e-02
3.715787e+02	1.068500e-02
3.718077e+02	1.068700e-02
3.720402e+02	1.068230e-02
3.722631e+02	1.068340e-02
3.724952e+02	1.068170e-02
3.727181e+02	1.068540e-02
3.729538e+02	1.068090e-02
3.731824e+02	1.067890e-02
3.734119e+02	1.067970e-02
3.736371e+02	1.068000e-02
3.738655e+02	1.067770e-02
3.741019e+02	1.067660e-02
3.743259e+02	1.067590e-02
3.745556e+02	1.067400e-02
3.747841e+02	1.068010e-02
3.750111e+02	1.067960e-02
3.752408e+02	1.068230e-02
3.754716e+02	1.067860e-02
3.757003e+02	1.067680e-02
3.759300e+02	1.067790e-02
3.761621e+02	1.067260e-02
3.764056e+02	1.067650e-02
3.766390e+02	1.067490e-02
3.768630e+02	1.067450e-02
3.770919e+02	1.067370e-02
3.773187e+02	1.067310e-02
3.775601e+02	1.067370e-02
3.777837e+02	1.067310e-02
3.780106e+02	1.067170e-02
3.782381e+02	1.067060e-02
3.784668e+02	1.066860e-02
3.786983e+02	1.066810e-02
3.789232e+02	1.067130e-02
3.791533e+02	1.067070e-02
3.793803e+02	1.066590e-02
3.796045e+02	1.066580e-02
3.798721e+02	1.066420e-02
3.801040e+02	1.066450e-02
3.803280e+02	1.066590e-02
3.805621e+02	1.066520e-02
3.807861e+02	1.066080e-02
3.810135e+02	1.066460e-02
3.812430e+02	1.066320e-02
3.814722e+02	1.066280e-02
3.817031e+02	1.066120e-02
3.819283e+02	1.066350e-02
3.821570e+02	1.066130e-02
3.823874e+02	1.066130e-02
3.826237e+02	1.066340e-02
3.828491e+02	1.066360e-02
3.830817e+02	1.066540e-02
3.833120e+02	1.066370e-02
3.835347e+02	1.066190e-02
3.837638e+02	1.066100e-02
3.839961e+02	1.066610e-02
3.842206e+02	1.066290e-02
3.844514e+02	1.066180e-02
3.846753e+02	1.065810e-02
3.849030e+02	1.065990e-02
3.851326e+02	1.066200e-02
3.853599e+02	1.065560e-02
3.855882e+02	1.065650e-02
3.858199e+02	1.065700e-02
3.860631e+02	1.065780e-02
3.862878e+02	1.066140e-02
3.865169e+02	1.065530e-02
3.867475e+02	1.065470e-02
3.869733e+02	1.065460e-02
3.872010e+02	1.065540e-02
3.874328e+02	1.065300e-02
3.876571e+02	1.065200e-02
3.878860e+02	1.065160e-02
3.881195e+02	1.065150e-02
3.883448e+02	1.065030e-02
3.885928e+02	1.065480e-02
3.888209e+02	1.065440e-02
3.890491e+02	1.064870e-02
3.892788e+02	1.065060e-02
3.895098e+02	1.065330e-02
3.897755e+02	1.065300e-02
3.899996e+02	1.065130e-02
3.902280e+02	1.065360e-02
3.904603e+02	1.065330e-02
3.906841e+02	1.064600e-02
3.909159e+02	1.064490e-02
3.911505e+02	1.065090e-02
3.913760e+02	1.064610e-02
3.916035e+02	1.064340e-02
3.918350e+02	1.064320e-02
3.920580e+02	1.064600e-02
3.922888e+02	1.064440e-02
3.925137e+02	1.064470e-02
3.927418e+02	1.064670e-02
3.929762e+02	1.064830e-02
3.932012e+02	1.064210e-02
3.934284e+02	1.064480e-02
3.936771e+02	1.064310e-02
3.939070e+02	1.064490e-02
3.941369e+02	1.064380e-02
3.943678e+02	1.064210e-02
3.945921e+02	1.064280e-02
3.948245e+02	1.064030e-02
3.950877e+02	1.063990e-02
3.953181e+02	1.064060e-02
3.955439e+02	1.064660e-02
3.957735e+02	1.064780e-02
3.960024e+02	1.064530e-02
3.962351e+02	1.064740e-02
3.964598e+02	1.064470e-02
3.966960e+02	1.064520e-02
3.969203e+02	1.063930e-02
3.971501e+02	1.064140e-02
3.973797e+02	1.064400e-02
3.976102e+02	1.063710e-02
3.978342e+02	1.063830e-02
3.980612e+02	1.064260e-02
3.982982e+02	1.063940e-02
3.985229e+02	1.063700e-02
3.987501e+02	1.063850e-02
3.989770e+02	1.063870e-02
3.992070e+02	1.064010e-02
3.994375e+02	1.064320e-02
3.996667e+02	1.064010e-02
3.998891e+02	1.064410e-02
4.001197e+02	1.063890e-02
4.003438e+02	1.064220e-02
4.005733e+02	1.064220e-02
4.008048e+02	1.063820e-02
4.010380e+02	1.063930e-02
4.012626e+02	1.063770e-02
4.014909e+02	1.064120e-02
4.017266e+02	1.063630e-02
4.019491e+02	1.063710e-02
4.021805e+02	1.063410e-02
4.024043e+02	1.063180e-02
4.026347e+02	1.063230e-02
4.028657e+02	1.063320e-02
4.030899e+02	1.063730e-02
4.033215e+02	1.063720e-02
4.035449e+02	1.063430e-02
4.037772e+02	1.063310e-02
4.040220e+02	1.063200e-02
4.042654e+02	1.063100e-02
4.045102e+02	1.063410e-02
4.047537e+02	1.063470e-02
4.049779e+02	1.063400e-02
4.052063e+02	1.063330e-02
4.054370e+02	1.062850e-02
4.056615e+02	1.063140e-02
4.058941e+02	1.063080e-02
4.061175e+02	1.062860e-02
4.063472e+02	1.063310e-02
4.065726e+02	1.063300e-02
4.068022e+02	1.062760e-02
4.070327e+02	1.062810e-02
4.072576e+02	1.062940e-02
4.074891e+02	1.062640e-02
4.077134e+02	1.063180e-02
4.079427e+02	1.062950e-02
4.081760e+02	1.062840e-02
4.084013e+02	1.062650e-02
4.086368e+02	1.062750e-02
4.089036e+02	1.062770e-02
4.091286e+02	1.062810e-02
4.093623e+02	1.063040e-02
4.095868e+02	1.062870e-02
4.098193e+02	1.062830e-02
4.100438e+02	1.062410e-02
4.103179e+02	1.062180e-02
4.105432e+02	1.062390e-02
4.107724e+02	1.062390e-02
4.110033e+02	1.062340e-02
4.112284e+02	1.062220e-02
4.114568e+02	1.062450e-02
4.116898e+02	1.062340e-02
4.119140e+02	1.062170e-02
4.121426e+02	1.062140e-02
4.123721e+02	1.062170e-02
4.126011e+02	1.062540e-02
4.128321e+02	1.062090e-02
4.130564e+02	1.061880e-02
4.132864e+02	1.061830e-02
4.135178e+02	1.062040e-02
4.137430e+02	1.061880e-02
4.139755e+02	1.062080e-02
4.141976e+02	1.062070e-02
4.144271e+02	1.062150e-02
4.146593e+02	1.062110e-02
4.148837e+02	1.062450e-02
4.151253e+02	1.062400e-02
4.153509e+02	1.062210e-02
4.155876e+02	1.062090e-02
4.158112e+02	1.062370e-02
4.160399e+02	1.062480e-02
4.162734e+02	1.062380e-02
4.164959e+02	1.062660e-02
4.167263e+02	1.062670e-02
4.169505e+02	1.062360e-02
4.171799e+02	1.062480e-02
4.174157e+02	1.062170e-02
4.176407e+02	1.062320e-02
4.178741e+02	1.061980e-02
4.181000e+02	1.061830e-02
4.183320e+02	1.062190e-02
4.185626e+02	1.061990e-02
4.187868e+02	1.061730e-02
4.190181e+02	1.062270e-02
4.192475e+02	1.061950e-02
4.194790e+02	1.062230e-02
4.197022e+02	1.062140e-02
4.199361e+02	1.062450e-02
4.201609e+02	1.062100e-02
4.203925e+02	1.061730e-02
4.206160e+02	1.062180e-02
4.208452e+02	1.061840e-02
4.210774e+02	1.061960e-02
4.213101e+02	1.061620e-02
4.215340e+02	1.062000e-02
4.217680e+02	1.062020e-02
4.219930e+02	1.061820e-02
4.222235e+02	1.061280e-02
4.224487e+02	1.061500e-02
4.226778e+02	1.061260e-02
4.229084e+02	1.061660e-02
4.231344e+02	1.061540e-02
4.233658e+02	1.061380e-02
4.235971e+02	1.061140e-02
4.238295e+02	1.061240e-02
4.240527e+02	1.061570e-02
4.242810e+02	1.061030e-02
4.245106e+02	1.061230e-02
4.247414e+02	1.061440e-02
4.249736e+02	1.061070e-02
4.251977e+02	1.061970e-02
4.254692e+02	1.061470e-02
4.256951e+02	1.061180e-02
4.259219e+02	1.061530e-02
4.261590e+02	1.061270e-02
4.263844e+02	1.061220e-02
4.266148e+02	1.061240e-02
4.268418e+02	1.061220e-02
4.270697e+02	1.060920e-02
4.273076e+02	1.061400e-02
4.275316e+02	1.061190e-02
4.277593e+02	1.060910e-02
4.279889e+02	1.061230e-02
4.282196e+02	1.061270e-02
4.284435e+02	1.061080e-02
4.286733e+02	1.060980e-02
4.289024e+02	1.060940e-02
4.291725e+02	1.061450e-02
4.293978e+02	1.061270e-02
4.296250e+02	1.061240e-02
4.298568e+02	1.060970e-02
4.300872e+02	1.061020e-02
4.303338e+02	1.060700e-02
4.305576e+02	1.061230e-02
4.307903e+02	1.060740e-02
4.310148e+02	1.061170e-02
4.312451e+02	1.060750e-02
4.314679e+02	1.061250e-02
4.316970e+02	1.061010e-02
4.319271e+02	1.060940e-02
4.321721e+02	1.060970e-02
4.324045e+02	1.060540e-02
4.326306e+02	1.060550e-02
4.328600e+02	1.060720e-02
4.330955e+02	1.060210e-02
4.333193e+02	1.060820e-02
4.335493e+02	1.060470e-02
4.337821e+02	1.060210e-02
4.340067e+02	1.060330e-02
4.342399e+02	1.060270e-02
4.344837e+02	1.060660e-02
4.347071e+02	1.060260e-02
4.349370e+02	1.060580e-02
4.351671e+02	1.060670e-02
4.354000e+02	1.059990e-02
4.356233e+02	1.060360e-02
4.358532e+02	1.060360e-02
4.360772e+02	1.060130e-02
4.363076e+02	1.059960e-02
4.365310e+02	1.059940e-02
4.367670e+02	1.060210e-02
4.369899e+02	1.060410e-02
4.372190e+02	1.060140e-02
4.374499e+02	1.059900e-02
4.376784e+02	1.059890e-02
4.379044e+02	1.059950e-02
4.381368e+02	1.059840e-02
4.383678e+02	1.060300e-02
4.385972e+02	1.059550e-02
4.388248e+02	1.059530e-02
4.390581e+02	1.059720e-02
4.392827e+02	1.059610e-02
4.395122e+02	1.059620e-02
4.397368e+02	1.059820e-02
4.399712e+02	1.060590e-02
4.401965e+02	1.059760e-02
4.404366e+02	1.060030e-02
4.406998e+02	1.059850e-02
4.409310e+02	1.059950e-02
4.411627e+02	1.059690e-02
4.413867e+02	1.059970e-02
4.416187e+02	1.060040e-02
4.418430e+02	1.060040e-02
4.420731e+02	1.059810e-02
4.423040e+02	1.059690e-02
4.425267e+02	1.059770e-02
4.427582e+02	1.060120e-02
4.429822e+02	1.059630e-02
4.432131e+02	1.060020e-02
4.434375e+02	1.059650e-02
4.436657e+02	1.060040e-02
4.439000e+02	1.059650e-02
4.441243e+02	1.059700e-02
4.443755e+02	1.059790e-02
4.446102e+02	1.059740e-02
4.448406e+02	1.059210e-02
4.450663e+02	1.059160e-02
4.452962e+02	1.059220e-02
4.455244e+02	1.059520e-02
4.457554e+02	1.059450e-02
4.459894e+02	1.059690e-02
4.462327e+02	1.059020e-02
4.464771e+02	1.059290e-02
4.467005e+02	1.059480e-02
4.469282e+02	1.059650e-02
4.471607e+02	1.059430e-02
4.473836e+02	1.059420e-02
4.476170e+02	1.059590e-02
4.478408e+02	1.059010e-02
4.480690e+02	1.058730e-02
4.482956e+02	1.059110e-02
4.485295e+02	1.059260e-02
4.487538e+02	1.059320e-02
4.489861e+02	1.059240e-02
4.492095e+02	1.059080e-02
4.494383e+02	1.059300e-02
4.496824e+02	1.059230e-02
4.499082e+02	1.059400e-02
4.501395e+02	1.059400e-02
4.503853e+02	1.059170e-02
4.506078e+02	1.059290e-02
4.508371e+02	1.058990e-02
4.510674e+02	1.059200e-02
4.512950e+02	1.059270e-02
4.515223e+02	1.059300e-02
4.517480e+02	1.059200e-02
4.519799e+02	1.059640e-02
4.522070e+02	1.059450e-02
4.524378e+02	1.059280e-02
4.526674e+02	1.059430e-02
4.528980e+02	1.059540e-02
4.531412e+02	1.059170e-02
4.533664e+02	1.058870e-02
4.535933e+02	1.058750e-02
4.538202e+02	1.058740e-02
4.540529e+02	1.059020e-02
4.542861e+02	1.058720e-02
4.545093e+02	1.058880e-02
4.547369e+02	1.058850e-02
4.549689e+02	1.059030e-02
4.551925e+02	1.059550e-02
4.554211e+02	1.058940e-02
4.556522e+02	1.058710e-02
4.559176e+02	1.059010e-02
4.561468e+02	1.059080e-02
4.563751e+02	1.058840e-02
4.566084e+02	1.058630e-02
4.568318e+02	1.058770e-02
4.570647e+02	1.058550e-02
4.572882e+02	1.058850e-02
4.575365e+02	1.059040e-02
4.577625e+02	1.059000e-02
4.579921e+02	1.058680e-02
4.582230e+02	1.058560e-02
4.584468e+02	1.058940e-02
4.586806e+02	1.059000e-02
4.589034e+02	1.059020e-02
4.591365e+02	1.058990e-02
4.593597e+02	1.058840e-02
4.595860e+02	1.058580e-02
4.598150e+02	1.058390e-02
4.600444e+02	1.058830e-02
4.602748e+02	1.058570e-02
4.605096e+02	1.058560e-02
4.607345e+02	1.058550e-02
4.609659e+02	1.058790e-02
4.611901e+02	1.058590e-02
4.614188e+02	1.058710e-02
4.616498e+02	1.058960e-02
4.618751e+02	1.058870e-02
4.621093e+02	1.058260e-02
4.623388e+02	1.058890e-02
4.625670e+02	1.058700e-02
4.628009e+02	1.058280e-02
4.630242e+02	1.058130e-02
4.632572e+02	1.058210e-02
4.634808e+02	1.058690e-02
4.637110e+02	1.058560e-02
4.639412e+02	1.058260e-02
4.641654e+02	1.058220e-02
4.643941e+02	1.058190e-02
4.646247e+02	1.058110e-02
4.648476e+02	1.058070e-02
4.650782e+02	1.057940e-02
4.653024e+02	1.057860e-02
4.655318e+02	1.057940e-02
4.657623e+02	1.057760e-02
4.659900e+02	1.058140e-02
4.662211e+02	1.058120e-02
4.664467e+02	1.058560e-02
4.666739e+02	1.058410e-02
4.669051e+02	1.058630e-02
4.671348e+02	1.057990e-02
4.673625e+02	1.057960e-02
4.675960e+02	1.058430e-02
4.678199e+02	1.058050e-02
4.680482e+02	1.058110e-02
4.682764e+02	1.058520e-02
4.685066e+02	1.058110e-02
4.687298e+02	1.058410e-02
4.689572e+02	1.058700e-02
4.691950e+02	1.058270e-02
4.694190e+02	1.058120e-02
4.696492e+02	1.058500e-02
4.698781e+02	1.058380e-02
4.701091e+02	1.058260e-02
4.703330e+02	1.058450e-02
4.705611e+02	1.057890e-02
4.707881e+02	1.057790e-02
4.710574e+02	1.057830e-02
4.712866e+02	1.057930e-02
4.715162e+02	1.057850e-02
4.717490e+02	1.057920e-02
4.719780e+02	1.057790e-02
4.722050e+02	1.057670e-02
4.724320e+02	1.057520e-02
4.726603e+02	1.057590e-02
4.728907e+02	1.057590e-02
4.731135e+02	1.057660e-02
4.733441e+02	1.057770e-02
4.735694e+02	1.057840e-02
4.738003e+02	1.058120e-02
4.740245e+02	1.058060e-02
4.742530e+02	1.058350e-02
4.744847e+02	1.058110e-02
4.747090e+02	1.058140e-02
4.749391e+02	1.058240e-02
4.751632e+02	1.057780e-02
4.753994e+02	1.057810e-02
4.756248e+02	1.057930e-02
4.758604e+02	1.057810e-02
4.760854e+02	1.058210e-02
4.763196e+02	1.057860e-02
4.765445e+02	1.058160e-02
4.767922e+02	1.057550e-02
4.770231e+02	1.057850e-02
4.772480e+02	1.057400e-02
4.774783e+02	1.057920e-02
4.777030e+02	1.057870e-02
4.779342e+02	1.057700e-02
4.781594e+02	1.057640e-02
4.783904e+02	1.057520e-02
4.786149e+02	1.057700e-02
4.788471e+02	1.057520e-02
4.790915e+02	1.057520e-02
4.793150e+02	1.057780e-02
4.795447e+02	1.058140e-02
4.797741e+02	1.057950e-02
4.800031e+02	1.058000e-02
4.802354e+02	1.058220e-02
4.804587e+02	1.057430e-02
4.806951e+02	1.057420e-02
4.809191e+02	1.057810e-02
4.811466e+02	1.057330e-02
4.813748e+02	1.057780e-02
4.816082e+02	1.057370e-02
4.818720e+02	1.057270e-02
4.820961e+02	1.057220e-02
4.823258e+02	1.057690e-02
4.825528e+02	1.057080e-02
4.827815e+02	1.057050e-02
4.830122e+02	1.057040e-02
4.832358e+02	1.056980e-02
4.834634e+02	1.057320e-02
4.836970e+02	1.057450e-02
4.839219e+02	1.057310e-02
4.841540e+02	1.057090e-02
4.843783e+02	1.057360e-02
4.846080e+02	1.057750e-02
4.848383e+02	1.057650e-02
4.850658e+02	1.057730e-02
4.852961e+02	1.057620e-02
4.855231e+02	1.057720e-02
4.857542e+02	1.057440e-02
4.859788e+02	1.057650e-02
4.862514e+02	1.057770e-02
4.864962e+02	1.057110e-02
4.867193e+02	1.057320e-02
4.869531e+02	1.057800e-02
4.871784e+02	1.057590e-02
4.874059e+02	1.057420e-02
4.876361e+02	1.057490e-02
4.878663e+02	1.057110e-02
4.880972e+02	1.057200e-02
4.883204e+02	1.057060e-02
4.885499e+02	1.057250e-02
4.887819e+02	1.056860e-02
4.890167e+02	1.057400e-02
4.892626e+02	1.057170e-02
4.894864e+02	1.056940e-02
4.897184e+02	1.057330e-02
4.899630e+02	1.057350e-02
4.901876e+02	1.057130e-02
4.904178e+02	1.057190e-02
4.906440e+02	1.057570e-02
4.908709e+02	1.057330e-02
4.910991e+02	1.057110e-02
4.913308e+02	1.057220e-02
4.915623e+02	1.057120e-02
4.917855e+02	1.056680e-02
4.920141e+02	1.057020e-02
4.922466e+02	1.057010e-02
4.924731e+02	1.056710e-02
4.927037e+02	1.056660e-02
4.929271e+02	1.056660e-02
4.931572e+02	1.056650e-02
4.933814e+02	1.056830e-02
4.936160e+02	1.056880e-02
4.938385e+02	1.056960e-02
4.940690e+02	1.057340e-02
4.942962e+02	1.056940e-02
4.945291e+02	1.056540e-02
4.947531e+02	1.056500e-02
4.949869e+02	1.056640e-02
4.952105e+02	1.056760e-02
4.954378e+02	1.056330e-02
4.956690e+02	1.056890e-02
4.959010e+02	1.057180e-02
4.961449e+02	1.057370e-02
4.963695e+02	1.057410e-02
4.965971e+02	1.056900e-02
4.968251e+02	1.056620e-02
4.970583e+02	1.056870e-02
4.972820e+02	1.056690e-02
4.975102e+02	1.056910e-02
4.977382e+02	1.056430e-02
4.979713e+02	1.056140e-02
4.982020e+02	1.056620e-02
4.984310e+02	1.056480e-02
4.986624e+02	1.056500e-02
4.988871e+02	1.056270e-02
4.991244e+02	1.056820e-02
4.993474e+02	1.056890e-02
4.995812e+02	1.056490e-02
4.998051e+02	1.056540e-02
5.000342e+02	1.056350e-02
5.002710e+02	1.056550e-02
5.004967e+02	1.056850e-02
5.007262e+02	1.056260e-02
5.009579e+02	1.056510e-02
5.011937e+02	1.056430e-02
5.014584e+02	1.056420e-02
5.016891e+02	1.056480e-02
5.019210e+02	1.056470e-02
5.021849e+02	1.056740e-02
5.024087e+02	1.056450e-02
5.026380e+02	1.056430e-02
5.028669e+02	1.056730e-02
5.031022e+02	1.056410e-02
5.033262e+02	1.056370e-02
5.035548e+02	1.056800e-02
5.037857e+02	1.056870e-02
5.040111e+02	1.056820e-02
5.042438e+02	1.056220e-02
5.044670e+02	1.056250e-02
5.047013e+02	1.056470e-02
5.049270e+02	1.056280e-02
5.051594e+02	1.056140e-02
5.053833e+02	1.056020e-02
5.056132e+02	1.056340e-02
5.058416e+02	1.056550e-02
5.060741e+02	1.056130e-02
5.062985e+02	1.056270e-02
5.065302e+02	1.056730e-02
5.067530e+02	1.056210e-02
5.069827e+02	1.056440e-02
5.072298e+02	1.056120e-02
5.074540e+02	1.056490e-02
5.076850e+02	1.055980e-02
5.079174e+02	1.056540e-02
5.081412e+02	1.055950e-02
5.083782e+02	1.056130e-02
5.086020e+02	1.056020e-02
5.088291e+02	1.056110e-02
5.090573e+02	1.056130e-02
5.092851e+02	1.056020e-02
5.095186e+02	1.056100e-02
5.097414e+02	1.056280e-02
5.099692e+02	1.056200e-02
5.101990e+02	1.056040e-02
5.104400e+02	1.055880e-02
5.106633e+02	1.055880e-02
5.108946e+02	1.055920e-02
5.111272e+02	1.056030e-02
5.113510e+02	1.056370e-02
5.115820e+02	1.056490e-02
5.118051e+02	1.056440e-02
5.120389e+02	1.056570e-02
5.122630e+02	1.056450e-02
5.124944e+02	1.056300e-02
5.127228e+02	1.056380e-02
5.129524e+02	1.055930e-02
5.131853e+02	1.056080e-02
5.134292e+02	1.056330e-02
5.136533e+02	1.056380e-02
5.138836e+02	1.055970e-02
5.141166e+02	1.056260e-02
5.143411e+02	1.055990e-02
5.145715e+02	1.055860e-02
5.147942e+02	1.056060e-02
5.150247e+02	1.056180e-02
5.152501e+02	1.056020e-02
5.154778e+02	1.056020e-02
5.157070e+02	1.056410e-02
5.159391e+02	1.055740e-02
5.161641e+02	1.056030e-02
5.164130e+02	1.056190e-02
5.166772e+02	1.055750e-02
5.169049e+02	1.055660e-02
5.171320e+02	1.055720e-02
5.173672e+02	1.056040e-02
5.175929e+02	1.055670e-02
5.178248e+02	1.055730e-02
5.180529e+02	1.055590e-02
5.182826e+02	1.055980e-02
5.185141e+02	1.055760e-02
5.187394e+02	1.055890e-02
5.189714e+02	1.056210e-02
5.192056e+02	1.056280e-02
5.194693e+02	1.055970e-02
5.196949e+02	1.056000e-02
5.199263e+02	1.056130e-02
5.201508e+02	1.056290e-02
5.203841e+02	1.056090e-02
5.206085e+02	1.056300e-02
5.208430e+02	1.056000e-02
5.210657e+02	1.056090e-02
5.212968e+02	1.055950e-02
5.215215e+02	1.056000e-02
5.217508e+02	1.055860e-02
5.219820e+02	1.055860e-02
5.222123e+02	1.056260e-02
5.224373e+02	1.055860e-02
5.226711e+02	1.056280e-02
5.228968e+02	1.055810e-02
5.231279e+02	1.055780e-02
5.233560e+02	1.055880e-02
5.235870e+02	1.055980e-02
5.238116e+02	1.055710e-02
5.240411e+02	1.055760e-02
5.242734e+02	1.055810e-02
5.245380e+02	1.055440e-02
5.247618e+02	1.055590e-02
5.249885e+02	1.055800e-02
5.252176e+02	1.055440e-02
5.254531e+02	1.055660e-02
5.256791e+02	1.055790e-02
5.259094e+02	1.055530e-02
5.261361e+02	1.055660e-02
5.263647e+02	1.056030e-02
5.265971e+02	1.055620e-02
5.268301e+02	1.055590e-02
5.270547e+02	1.055650e-02
5.272863e+02	1.055500e-02
5.275302e+02	1.055710e-02
5.277552e+02	1.055930e-02
5.279887e+02	1.056150e-02
5.282136e+02	1.055400e-02
5.284474e+02	1.055370e-02
5.286730e+02	1.055540e-02
5.289000e+02	1.055430e-02
5.291310e+02	1.055320e-02
5.293560e+02	1.055490e-02
5.296089e+02	1.055950e-02
5.298387e+02	1.055620e-02
5.300631e+02	1.055790e-02
5.302913e+02	1.055660e-02
5.305246e+02	1.055360e-02
5.307481e+02	1.055250e-02
5.309770e+02	1.055270e-02
5.312061e+02	1.055310e-02
5.314391e+02	1.055210e-02
5.316829e+02	1.055120e-02
5.319456e+02	1.055340e-02
5.321788e+02	1.055080e-02
5.324028e+02	1.055090e-02
5.326589e+02	1.055180e-02
5.328890e+02	1.055220e-02
5.331332e+02	1.055500e-02
5.333561e+02	1.055480e-02
5.335874e+02	1.055330e-02
5.338322e+02	1.055700e-02
5.340756e+02	1.055810e-02
5.343002e+02	1.055900e-02
5.345330e+02	1.055870e-02
5.347557e+02	1.055580e-02
5.349921e+02	1.055860e-02
5.352159e+02	1.055680e-02
5.354517e+02	1.055770e-02
5.356969e+02	1.055300e-02
5.359214e+02	1.055130e-02
5.361530e+02	1.055280e-02
5.363779e+02	1.055150e-02
5.366101e+02	1.054960e-02
5.368531e+02	1.055020e-02
5.370786e+02	1.055280e-02
5.373069e+02	1.055620e-02
5.375400e+02	1.055060e-02
5.377635e+02	1.055300e-02
5.379909e+02	1.054970e-02
5.382244e+02	1.055200e-02
5.384481e+02	1.055120e-02
5.387217e+02	1.055010e-02
5.389468e+02	1.055230e-02
5.391754e+02	1.055210e-02
5.394081e+02	1.055090e-02
5.396315e+02	1.055140e-02
5.398570e+02	1.055270e-02
5.400903e+02	1.055840e-02
5.403141e+02	1.055200e-02
5.405429e+02	1.055130e-02
5.407718e+02	1.055280e-02
5.410057e+02	1.055010e-02
5.412301e+02	1.055080e-02
5.414650e+02	1.055030e-02
5.416882e+02	1.055060e-02
5.419214e+02	1.054860e-02
5.421543e+02	1.055700e-02
5.423765e+02	1.055170e-02
5.426049e+02	1.055050e-02
5.428350e+02	1.055070e-02
5.430580e+02	1.055180e-02
5.432866e+02	1.055370e-02
5.435201e+02	1.054930e-02
5.437431e+02	1.054920e-02
5.439723e+02	1.054990e-02
5.442030e+02	1.054990e-02
5.444333e+02	1.054940e-02
5.446678e+02	1.055130e-02
5.448920e+02	1.055100e-02
5.451295e+02	1.055050e-02
5.453533e+02	1.055000e-02
5.455831e+02	1.054940e-02
5.458321e+02	1.054880e-02
5.460570e+02	1.054950e-02
5.462853e+02	1.054820e-02
5.465212e+02	1.055300e-02
5.467453e+02	1.054740e-02
5.470133e+02	1.055150e-02
5.472412e+02	1.054810e-02
5.474739e+02	1.055020e-02
5.476984e+02	1.054600e-02
5.479277e+02	1.054970e-02
5.481549e+02	1.054860e-02
5.483902e+02	1.054850e-02
5.486157e+02	1.054890e-02
5.488471e+02	1.054850e-02
5.490761e+02	1.054880e-02
5.493033e+02	1.054550e-02
5.495330e+02	1.054770e-02
5.497607e+02	1.054860e-02
5.499851e+02	1.054660e-02
5.502159e+02	1.054930e-02
5.504398e+02	1.055100e-02
5.506708e+02	1.055060e-02
5.509008e+02	1.054890e-02
5.511360e+02	1.054700e-02
5.513599e+02	1.054680e-02
5.515973e+02	1.054750e-02
5.518220e+02	1.054530e-02
5.520522e+02	1.055160e-02
5.522811e+02	1.055140e-02
5.525120e+02	1.054720e-02
5.527445e+02	1.054550e-02
5.529882e+02	1.054610e-02
5.532124e+02	1.054540e-02
5.534390e+02	1.054880e-02
5.536706e+02	1.055030e-02
5.539232e+02	1.055090e-02
5.541471e+02	1.054630e-02
5.543770e+02	1.054570e-02
5.546102e+02	1.054720e-02
5.548347e+02	1.054440e-02
5.550567e+02	1.054730e-02
5.552877e+02	1.054600e-02
5.555123e+02	1.054440e-02
5.557395e+02	1.054370e-02
5.559719e+02	1.054990e-02
5.562019e+02	1.054190e-02
5.564317e+02	1.054740e-02
5.566645e+02	1.055030e-02
5.568873e+02	1.054790e-02
5.571275e+02	1.054730e-02
5.573712e+02	1.054780e-02
5.575963e+02	1.054550e-02
5.578243e+02	1.054480e-02
5.580556e+02	1.054540e-02
5.582820e+02	1.054380e-02
5.585133e+02	1.054270e-02
5.587388e+02	1.054470e-02
5.589711e+02	1.054830e-02
5.591948e+02	1.054350e-02
5.594258e+02	1.054610e-02
5.596499e+02	1.054700e-02
5.598849e+02	1.054790e-02
5.601083e+02	1.054410e-02
5.603412e+02	1.054220e-02
5.605646e+02	1.054190e-02
5.607921e+02	1.054110e-02
5.610213e+02	1.054060e-02
5.612610e+02	1.054670e-02
5.614853e+02	1.054330e-02
5.617175e+02	1.054100e-02
5.619480e+02	1.054500e-02
5.622206e+02	1.054370e-02
5.624431e+02	1.054350e-02
5.626777e+02	1.053860e-02
5.629009e+02	1.054120e-02
5.631263e+02	1.054080e-02
5.633589e+02	1.054180e-02
5.635840e+02	1.054500e-02
5.638169e+02	1.053850e-02
5.640404e+02	1.054560e-02
5.642704e+02	1.054150e-02
5.644945e+02	1.053970e-02
5.647208e+02	1.053990e-02
5.649505e+02	1.054700e-02
5.651779e+02	1.054490e-02
5.654055e+02	1.054700e-02
5.656369e+02	1.054020e-02
5.658602e+02	1.054350e-02
5.660892e+02	1.053920e-02
5.663331e+02	1.054220e-02
5.665576e+02	1.054170e-02
5.667847e+02	1.053960e-02
5.670154e+02	1.053890e-02
5.672442e+02	1.053920e-02
5.674736e+02	1.053960e-02
5.677041e+02	1.053970e-02
5.679289e+02	1.053770e-02
5.681616e+02	1.053970e-02
5.683842e+02	1.053840e-02
5.686128e+02	1.053970e-02
5.688407e+02	1.053890e-02
5.690692e+02	1.053900e-02
5.692982e+02	1.054400e-02
5.695281e+02	1.053890e-02
5.697577e+02	1.053910e-02
5.699877e+02	1.054020e-02
5.702119e+02	1.053820e-02
5.704429e+02	1.054150e-02
5.706690e+02	1.054030e-02
5.708990e+02	1.054020e-02
5.711314e+02	1.054400e-02
5.713662e+02	1.054040e-02
5.715910e+02	1.053850e-02
5.718247e+02	1.053930e-02
5.720497e+02	1.053800e-02
5.722819e+02	1.054020e-02
5.725056e+02	1.053740e-02
5.727383e+02	1.053700e-02
5.729630e+02	1.054370e-02
5.732135e+02	1.054320e-02
5.734373e+02	1.054180e-02
5.736721e+02	1.053700e-02
5.738973e+02	1.054010e-02
5.741291e+02	1.053970e-02
5.743733e+02	1.053950e-02
5.745973e+02	1.053860e-02
5.748325e+02	1.054330e-02
5.750640e+02	1.054000e-02
5.753102e+02	1.053830e-02
5.755329e+02	1.053920e-02
5.757671e+02	1.053800e-02
5.759893e+02	1.053730e-02
5.762224e+02	1.053660e-02
5.764475e+02	1.053970e-02
5.766909e+02	1.054030e-02
5.769351e+02	1.053940e-02
5.771585e+02	1.054070e-02
5.774298e+02	1.053610e-02
5.776529e+02	1.053810e-02
5.778868e+02	1.053710e-02
5.781299e+02	1.053760e-02
5.783533e+02	1.053770e-02
5.785820e+02	1.053570e-02
5.788141e+02	1.053610e-02
5.790392e+02	1.053490e-02
5.792693e+02	1.053790e-02
5.795008e+02	1.053580e-02
5.797325e+02	1.053460e-02
5.799568e+02	1.054130e-02
5.801846e+02	1.053530e-02
5.804083e+02	1.053400e-02
5.806367e+02	1.053500e-02
5.808679e+02	1.053520e-02
5.810935e+02	1.053480e-02
5.813231e+02	1.053510e-02
5.815512e+02	1.054040e-02
5.817851e+02	1.053970e-02
5.820083e+02	1.054160e-02
5.822440e+02	1.053860e-02
5.824871e+02	1.053690e-02
5.827125e+02	1.053680e-02
5.829400e+02	1.053700e-02
5.831699e+02	1.054410e-02
5.834101e+02	1.054200e-02
5.836353e+02	1.054530e-02
5.838679e+02	1.053840e-02
5.840906e+02	1.053710e-02
5.843230e+02	1.053830e-02
5.845664e+02	1.053750e-02
5.847914e+02	1.053900e-02
5.850209e+02	1.053920e-02
5.852461e+02	1.053990e-02
5.854759e+02	1.054420e-02
5.857102e+02	1.054260e-02
5.859357e+02	1.054410e-02
5.861693e+02	1.054390e-02
5.863943e+02	1.054430e-02
5.866276e+02	1.054580e-02
5.868505e+02	1.054200e-02
5.870820e+02	1.054330e-02
5.873062e+02	1.054700e-02
5.875361e+02	1.054500e-02
5.877671e+02	1.054230e-02
5.880015e+02	1.053710e-02
5.882268e+02	1.053960e-02
5.884574e+02	1.053820e-02
5.886891e+02	1.054010e-02
5.889120e+02	1.054680e-02
5.891408e+02	1.054490e-02
5.893717e+02	1.054040e-02
5.896015e+02	1.054300e-02
5.898379e+02	1.054370e-02
5.900621e+02	1.054230e-02
5.902909e+02	1.054040e-02
5.905198e+02	1.054380e-02
5.907498e+02	1.054120e-02
5.909834e+02	1.054110e-02
5.912074e+02	1.053920e-02
5.914419e+02	1.054290e-02
5.916720e+02	1.053950e-02
5.919027e+02	1.053890e-02
5.921348e+02	1.054220e-02
5.923589e+02	1.053780e-02
5.926352e+02	1.054230e-02
5.928586e+02	1.053840e-02
5.930921e+02	1.053970e-02
5.933164e+02	1.053620e-02
5.935454e+02	1.053760e-02
5.937777e+02	1.053650e-02
5.940082e+02	1.053810e-02
5.942348e+02	1.054270e-02
5.944725e+02	1.053900e-02
5.946969e+02	1.053970e-02
5.949272e+02	1.054250e-02
5.951565e+02	1.054120e-02
5.953893e+02	1.054290e-02
5.956130e+02	1.053920e-02
5.958441e+02	1.054290e-02
5.960765e+02	1.054070e-02
5.963080e+02	1.054100e-02
5.965323e+02	1.054250e-02
5.967638e+02	1.053700e-02
5.969937e+02	1.053480e-02
5.972265e+02	1.054290e-02
5.974498e+02	1.054070e-02
5.976832e+02	1.054030e-02
5.979079e+02	1.053830e-02
5.981379e+02	1.053830e-02
5.983701e+02	1.053910e-02
5.986010e+02	1.054070e-02
5.988457e+02	1.054210e-02
5.990698e+02	1.054240e-02
5.993066e+02	1.054230e-02
5.995502e+02	1.054040e-02
5.997744e+02	1.053750e-02
6.000043e+02	1.053760e-02
6.002372e+02	1.054330e-02
6.004657e+02	1.054030e-02
6.007057e+02	1.053830e-02
6.009297e+02	1.054000e-02
6.011625e+02	1.053700e-02
6.013868e+02	1.053540e-02
6.016182e+02	1.053430e-02
6.018521e+02	1.053440e-02
6.020824e+02	1.053540e-02
6.023082e+02	1.053930e-02
6.025392e+02	1.053780e-02
6.027646e+02	1.053960e-02
6.029987e+02	1.054670e-02
6.032231e+02	1.054100e-02
6.034548e+02	1.054150e-02
6.036802e+02	1.054070e-02
6.039103e+02	1.054100e-02
6.041481e+02	1.054260e-02
6.043712e+02	1.054490e-02
6.046012e+02	1.054570e-02
6.048457e+02	1.054630e-02
6.050711e+02	1.054200e-02
6.053031e+02	1.054020e-02
6.055263e+02	1.054100e-02
6.057554e+02	1.053930e-02
6.059897e+02	1.054070e-02
6.062152e+02	1.054300e-02
6.064473e+02	1.053530e-02
6.066911e+02	1.054450e-02
6.069161e+02	1.054210e-02
6.071508e+02	1.054200e-02
6.073743e+02	1.054130e-02
6.076073e+02	1.054590e-02
6.078712e+02	1.054460e-02
6.081046e+02	1.054250e-02
6.083272e+02	1.054110e-02
6.085609e+02	1.054210e-02
6.087851e+02	1.054080e-02
6.090181e+02	1.053920e-02
6.092421e+02	1.053550e-02
6.094731e+02	1.053580e-02
6.097259e+02	1.053910e-02
6.099552e+02	1.053840e-02
6.101834e+02	1.054240e-02
6.104154e+02	1.054030e-02
6.106492e+02	1.054270e-02
6.108945e+02	1.054620e-02
6.111379e+02	1.054610e-02
6.113624e+02	1.054320e-02
6.115925e+02	1.054420e-02
6.118259e+02	1.054390e-02
6.120498e+02	1.054170e-02
6.122879e+02	1.054010e-02
6.125124e+02	1.053880e-02
6.127426e+02	1.053830e-02
6.129742e+02	1.054120e-02
6.131981e+02	1.053640e-02
6.134371e+02	1.053700e-02
6.136608e+02	1.054120e-02
6.138926e+02	1.053440e-02
6.141381e+02	1.053710e-02
6.143826e+02	1.053330e-02
6.146260e+02	1.053460e-02
6.148504e+02	1.053470e-02
6.150821e+02	1.053900e-02
6.153144e+02	1.053610e-02
6.155392e+02	1.053770e-02
6.157941e+02	1.053990e-02
6.160305e+02	1.054030e-02
6.162542e+02	1.054130e-02
6.164877e+02	1.054030e-02
6.167113e+02	1.053920e-02
6.169415e+02	1.053430e-02
6.171713e+02	1.053550e-02
6.174094e+02	1.053710e-02
6.176317e+02	1.053480e-02
6.178632e+02	1.053660e-02
6.180963e+02	1.053450e-02
6.183393e+02	1.053600e-02
6.185832e+02	1.053520e-02
6.188085e+02	1.053550e-02
6.190395e+02	1.053410e-02
6.192770e+02	1.053560e-02
6.195201e+02	1.053630e-02
6.197442e+02	1.053620e-02
6.199768e+02	1.053770e-02
6.202102e+02	1.053700e-02
6.204344e+02	1.053980e-02
6.206642e+02	1.053610e-02
6.209204e+02	1.053890e-02
6.211441e+02	1.053610e-02
6.213802e+02	1.053650e-02
6.216035e+02	1.053230e-02
6.218357e+02	1.053410e-02
6.220601e+02	1.053310e-02
6.222937e+02	1.053290e-02
6.225183e+02	1.053620e-02
6.227490e+02	1.053710e-02
6.230222e+02	1.053420e-02
6.232651e+02	1.053750e-02
6.234907e+02	1.053580e-02
6.237231e+02	1.053210e-02
6.239671e+02	1.053010e-02
6.242115e+02	1.053090e-02
6.244555e+02	1.053650e-02
6.246803e+02	1.053630e-02
6.249102e+02	1.053500e-02
6.251494e+02	1.053380e-02
6.253815e+02	1.053460e-02
6.256242e+02	1.053360e-02
6.258502e+02	1.053320e-02
6.260899e+02	1.053670e-02
6.263335e+02	1.053660e-02
6.265583e+02	1.053530e-02
6.267858e+02	1.053350e-02
6.270222e+02	1.053340e-02
6.272461e+02	1.053500e-02
6.274817e+02	1.053740e-02
6.277250e+02	1.053580e-02
