			
1191		1191	
Fit1		Residuals1	
Time	Intensity	Time	Intensity
17.58128166	13.45953387	17.58128166	0.01848643
17.78812027	36.94309203	17.78812027	0.046930381
17.99495888	360.8762363	17.99495888	0.34690471
18.20179749	1942.548747	18.20179749	1.015682188
18.40863609	4708.8844	18.40863609	0.764488043
18.6154747	7180.690688	18.6154747	-0.503815546
18.82231331	8576.636766	18.82231331	-1.07343945
19.02915192	9041.99218	19.02915192	-1.513408994
19.23599052	9045.04595	19.23599052	-1.665766653
19.44282913	8824.17089	19.44282913	-1.603446614
19.64966774	8536.508699	19.64966774	-1.047473619
19.85650635	8215.411662	19.85650635	-0.315380974
20.06334496	7876.228507	20.06334496	-0.521282906
20.27018356	7540.300046	20.27018356	-0.830117006
20.47702217	7209.730148	20.47702217	-1.438848325
20.68386078	6895.95638	20.68386078	-1.012395247
20.89069939	6597.003821	20.89069939	-1.322960312
21.09753799	6315.553451	21.09753799	0.839234771
21.3043766	6051.147571	21.3043766	-0.522730503
21.51121521	5802.807878	21.51121521	1.491418951
21.71805382	5572.811989	21.71805382	2.147067882
21.92489243	5355.852297	21.92489243	1.76431366
22.13173103	5152.939834	22.13173103	2.825514736
22.33856964	4963.697535	22.33856964	0.683584195
22.54540825	4783.474285	22.54540825	-1.026011714
22.75224686	4614.732776	22.75224686	0.156150582
22.95908546	4457.177442	22.95908546	-1.331053259
23.16592407	4309.746086	23.16592407	-0.350457885
23.37276268	4169.293747	23.37276268	1.230860639
23.57960129	4037.056767	23.57960129	1.075863132
23.7864399	3913.804417	23.7864399	-0.195067455
23.9932785	3797.740153	23.9932785	-0.440629169
24.20011711	3687.363561	24.20011711	0.426858228
24.40695572	3582.66621	24.40695572	2.211616181
24.61379433	3484.368771	24.61379433	0.633547152
24.82063293	3391.648452	24.82063293	1.170566716
25.02747154	3304.036455	25.02747154	-0.088532988
25.23431015	3220.90865	25.23431015	-1.403486202
25.44114876	3142.17321	25.44114876	-0.600234602
25.64798737	3067.825749	25.64798737	0.569303474
25.85482597	2996.544218	25.85482597	-1.208924011
26.06166458	2929.01168	26.06166458	0.242979459
26.26850319	2865.653971	26.26850319	1.58001338
26.4753418	2805.213658	26.4753418	0.218854114
26.6821804	2746.807596	26.6821804	-1.154236429
26.88901901	2691.534226	26.88901901	-0.781806033
27.09585762	2638.848723	27.09585762	-0.219788051
27.30269623	2587.972708	27.30269623	-0.036771168
27.50953484	2539.497251	27.50953484	0.227222638
27.71637344	2493.644817	27.71637344	-1.624806092
27.92321205	2448.963753	27.92321205	-0.042302676
28.13005066	2405.97373	28.13005066	-0.613485728
28.33688927	2364.678623	28.33688927	-1.942733932
28.54372787	2325.234387	28.54372787	-1.64634081
28.75056648	2287.034312	28.75056648	0.285583355
28.95740509	2250.45139	28.95740509	-1.260984887
29.1642437	2215.198039	29.1642437	-0.837179746
29.37108231	2180.88964	29.37108231	-1.121191791
29.57792091	2147.693497	29.57792091	0.673066407
29.78475952	2116.639374	29.78475952	-0.269660788
29.99159813	2086.168895	29.99159813	-2.191707199
30.19843674	2056.017773	30.19843674	-2.234655804
30.40527534	2026.695179	30.40527534	-1.495856126
30.61211395	1998.229636	30.61211395	0.116520198
30.81895256	1971.102079	30.81895256	-0.713202838
31.02579117	1944.255761	31.02579117	-2.392027463
31.23262978	1918.317158	31.23262978	-0.569362914
31.43946838	1893.351578	31.43946838	-0.58336354
31.64630699	1869.042307	31.64630699	1.10779829
31.8531456	1844.787814	31.8531456	0.618907174
32.0599823	1821.040996	32.0599823	0.515875041
32.26682281	1797.852223	32.26682281	-1.012710478
32.47366333	1775.194214	32.47366333	0.858523231
32.68050003	1753.306304	32.68050003	-0.491598297
32.88733673	1731.658201	32.88733673	-0.803134249
33.09417725	1710.428923	33.09417725	-0.459563174
33.30101776	1689.638265	33.30101776	1.172274453
33.50785446	1669.267002	33.50785446	-0.518714849
33.71469116	1649.296453	33.71469116	0.89605717
33.92153168	1629.709176	33.92153168	1.338657749
34.12837219	1610.489579	34.12837219	1.743170033
34.33520889	1591.887834	34.33520889	-0.118219649
34.54204559	1573.648562	34.54204559	-0.619321478
34.74888611	1555.454404	34.74888611	-0.785316735
34.95572662	1537.535604	34.95572662	1.020791282
35.16256332	1520.186002	35.16256332	0.311117774
35.36940002	1502.888548	35.36940002	0.153279541
35.57624054	1486.628781	35.57624054	0.181053473
35.78308105	1470.185047	35.78308105	0.142732519
35.98991776	1453.648247	35.98991776	-1.161588024
36.19675446	1437.597018	36.19675446	0.833929489
36.40359497	1421.557278	36.40359497	-0.031491433
36.61043549	1405.723264	36.61043549	-1.002876954
36.81727219	1390.39289	36.81727219	1.207257583
37.02410889	1375.052968	37.02410889	0.854783
37.2309494	1359.898368	37.2309494	0.972219399
37.43778992	1344.963375	37.43778992	1.839815521
37.64462662	1330.242213	37.64462662	-0.098869879
37.85146332	1315.728887	37.85146332	1.60078528
38.05830383	1301.682476	38.05830383	0.187834941
38.26514435	1287.857067	38.26514435	1.031130726
38.47198105	1274.208825	38.47198105	2.017521067
38.67881775	1260.733967	38.67881775	0.83959215
38.88565826	1247.164123	38.88565826	-1.131057815
39.09249878	1233.73736	39.09249878	0.100333438
39.29933548	1220.754789	39.29933548	-0.33769115
39.50617218	1207.706279	39.50617218	-0.722675642
39.7130127	1195.054298	39.7130127	0.966559424
39.91985321	1182.329892	39.91985321	-0.564889282
40.12668991	1169.996273	40.12668991	-0.732493298
40.33352661	1157.584262	40.33352661	-0.536170839
40.54036713	1145.292092	40.54036713	-1.546800117
40.74720764	1133.157081	40.74720764	0.576730704
40.95404434	1121.176285	40.95404434	-0.238309319
41.16088104	1109.346446	41.16088104	0.721636149
41.36772156	1097.664447	41.36772156	0.382074813
41.57456207	1086.392477	41.57456207	-1.049884613
41.78139877	1075.287001	41.78139877	0.824027743
41.98823547	1064.306022	41.98823547	1.001616367
42.19507599	1053.183206	42.19507599	0.005995857
42.4019165	1042.158438	42.4019165	-0.742549388
42.6087532	1031.53453	42.6087532	0.673823492
42.8155899	1020.803031	42.8155899	0.868747055
43.02243042	1010.692732	43.02243042	2.297431709
43.22927094	1001.024526	43.22927094	1.468656401
43.43610764	990.6825623	43.43610764	0.520127032
43.64294434	980.880118	43.64294434	-0.821751157
43.84978485	970.7240702	43.84978485	0.658440203
44.05662537	960.6158436	44.05662537	-0.14352651
44.26346207	950.8986725	44.26346207	-0.576540033
44.47029877	941.0641684	44.47029877	0.54007559
44.67713928	931.3116881	44.67713928	-1.374158962
44.8839798	922.2090297	44.8839798	0.062636574
45.0908165	913.007272	45.0908165	0.926796312
45.2976532	903.6020092	45.2976532	-0.793342356
45.50449371	894.2734789	45.50449371	-0.385782797
45.71133423	885.0600442	45.71133423	0.080410249
45.91817093	875.9597495	45.91817093	0.205895638
46.12500763	866.9703846	46.12500763	1.502855875
46.33184814	858.0898249	46.33184814	1.106718521
46.53868866	849.3163481	46.53868866	-0.81705893
46.74552536	840.9130424	46.74552536	0.25641659
46.95236206	832.9016727	46.95236206	0.607865049
47.15920258	824.4706283	47.15920258	-1.345966014
47.36604309	816.0623937	47.36604309	0.282762641
47.57287979	808.0208289	47.57287979	0.129351692
47.77971649	799.8381992	47.77971649	0.084329653
47.98655701	791.7144808	47.98655701	1.431581354
48.19339752	783.6884906	48.19339752	-0.502715638
48.40023422	775.7587027	48.40023422	1.018036179
48.60707092	767.9233564	48.60707092	-0.315408609
48.81391144	760.7102543	48.81391144	1.230426124
49.02075195	753.1064163	49.02075195	-0.145167238
49.22758865	745.514211	49.22758865	0.423713609
49.43442535	738.0127024	49.43442535	1.253029975
49.64126587	730.6002289	49.64126587	-0.164903129
49.84810638	723.8049675	49.84810638	1.701479685
50.05494308	716.8787358	50.05494308	1.749518394
50.26177979	709.7179124	50.26177979	0.721657827
50.4686203	702.6034815	50.4686203	0.914686334
50.67546082	695.8391922	50.67546082	0.249307662
50.88229752	688.9178698	50.88229752	-0.134551425
51.08913422	682.0398053	51.08913422	1.549389176
51.29597473	675.5085546	51.29597473	1.457349284
51.50281525	669.0817801	51.50281525	-0.076694324
51.70965195	662.7190159	51.70965195	0.738840275
51.91648865	656.1551751	51.91648865	-1.110709458
52.12332916	650.1604314	52.12332916	0.595181135
52.33016968	643.7622172	52.33016968	0.04285192
52.53700638	637.8924255	52.53700638	-0.405040008
52.74384308	631.6185821	52.74384308	-0.872898744
52.95068359	625.3427724	52.95068359	1.227851133
53.15752411	619.4090856	53.15752411	-0.068042692
53.36436081	613.5750501	53.36436081	2.052251152
53.57119751	607.7998895	53.57119751	1.832776256
53.77803802	601.8184481	53.77803802	2.075031586
53.98487854	595.871563	53.98487854	0.82457375
54.19171524	590.2629681	54.19171524	1.594159935
54.39855194	584.7500353	54.39855194	-0.024348677
54.60539246	579.2920526	54.60539246	0.973805609
54.81223297	574.1536302	54.81223297	-0.454979719
55.01906967	568.5640211	55.01906967	1.352672623
55.22590637	563.230484	55.22590637	1.032959232
55.43274689	557.7263279	55.43274689	0.493730518
55.6395874	552.2519772	55.6395874	-1.326597223
55.8464241	547.1111568	55.8464241	0.1438027
56.0532608	542.0612508	56.0532608	0.904638484
56.26010132	536.7968129	56.26010132	-0.925081326
56.46694183	531.5587558	56.46694183	0.722651755
56.67377853	526.3861388	56.67377853	-0.599527638
56.88061523	521.2774961	56.88061523	1.369925766
57.08745575	516.4961787	57.08745575	0.030377997
57.29429626	511.5352213	57.29429626	0.600430124
57.50113297	506.8601116	57.50113297	2.082850281
57.70796967	502.0041127	57.70796967	0.317249545
57.91481018	497.167791	57.91481018	-0.341355544
58.1216507	492.3904206	58.1216507	-0.766408601
58.3284874	487.935676	58.3284874	-1.434409747
58.5353241	483.2965497	58.5353241	0.374343668
58.74216461	478.9384744	58.74216461	0.333087475
58.94900513	474.395015	58.94900513	-1.286395804
59.15584183	469.8670339	59.15584183	-0.626674153
59.36267853	465.6584801	59.36267853	0.644779542
59.56951904	461.527169	59.56951904	-0.841890597
59.77635956	457.4329412	59.77635956	1.131141218
59.98319626	453.1112377	59.98319626	0.084800638
60.19003296	448.803119	60.19003296	-0.52663882
60.39687347	444.5477619	60.39687347	-0.233008333
60.60371399	440.6089149	60.60371399	-0.986854934
60.81055069	436.4797944	60.81055069	-1.602351182
61.01738739	432.6259236	61.01738739	-2.258351974
61.22422791	428.8455381	61.22422791	-0.195341436
61.43106842	425.0984942	61.43106842	0.399093038
61.63790512	421.12025	61.63790512	0.207078048
61.84474182	417.4166428	61.84474182	-1.378054163
62.05158234	413.5210855	62.05158234	0.016678041
62.25842285	409.8991743	62.25842285	1.23503913
62.46525955	406.0844603	62.46525955	0.712598323
62.67209625	402.2776751	62.67209625	0.541451795
62.87893677	398.5180607	62.87893677	1.489374976
63.08577728	395.3341677	63.08577728	-0.450594992
63.29261398	391.7134385	63.29261398	-1.063002498
63.49945068	388.5880556	63.49945068	0.100949921
63.7062912	385.2908303	63.7062912	1.429875773
63.91313171	381.7186528	63.91313171	-0.224275448
64.1199646	378.4179048	64.1199646	0.111145117
64.32680511	374.9217572	64.32680511	-0.621378147
64.53364563	371.9605566	64.53364563	-0.686477245
64.74048615	368.5619519	64.74048615	-0.252048152
64.94732666	365.3932879	64.94732666	1.471976102
65.15415955	362.5579437	65.15415955	-0.031612492
65.36100006	359.2448079	65.36100006	0.023095697
65.56784058	355.8968872	65.56784058	-0.12103737
65.77467346	352.5938283	65.77467346	1.355327808
65.98151398	349.3341851	65.98151398	1.20770513
66.18835449	346.1169433	66.18835449	-0.457596824
66.39519501	342.9410268	66.39519501	-0.507653042
66.60203552	339.8054159	66.60203552	1.037597316
66.80886841	336.7092576	66.80886841	1.684579275
67.01570892	333.916156	67.01570892	0.339770839
67.22254944	330.9195384	67.22254944	0.85223128
67.42938232	328.1852782	67.42938232	-0.190045049
67.63622284	325.5116311	67.63622284	0.915074716
67.84306335	322.5938913	67.84306335	2.252730674
68.04990387	319.6734108	68.04990387	0.202192138
68.25674438	316.7896668	68.25674438	1.391102848
68.46357727	313.9418891	68.46357727	-0.581049023
68.67041779	311.1290373	68.67041779	0.612331385
68.8772583	308.6151879	68.8772583	-1.340043199
69.08409119	306.6880858	69.08409119	0.022542271
69.2909317	304.0313003	69.2909317	1.209782287
69.49777222	301.2900288	69.49777222	-0.333171007
69.70461273	298.8492285	69.70461273	-1.183357183
69.91145325	296.4669072	69.91145325	-0.220018424
70.11828613	293.8383009	70.11828613	1.647633811
70.32512665	291.4692715	70.32512665	0.181743295
70.53196716	288.8935376	70.53196716	1.324105798
70.73880005	286.312136	70.73880005	-0.547862171
70.94564056	284.0290687	70.94564056	1.192287273
71.15248108	281.802481	71.15248108	-0.338262775
71.35932159	279.5923035	71.35932159	-0.208552891
71.56616211	277.3988243	71.56616211	-0.984069839
71.772995	274.9576327	71.772995	-0.779770816
71.97983551	272.509819	71.97983551	0.139179198
72.18667603	270.0948797	72.18667603	1.217521785
72.39350891	268.2414466	72.39350891	-0.510704003
72.60034943	265.9368887	72.60034943	-0.572978411
72.80718994	263.5841037	72.80718994	-1.402134083
73.01403046	261.262928	73.01403046	-1.717454692
73.22087097	258.9724548	73.22087097	-0.339584173
73.42770386	256.976652	73.42770386	1.098241993
73.63454437	254.7687596	73.63454437	0.714832653
73.84138489	252.8146803	73.84138489	0.222074998
74.04821777	250.912999	74.04821777	-1.034620255
74.25505829	249.0235992	74.25505829	-0.544274839
74.4618988	246.882168	74.4618988	0.541895881
74.66873932	244.7300868	74.66873932	0.375924543
74.87557983	242.6068663	74.87557983	1.606393312
75.08241272	240.7764869	75.08241272	0.351464318
75.28925323	238.732219	75.28925323	-1.586876341
75.49609375	236.9399777	75.49609375	-0.681936581
75.70292664	234.9336197	75.70292664	-1.558376454
75.90976715	232.9140942	75.90976715	-2.070831358
76.11660767	231.1858349	76.11660767	-2.181764884
76.32344818	229.7717914	76.32344818	-0.954596521
76.5302887	227.8614613	76.5302887	-0.114262808
76.73712158	225.8982692	76.73712158	0.574114955
76.9439621	224.4914675	76.9439621	1.151487694
77.15080261	222.8934284	77.15080261	-0.762915865
77.3576355	221.0013195	77.3576355	-0.930132083
77.56447601	219.3614635	77.56447601	-0.664642094
77.77131653	217.5075837	77.77131653	1.087346895
77.97815704	215.9053798	77.97815704	-0.215666866
78.18499756	214.0885192	78.18499756	-0.944760417
78.39183044	212.2580607	78.39183044	0.806383467
78.59867096	210.9828642	78.59867096	-1.126065269
78.80551147	210.0448061	78.80551147	-0.407630225
79.01234436	208.5941269	79.01234436	0.301253384
79.21918488	206.8103039	79.21918488	-1.603081302
79.42602539	205.0153011	79.42602539	-0.07971658
79.63286591	203.2483832	79.63286591	-0.180674585
79.83970642	201.5084886	79.83970642	-1.472087896
80.04653931	200.0594271	80.04653931	0.453063938
80.25337982	198.3943555	80.25337982	1.06058525
80.46022034	196.9790471	80.46022034	0.552036928
80.66705322	195.6119705	80.66705322	-0.465758253
80.87389374	193.9882137	80.87389374	-1.628902895
81.08073425	192.6139261	81.08073425	0.063660087
81.28757477	191.2875376	81.28757477	-0.489572183
81.49441528	189.7042081	81.49441528	-1.044042277
81.70124817	188.6348394	81.70124817	0.537561543
81.90808868	187.1072105	81.90808868	-1.029699521
82.1149292	185.7889228	82.1149292	0.958081055
82.32176208	184.5187648	82.32176208	-0.252607937
82.5286026	182.9917621	82.5286026	1.444704776
82.73544312	181.9787477	82.73544312	-0.058850643
82.94228363	181.0370379	82.94228363	1.889515765
83.14912415	179.5577567	83.14912415	1.327336055
83.35595703	178.2891797	83.35595703	1.536901167
83.56279755	176.8050552	83.56279755	-0.436712354
83.76963806	175.5709663	83.76963806	0.18104595
83.97647095	174.1204662	83.97647095	-1.083933007
84.18331146	172.6542883	84.18331146	0.859907154
84.39015198	171.2118624	84.39015198	1.315539476
84.59699249	170.0569828	84.59699249	0.004121577
84.80383301	168.6829401	84.80383301	1.719545813
85.01066589	167.5555426	85.01066589	-0.125408214
85.21750641	166.4731723	85.21750641	-1.861296978
85.42434692	165.3958349	85.42434692	-1.309892984
85.63117981	164.3238983	85.63117981	-1.865777801
85.83802032	162.9928307	85.83802032	-1.650889982
86.04486084	161.6439945	86.04486084	-0.790414834
86.25170135	161.1111045	86.25170135	-2.350897689
86.45854187	159.8758394	86.45854187	-0.765824738
86.66537476	159.0724693	86.66537476	0.581354921
86.87221527	157.8094671	86.87221527	0.105853846
87.07905579	156.4895704	87.07905579	0.437350073
87.28588867	155.1925597	87.28588867	-1.119665418
87.49272919	154.1820957	87.49272919	-0.522564126
87.6995697	153.2162436	87.6995697	1.190039204
87.90641022	152.2549142	87.90641022	-0.491336225
88.11325073	151.298388	88.11325073	1.039031834
88.32008362	150.3469529	88.32008362	-0.065601165
88.52692413	149.4007672	88.52692413	-0.187699598
88.73376465	148.1953103	88.73376465	-1.574443536
88.94059753	146.9718857	88.94059753	0.112682146
89.14743805	145.7697793	89.14743805	0.747840672
89.35427856	144.5880925	89.35427856	0.043417259
89.56111908	143.4259443	89.56111908	-1.506360113
89.76795959	142.2825127	89.76795959	-1.500640689
89.97479248	141.4218121	89.97479248	0.040569794
90.181633	140.3372564	90.181633	-0.92464715
90.38847351	139.2300394	90.38847351	0.092016059
90.5953064	138.1398868	90.5953064	-1.653006624
90.80214691	137.0660514	90.80214691	0.083283275
91.00898743	136.0079503	91.00898743	-0.910170966
91.21582794	135.2297506	91.21582794	-0.853781724
91.42266846	134.7546109	91.42266846	0.308385798
91.62950134	134.0369966	91.62950134	-1.213422162
91.83634186	133.0145576	91.83634186	0.196568373
92.04318237	131.9692472	92.04318237	1.280768746
92.25001526	130.9407588	92.25001526	1.582457466
92.45685577	129.9283221	92.45685577	1.003198362
92.66369629	128.931327	92.66369629	-0.721818567
92.8705368	127.9491674	92.8705368	1.035653883
93.07737732	127.2460371	93.07737732	-0.553132403
93.28421021	126.3156142	93.28421021	0.777822134
93.49105072	125.8886774	93.49105072	0.151543989
93.69789124	125.2582382	93.69789124	0.408299692
93.90472412	124.5864342	93.90472412	1.048589789
94.11156464	123.6493752	94.11156464	0.833735369
94.31840515	122.953368	94.31840515	-1.012756766
94.52524567	122.0322668	94.52524567	0.704878899
94.73208618	121.3519745	94.73208618	0.177617762
94.93891907	120.7111079	94.93891907	-1.572882619
95.14575958	119.8049763	95.14575958	-0.261067948
95.3526001	118.8751123	95.3526001	1.028682257
95.55943298	118.2259295	95.55943298	-0.406312333
95.7662735	117.8803669	95.7662735	-1.189459947
95.97311401	117.0280079	95.97311401	0.689506691
96.17995453	116.1122133	96.17995453	-1.138348196
96.38679504	115.2129528	96.38679504	-0.463175892
96.59362793	114.5942273	96.59362793	-0.507656064
96.80046844	113.7494664	96.80046844	0.120616575
97.00730896	113.1446145	97.00730896	-0.980596866
97.21414185	112.3135636	97.21414185	-1.490474892
97.42098236	111.9869321	97.42098236	0.365566195
97.62782288	111.7223339	97.62782288	0.844942323
97.83466339	111.1759147	97.83466339	-0.563511729
98.04150391	110.3255357	98.04150391	-1.210740327
98.24833679	109.452974	98.24833679	0.46004538
98.45517731	108.8623753	98.45517731	-1.034997376
98.66201782	108.0470919	98.66201782	0.8223773
98.86885071	107.2082022	98.86885071	-0.372342076
99.07569122	106.9146986	99.07569122	-1.856616913
99.28253174	106.6837236	99.28253174	-0.039087353
99.48937225	105.906606	99.48937225	0.377488152
99.69621277	105.3317216	99.69621277	-0.638773315
99.90304565	104.7978509	99.90304565	1.365720773
100.1098862	104.0000973	100.1098862	-0.144613199
100.3167267	103.179793	100.3167267	1.290658749
100.5235596	102.6411663	100.5235596	0.256034499
100.7304001	101.8774974	100.7304001	1.372003369
100.9372406	101.0898241	100.9372406	0.979610399
101.1440811	100.3177023	101.1440811	0.133672646
101.3509216	99.82510731	101.3509216	-1.342849341
101.5577545	99.37024996	101.5577545	0.482395918
101.764595	98.64845448	101.764595	-0.21494837
101.9714355	98.16600965	101.9714355	-0.494026549
102.1782684	98.25098047	102.1782684	1.479587536
102.3851089	97.85184661	102.3851089	0.146331847
102.5919495	97.37270239	102.5919495	0.570667663
102.79879	96.62982222	102.79879	-1.355405562
103.0056305	96.12922815	103.0056305	-0.112806531
103.2124634	95.40453228	103.2124634	0.518631629
103.4193039	94.65660604	103.4193039	-1.105642986
103.6261444	93.92493618	103.6261444	-0.009537726
103.8329773	93.47341636	103.8329773	1.549815651
104.0398178	92.79539641	104.0398178	1.020436909
104.2466583	92.35672083	104.2466583	-0.522061598
104.4534988	91.95594518	104.4534988	0.425585815
104.6603394	91.5531132	104.6603394	-0.601134238
104.8671722	91.41338787	104.8671722	1.404526541
105.0740128	90.76657871	105.0740128	0.086076928
105.2808533	90.05592228	105.2808533	1.456946313
105.4876862	89.62603713	105.4876862	0.578581825
105.6945267	89.23495765	105.6945267	0.022458986
105.9013672	89.37216027	105.9013672	-1.524351615
106.1082077	88.76161326	106.1082077	-0.411275832
106.3150482	88.5778604	106.3150482	-0.146742514
106.5218811	88.19414131	106.5218811	1.583954275
106.7287216	87.77206383	106.7287216	-0.101652737
106.9355621	87.08736039	106.9355621	1.677986337
107.142395	86.64594424	107.142395	0.426999819
107.3492355	86.24600471	107.3492355	-1.386816054
107.556076	85.84730217	107.556076	-0.605692095
107.7629166	85.18521713	107.7629166	-1.669773931
107.9697571	85.03044449	107.9697571	0.251136636
108.17659	84.4106863	108.17659	0.962850303
108.3834305	83.9933412	108.3834305	-0.676836206
108.590271	83.61708171	108.590271	-0.184671583
108.7971039	82.97694223	108.7971039	1.818094128
109.0039444	82.3140781	109.0039444	1.318975935
109.2107849	81.66787054	109.2107849	1.079214987
109.4176254	81.30210275	109.4176254	0.43622154
109.6244659	81.23958149	109.6244659	-0.873563449
109.8312988	80.93443473	109.8312988	0.889537596
110.0381393	80.58879827	110.0381393	0.194728854
110.2449799	80.24328537	110.2449799	1.700348474
110.4518127	79.89809456	110.4518127	0.081029271
110.6586533	79.81812191	110.6586533	-1.234757875
110.8654938	79.23297953	110.8654938	0.385156194
111.0723343	79.11519859	111.0723343	0.27912788
111.2791748	78.53281402	111.2791748	-0.660648144
111.4860077	77.88850301	111.4860077	0.752826823
111.6928482	77.52659805	111.6928482	-1.047902192
111.8996887	77.2050022	111.8996887	0.678121987
112.1065216	76.61877439	112.1065216	-0.205890425
112.3133621	76.00909881	112.3133621	-1.674399092
112.5202026	75.68012843	112.5202026	-0.13634124
112.7270432	75.38986247	112.7270432	0.40533622
112.9338837	74.83344022	112.9338837	1.414792011
113.1407166	74.25223342	113.1407166	-0.446547465
113.3475571	74.21516599	113.3475571	1.078527131
113.5543976	73.97453183	113.5543976	-0.832927107
113.7612305	73.42743419	113.7612305	-0.699982842
113.968071	72.8555417	113.968071	0.358514443
114.1749115	72.29834126	114.1749115	-1.407343924
114.381752	72.01971755	114.381752	0.412351165
114.5885925	72.3073319	114.5885925	-0.388905652
114.7954254	71.8448296	114.7954254	-1.883813255
115.0022659	71.27731421	115.0022659	-0.187030342
115.2091064	70.72501735	115.2091064	0.964402593
115.4159393	70.45178663	115.4159393	1.040317714
115.6227798	70.21570016	115.6227798	0.476916381
115.8296204	69.97675848	115.8296204	-0.972340014
116.0364609	69.47057108	116.0364609	0.729972274
116.2433014	68.93852525	116.2433014	1.263036281
116.4501343	68.42016897	116.4501343	1.41103014
116.6569748	68.17940688	116.6569748	1.401646571
116.8638153	67.97445337	116.8638153	0.153795006
117.0706482	67.50065629	117.0706482	1.22994184
117.2774887	67.26423014	117.2774887	-0.900092675
117.4843292	67.32852002	117.4843292	0.025836793
117.6911697	66.88303465	117.6911697	-1.231036872
117.8980103	66.37109039	117.8980103	0.855878053
118.1048431	66.40211824	118.1048431	0.191446969
118.3116837	65.96370522	118.3116837	1.800936344
118.5185242	65.9882874	118.5185242	0.135760261
118.7253571	65.54416137	118.7253571	1.12691051
118.9321976	65.29892623	118.9321976	2.115745918
119.1390381	65.62092323	119.1390381	1.53431691
119.3458786	65.45846455	119.3458786	-0.359042209
119.5527191	64.95075265	119.5527191	1.296944404
119.759552	64.68452332	119.759552	-0.400917559
119.9663925	64.19325744	119.9663925	-0.877729565
120.173233	63.94255253	120.173233	0.490555854
120.3800659	63.73072176	120.3800659	1.901570035
120.5869064	63.78234337	120.5869064	1.927995792
120.7937469	63.59183254	120.7937469	0.413922461
121.0005875	63.09646785	121.0005875	1.487502786
121.207428	62.84255874	121.207428	2.040360102
121.4142609	62.8930876	121.4142609	-0.15762352
121.6211014	62.43727973	121.6211014	-0.113393748
121.8279419	61.91817255	121.8279419	0.144903586
122.0347748	61.68020106	122.0347748	0.659626992
122.2416153	61.21650158	122.2416153	-1.273681805
122.4484558	60.99270016	122.4484558	0.395666921
122.6552963	60.54240863	122.6552963	-1.096645013
122.8621368	60.86082941	122.8621368	-1.200715296
123.0689697	60.46996722	123.0689697	-2.045001362
123.2758102	59.97445782	123.2758102	-0.005562853
123.4826508	59.75921311	123.4826508	1.004004214
123.6894836	59.31743957	123.6894836	-0.456220696
123.8963242	59.11478564	123.8963242	1.414782193
124.1031647	58.68492883	124.1031647	-0.254495355
124.3100052	58.49358703	124.3100052	-0.606033716
124.5168457	58.3392155	124.5168457	-0.605306797
124.7236786	58.18177238	124.7236786	-0.605127035
124.9305191	58.28632215	124.9305191	0.540757023
125.1373596	58.14735464	125.1373596	-1.412373599
125.3441925	57.70226487	125.3441925	-0.170306131
125.551033	57.49738396	125.551033	-0.087945852
125.7578735	57.06630152	125.7578735	-0.280069303
125.9647141	56.60990367	125.9647141	0.693123934
126.1715546	56.432386	126.1715546	0.828512196
126.3783875	56.55652482	126.3783875	-0.988398101
126.585228	56.43648292	126.585228	-0.0476846
126.7920685	56.27440783	126.7920685	0.656839459
126.9989014	55.84617361	126.9989014	1.524355507
127.2057419	55.39299759	127.2057419	-0.361595244
127.4125824	55.21904767	127.4125824	-0.235043843
127.6194229	54.8175929	127.6194229	1.124679394
127.8262634	54.38960781	127.8262634	1.504987811
128.0330963	54.23937527	128.0330963	-0.257092525
128.2399292	54.12499537	128.2399292	0.311629796
128.4467773	54.27126004	128.4467773	-1.158512041
128.6536102	54.17273437	128.6536102	0.756984523
128.8604584	54.03159249	128.8604584	0.666393948
129.0672913	53.62375451	129.0672913	-0.644818335
129.2741241	53.45523197	129.2741241	0.594978479
129.4809723	53.05963817	129.4809723	0.307730624
129.6878052	53.16742865	129.6878052	2.657041646
129.8946533	52.80646282	129.8946533	1.36070715
130.1014862	52.37960905	130.1014862	2.604665545
130.3083191	52.23138247	130.3083191	1.8026942
130.5151672	51.85508597	130.5151672	0.810335618
130.7220001	51.45178055	130.7220001	1.94478508
130.928833	51.32570177	130.928833	0.829623658
131.1356812	51.235025	131.1356812	0.215601053
131.342514	51.40454586	131.342514	1.185512246
131.5493469	51.32886943	131.5493469	-0.857337964
131.7561951	50.94540917	131.7561951	-1.139853946
131.963028	50.53595756	131.963028	-0.680383248
132.1698761	50.40468045	132.1698761	0.526873451
132.376709	50.04491366	132.376709	0.77891831
132.5835419	50.18716183	132.5835419	-0.412805234
132.79039	49.85940495	132.79039	1.215191924
132.9972229	49.99405036	132.9972229	-0.6437213
133.204071	49.65938393	133.204071	-0.161477524
133.4109039	49.52305016	133.4109039	1.3075853
133.6177368	49.42379665	133.6177368	-0.633156954
133.824585	49.0567671	133.824585	-1.230378819
134.0314178	48.92811675	134.0314178	-1.232482052
134.2382507	48.5714958	134.2382507	-0.984591961
134.4450989	48.18784486	134.4450989	-1.47977487
134.6519318	47.81675755	134.6519318	0.196930383
134.8587646	47.72212854	134.8587646	-1.147996918
135.0656128	47.92694921	135.0656128	-0.763754808
135.2724457	47.62073297	135.2724457	-0.132182086
135.4792938	47.51152607	135.4792938	1.417391067
135.6861267	47.43824314	135.6861267	-0.339547078
135.8929596	47.0961461	135.8929596	-0.57950215
136.0998077	47.25613242	136.0998077	0.054574543
136.3066406	47.21087671	136.3066406	-0.414553582
136.5134888	47.12220669	136.5134888	-0.118648852
136.7203217	47.0308191	136.7203217	-0.76036669
136.9271545	46.67223311	136.9271545	-1.294032481
137.1340027	46.28768332	137.1340027	0.666000794
137.3408356	45.91667708	137.3408356	0.874085771
137.5476685	45.55829814	137.5476685	-0.726349495
137.7545166	45.74123877	137.7545166	0.781488973
137.9613495	45.71782478	137.9613495	0.654034951
138.1681824	45.65000797	138.1681824	-0.926110379
138.3750305	45.31374845	138.3750305	0.848117728
138.5818634	44.95048296	138.5818634	-0.587410679
138.7887115	45.65874912	138.7887115	1.299939217
138.9955444	46.20860847	138.9955444	0.640479507
139.2023773	46.15412069	139.2023773	0.529544861
139.4092255	46.28496706	139.4092255	-0.393319161
139.6160583	45.91136006	139.6160583	-1.277403946
139.8229065	45.74083958	139.8229065	-0.705338461
140.0297394	45.34711958	140.0297394	1.08719465
140.2365723	45.46029086	140.2365723	-0.349997027
140.4434204	45.10795173	140.4434204	0.523320658
140.6502533	45.48695099	140.6502533	-1.377349371
140.8570862	45.15943321	140.8570862	0.017144625
141.0639343	44.72968714	141.0639343	-1.364107996
141.2707672	44.58244951	141.2707672	0.554156874
141.4776001	44.47541611	141.4776001	-0.669611105
141.6844482	44.10348117	141.6844482	-0.97569447
141.8912811	43.70781977	141.8912811	0.745564813
142.0981293	43.59240788	142.0981293	-0.554899325
142.3049622	43.51515195	142.3049622	-1.439592888
142.511795	43.43586585	142.511795	-0.368649177
142.7186432	43.08996767	142.7186432	1.386438758
142.9254761	43.24821488	142.9254761	0.019498447
143.1323242	43.46792304	143.1323242	0.516430547
143.3391571	43.14015552	143.3391571	-1.155105181
143.54599	42.74837349	143.54599	0.514844862
143.7528381	42.63695629	143.7528381	0.470000419
143.959671	42.29904802	143.959671	0.04108204
144.1665039	42.46498024	144.1665039	-0.81154136
144.3733521	42.16257359	144.3733521	0.968571679
144.5801849	41.79462086	144.5801849	-0.613093988
144.7870178	41.97031076	144.7870178	-1.293514891
144.993866	41.67711921	144.993866	0.077762286
145.2006989	41.58260751	145.2006989	1.410499496
145.407547	41.7902796	145.407547	0.110391047
145.6143799	41.75413708	145.6143799	-0.633317252
145.8212128	42.20575331	145.8212128	-0.580391251
146.0280609	41.90932632	146.0280609	-0.89343732
146.2348938	41.50975814	146.2348938	0.66589226
146.4417419	41.92123711	146.4417419	-0.6880905
146.6485748	41.88985667	146.6485748	-0.508285167
146.8554077	42.57328114	146.8554077	1.085683646
147.0622559	42.53488852	147.0622559	-0.526743802
147.2690887	42.11537326	147.2690887	-1.111890801
147.4759216	42.20610702	147.4759216	-1.308846653
147.6827698	41.83442832	147.6827698	0.647643528
147.8896027	41.6674488	147.8896027	-0.705193252
148.0964355	41.80814593	148.0964355	1.191372743
148.3032837	41.44542679	148.3032837	0.302572034
148.5101166	41.02210311	148.5101166	-0.286591743
148.7169647	41.41180936	148.7169647	1.178108818
148.9237976	41.09574393	148.9237976	-0.625812124
149.1306305	40.94303703	149.1306305	0.602077776
149.3374786	41.09721923	149.3374786	0.986664449
149.5443115	41.01196872	149.5443115	0.376921632
149.7511597	40.62424997	149.7511597	-0.531389371
149.9579926	40.21542869	149.9579926	0.559012524
150.1648254	39.82453374	150.1648254	2.326303396
150.3716736	39.71507651	150.3716736	0.480908102
150.5785065	39.90961541	150.5785065	1.278196348
150.7853394	39.59734655	150.7853394	1.126284511
150.9921875	40.01550307	150.9921875	-1.034570516
151.1990204	39.72622557	151.1990204	0.115450824
151.4058533	39.59876682	151.4058533	-1.785680582
151.6127014	39.24723073	151.6127014	-0.061366938
151.8195343	38.87233861	151.8195343	-1.574564799
152.0263824	38.51326028	152.0263824	0.434807485
152.2332153	38.16896904	152.2332153	0.788180913
152.4400482	38.10316849	152.4400482	0.287542979
152.6468964	38.33867411	152.6468964	3.475288772
152.8537292	38.06483003	152.8537292	1.914145781
153.0605774	37.98953497	153.0605774	0.707552161
153.2674103	37.95155786	153.2674103	1.435273096
153.4742432	37.64603299	153.4742432	-0.837609352
153.6810913	37.31420066	153.6810913	-0.520503871
153.8879242	37.52506311	153.8879242	0.827515162
154.0947571	37.79557765	154.0947571	-0.911357076
154.3016052	37.78174995	154.3016052	-2.721521353
154.5084381	37.72606496	154.5084381	-1.014926506
154.715271	37.66904736	154.715271	-2.099567194
154.9221191	37.34605048	154.9221191	-0.10710427
155.128952	37.26303614	155.128952	-1.751237354
155.3358002	36.95350136	155.3358002	-0.00791196
155.5426331	36.883087	155.5426331	0.459780559
155.7494659	37.11481902	155.7494659	0.859222994
155.9563141	37.63231974	155.9563141	-0.771105011
156.163147	37.6259774	156.163147	-0.113404094
156.3699951	37.53996857	156.3699951	-0.217598191
156.576828	37.19031209	156.576828	1.40702953
156.7836609	36.81801411	156.7836609	0.901299181
156.990509	36.99174995	156.990509	-0.608863869
157.1973419	36.96347305	157.1973419	1.268081562
157.4041748	36.63005778	157.4041748	-0.14153295
157.6110229	36.2729194	157.6110229	0.696220096
157.8178558	35.93136803	157.8178558	-0.528320237
158.0246887	35.86904164	158.0246887	-0.988897476
158.2315369	35.84392536	158.2315369	0.782198755
158.4383698	35.81587449	158.4383698	-1.041341159
158.6452179	35.52035782	158.6452179	0.3048219
158.8520508	35.46345871	158.8520508	-0.864360161
159.0588837	35.44350704	159.0588837	0.943781038
159.2657318	36.47947181	159.2657318	0.144928227
159.4725647	36.28353287	159.4725647	-0.45917651
159.6794128	36.16903665	159.6794128	-1.449767536
159.8862457	36.09567074	159.8862457	0.171815462
160.0930786	35.75827805	160.0930786	0.901782544
160.2999268	35.66259993	160.2999268	-0.948765422
160.5067596	35.34203838	160.5067596	-0.82870976
160.7135925	34.99732754	160.7135925	0.6827411
160.9204407	34.93248229	160.9204407	-1.060083157
161.1272736	35.43490937	161.1272736	0.717542473
161.3341064	35.7175698	161.3341064	0.637612546
161.5409546	35.6785137	161.5409546	0.928648992
161.7477875	35.33567608	161.7477875	-0.848133196
161.9546356	35.23513559	161.9546356	-1.000566906
162.1614685	34.91025073	162.1614685	0.777151645
162.3683014	34.8264452	162.3683014	-0.794161242
162.5751495	34.78192116	162.5751495	0.802468732
162.7819824	34.73638032	162.7819824	-0.514235365
162.9888306	34.95468388	162.9888306	1.546027445
163.1956635	34.66631976	163.1956635	0.183595608
163.4024963	34.57904022	163.4024963	0.96179678
163.6093445	34.53140498	163.6093445	-0.653006244
163.8161774	34.48308871	163.8161774	1.172394985
164.0230103	34.16942898	164.0230103	-0.131384394
164.2298584	34.09626323	164.2298584	-1.206100761
164.4366913	33.7970776	164.4366913	-2.222992664
164.6435242	33.47268891	164.6435242	-0.975709672
164.8503723	33.42718843	164.8503723	0.136547169
165.0572052	33.15381779	165.0572052	-1.546185964
165.2640533	32.8534713	165.2640533	-0.338443792
165.4708862	32.5656846	165.4708862	0.776422474
165.6777191	32.28958568	165.6777191	0.344906987
165.8845673	32.55390822	165.8845673	-0.126087866
166.0914001	32.6110186	166.0914001	-1.322220503
166.2982483	32.62286676	166.2982483	-2.155308787
166.5050812	32.36548359	166.5050812	-0.489615344
166.7119141	32.08028513	166.7119141	-1.211100499
166.9187622	32.07155523	166.9187622	-2.488147753
167.1255951	32.36218725	167.1255951	0.11205112
167.332428	32.14170888	167.332428	2.236569392
167.5392761	32.38288969	167.5392761	1.48085131
167.746109	32.41874228	167.746109	2.570258858
167.9529419	32.14638019	167.9529419	2.057110363
168.15979	31.84743963	168.15979	0.668953249
168.3666229	31.56142289	168.3666229	-1.081844446
168.5734711	31.28740759	168.5734711	0.28164649
168.780304	31.28936915	168.780304	0.284912389
168.9871368	31.32546529	168.9871368	-0.150566401
169.193985	31.885327	169.193985	-1.696061066
169.4008179	31.69298389	169.4008179	-0.629745926
169.607666	31.92306151	169.607666	0.601878153
169.8144989	32.21364383	169.8144989	-0.65394028
170.0213318	31.95596435	170.0213318	1.176428598
170.2281799	31.6333961	170.2281799	-0.508249803
170.4350128	31.59044628	170.4350128	-0.454650609
170.6418457	31.32026805	170.6418457	-1.803177903
170.8486938	31.28847455	170.8486938	-0.250422281
171.0555267	31.29344457	171.0555267	0.986374007
171.2623596	31.0303384	171.2623596	-0.862056265
171.4692078	31.0051906	171.4692078	0.522123901
171.6760406	31.28114079	171.6760406	-1.068580625
171.8828888	31.57710569	171.8828888	0.767439581
172.0897217	31.58934258	172.0897217	0.110275621
172.2965546	31.8250264	172.2965546	0.136878249
172.5034027	31.81884643	172.5034027	-1.206008569
172.7102356	31.77270835	172.7102356	0.682988065
172.9170837	31.46220746	172.9170837	0.380561414
173.1239166	31.12843706	173.1239166	0.58975421
173.3307495	30.81056819	173.3307495	-1.338989686
173.5375977	31.0370138	173.5375977	0.084250712
173.7444305	31.05983194	173.7444305	0.624583757
173.9512634	31.04073596	173.9512634	-0.417049145
174.1581116	30.75546653	174.1581116	-2.229136554
174.3649445	31.23949764	174.3649445	-1.099243312
174.5717773	31.01473454	174.5717773	-0.563934392
174.7786255	31.21514608	174.7786255	0.274275364
174.9854584	31.47861447	174.9854584	-1.490257829
175.1923065	31.99043075	175.1923065	-0.95605147
175.3991394	32.51061729	175.3991394	0.268023325
175.6059723	33.00108491	175.6059723	1.031330493
175.8128204	32.66964991	175.8128204	0.776553657
176.0196533	32.24149599	176.0196533	-0.447770487
176.2265015	31.83599797	176.2265015	-1.127134841
176.4333344	31.45161009	176.4333344	0.720373139
176.6401672	31.35154563	176.6401672	0.401801436
176.8470154	31.5581678	176.8470154	-0.842625269
177.0538483	31.78987	177.0538483	1.018540709
177.2606812	31.47790388	177.2606812	-0.338233396
177.4675293	31.63483854	177.4675293	-0.855586531
177.6743622	31.3284098	177.6743622	-1.680560998
177.8811951	30.9610231	177.8811951	0.116004854
178.0880432	31.14157481	178.0880432	0.250810046
178.2948761	31.38661331	178.2948761	0.100025287
178.5017242	31.35178301	178.5017242	-1.516818477
178.7085571	32.07347624	178.7085571	0.283699102
178.91539	31.80977308	178.91539	-0.876567428
179.1222382	31.40694416	179.1222382	0.665810766
179.329071	31.28981865	179.329071	-1.257136737
179.5359192	31.48062929	179.5359192	0.077531282
179.7427521	31.69768028	179.7427521	-0.519314461
179.949585	31.90159908	179.949585	0.598512134
180.1564331	31.5637863	180.1564331	1.065240394
180.363266	31.4320314	180.363266	-0.335787427
180.5700989	31.87392178	180.5700989	-1.358212934
180.776947	31.83724851	180.776947	-1.217226266
180.9837799	31.72543641	180.9837799	0.347116767
181.1906128	31.61885641	181.1906128	0.779399193
181.3974609	31.78189944	181.3974609	-0.215646541
181.6042938	31.4436665	181.6042938	-0.763953361
181.811142	31.576204	181.811142	-0.226729756
182.0179749	31.24711517	182.0179749	1.543967622
182.2248077	31.38813915	182.2248077	0.228641433
182.4316559	31.06696503	182.4316559	-0.867158381
182.6384888	31.21537085	182.6384888	0.321120065
182.8453369	31.43060313	182.8453369	1.146809392
183.0521698	31.10330199	183.0521698	0.53355565
183.2590027	31.24599759	183.2590027	1.331338664
183.4658508	30.92638801	183.4658508	-0.623506066
183.6726837	30.81154797	183.6726837	-0.949003217
183.8795166	30.73970097	183.8795166	-0.985847425
184.0863647	30.67027767	184.0863647	0.973598645
184.2931976	30.33837227	184.2931976	-0.193536888
184.5000305	30.24962503	184.5000305	1.447067303
184.7068787	29.93730766	184.7068787	-0.134130949
184.9137115	29.60208012	184.9137115	-0.876741561
185.1205597	29.54783665	185.1205597	-1.013976205
185.3273926	29.79714135	185.3273926	-1.438420542
185.5342255	29.80393827	185.5342255	-0.690237722
185.7410736	30.03493207	185.7410736	1.508992559
185.9479065	29.75999276	185.9479065	0.37882108
186.1547546	29.42197961	186.1547546	2.182394351
186.3615875	29.63001909	186.3615875	0.296647385
186.5684204	29.37134259	186.5684204	-0.351770515
186.7752686	29.04849157	186.7752686	1.037626975
186.9821014	28.74117046	186.9821014	-1.042483666
187.1889343	28.97774252	187.1889343	-0.00321395
187.3957825	29.0104133	187.3957825	-1.265292709
187.6026154	29.0008566	187.6026154	0.760034402
187.8094482	29.2543426	187.8094482	-0.102371419
188.0162964	29.26523371	188.0162964	1.421282196
188.2231293	29.50021888	188.2231293	-0.086680911
188.4299774	30.02348174	188.4299774	-0.12111924
188.6368103	29.76042055	188.6368103	-1.514060915
188.8436432	29.39617954	188.8436432	-0.179328146
189.0504913	29.31526081	189.0504913	1.018902327
189.2573242	29.01057647	189.2573242	0.936106258
189.4641724	28.68270626	189.4641724	0.377896093
189.6710052	28.3709031	189.6710052	-1.644950821
189.8778381	28.60348904	189.8778381	-0.562563757
190.0846863	29.1621715	190.0846863	-0.322096196
190.2915192	29.46162685	190.2915192	-1.221653213
190.4983521	29.44031544	190.4983521	0.824777179
190.7052002	29.645527	190.7052002	-0.065699651
190.9120331	29.34692223	190.9120331	0.069435571
191.118866	29.25203271	191.118866	0.489861868
191.3257141	28.93444469	191.3257141	-1.37560473
191.532547	28.85948263	191.532547	-0.848976011
191.7393951	28.56043338	191.7393951	0.61949271
191.946228	28.7674911	191.946228	0.340923129
192.1530609	29.03770447	192.1530609	-1.229034596
192.3599091	29.02680328	192.3599091	0.615462395
192.5667419	28.71228556	192.5667419	0.899858747
192.7735901	28.37544139	192.7735901	-0.599313615
192.980423	28.58496148	192.980423	-0.096315877
193.1872559	28.59278278	193.1872559	0.611649007
193.394104	28.29564883	193.394104	-0.921097669
193.6009369	27.97507232	193.6009369	0.977576019
193.8077698	28.4644301	193.8077698	0.758686083
194.0146179	28.51005346	194.0146179	0.647657663
194.2214508	28.21060622	194.2214508	-0.829016825
194.4282837	29.21156528	194.4282837	-0.900818261
194.6351318	29.81753546	194.6351318	0.570160662
194.8419647	29.51909316	194.8419647	-1.464240374
195.0488129	29.65171802	195.0488129	-0.118526356
195.2556458	29.85286715	195.2556458	0.9112337
195.4624786	29.77790383	195.4624786	-0.363173937
195.6693268	29.40387164	195.6693268	1.540152697
195.8761597	29.27659095	195.8761597	0.050507268
196.0830078	29.19380647	196.0830078	0.65064213
196.2898407	29.11483075	196.2898407	-0.995393284
196.4966736	28.77465862	196.4966736	0.489566146
196.7035217	28.94358124	196.7035217	1.276568286
196.9103546	28.91369053	196.9103546	-0.822600915
197.1171875	28.84634106	197.1171875	-0.038516786
197.3240356	28.51694228	197.3240356	0.409066305
197.5308685	28.69592055	197.5308685	-1.637475863
197.7377014	28.41069347	197.7377014	-1.17636455
197.9445496	28.32838377	197.9445496	-1.794862438
198.1513824	28.0226892	198.1513824	0.314944842
198.3582306	27.69416083	198.3582306	-0.07785576
198.5650635	27.64677559	198.5650635	-0.311516649
198.7718964	27.903034	198.7718964	0.18972516
198.9787445	27.91689436	198.9787445	1.533494795
199.1855774	27.89029869	199.1855774	0.457245107
199.3924255	27.86365143	199.3924255	-1.338869799
199.5992584	27.57221997	199.5992584	0.196664097
199.8060913	27.52181399	199.8060913	-1.124887855
200.0129395	27.24586163	200.0129395	-0.708136259
200.2197723	26.94515991	200.2197723	0.264296527
200.4266052	27.18845245	200.4266052	0.472244685
200.6334534	26.96316539	200.6334534	-1.414052591
200.8402863	26.93681895	200.8402863	-0.811437957
201.0471191	26.68333825	201.0471191	-0.27050732
201.2539673	26.93309779	201.2539673	1.00460026
201.4608002	26.97862768	201.4608002	-0.267059113
201.6676483	26.71687791	201.6676483	-0.6302358
201.8744812	26.6942765	201.8744812	0.311553191
202.0813141	26.97383255	202.0813141	-1.005539935
202.2881622	26.74484338	202.2881622	-2.095496398
202.4949951	26.45045346	202.4949951	-1.068599827
202.7018433	26.69987282	202.7018433	0.550468892
202.9086761	27.0099413	202.9086761	-0.974533194
203.115509	27.03660911	203.115509	0.862610744
203.3223572	27.02223157	203.3223572	-0.720482418
203.5291901	27.27202364	203.5291901	-0.360579301
203.7360229	27.80970108	203.7360229	-0.539022267
203.9428711	27.56080508	203.9428711	0.632684712
204.149704	27.21047131	204.149704	-0.822667048
204.3565369	27.1431854	204.3565369	-2.284713271
204.563385	27.38140341	204.563385	-1.516883545
204.7702179	27.64359786	204.7702179	-0.362809622
204.977066	27.36104116	204.977066	0.116807613
205.1838989	27.28173306	205.1838989	-1.349380346
205.3907318	27.24400557	205.3907318	-0.810009811
205.59758	26.94261973	205.59758	-0.199606186
205.8044128	26.61861226	205.8044128	-0.638604235
206.011261	26.31108155	206.011261	-1.75737962
206.2180939	26.28367085	206.2180939	0.127299225
206.4249268	26.29422321	206.4249268	-0.113391124
206.6317749	26.03776945	206.6317749	-0.451057801
206.8386078	26.02033687	206.8386078	-2.298699335
207.0454407	26.30494258	207.0454407	-0.58922998
207.2522888	26.08089133	207.2522888	-2.024135641
207.4591217	26.32083421	207.4591217	0.26794709
207.6659546	26.35760485	207.6659546	0.525154513
207.8728027	26.35282326	207.8728027	-0.768767216
208.0796356	26.08225782	208.0796356	0.960104312
208.2864838	26.05176842	208.2864838	-0.837644308
208.4933167	25.79485254	208.4933167	0.370434959
208.7001495	25.77707737	208.7001495	0.731610397
208.9069977	25.79677783	208.9069977	-1.433216784
209.1138306	25.5490339	209.1138306	-0.626813931
209.3206787	25.27506073	209.3206787	-0.614333365
209.5275116	25.27907243	209.5275116	-0.548462431
209.7343445	25.054339	209.7343445	-2.084791245
209.9411926	24.80181159	209.9411926	-0.231120048
210.1480255	25.35531697	210.1480255	-0.613499345
210.3548584	25.19663917	210.3548584	0.071209074
210.5617065	25.1952259	210.5617065	-1.709948774
210.7685394	24.96553215	210.7685394	-0.459444908
210.9753723	24.97326202	210.9753723	-2.218099154
211.1822205	25.01687685	211.1822205	-1.678615534
211.3890533	24.79156856	211.3890533	-0.829354392
211.5959015	24.80343243	211.5959015	-0.487595726
211.8027344	24.85092181	211.8027344	-1.796410542
212.0095673	24.62927523	212.0095673	0.092567171
212.2164154	24.3798297	212.2164154	0.076618906
212.4232483	24.40688949	212.4232483	1.219474376
212.6300964	24.46860729	212.6300964	-0.648796427
212.8369293	24.26024212	212.8369293	0.420985792
213.0437622	24.02326168	213.0437622	-0.645378002
213.2506104	24.06199782	213.2506104	-2.661734324
213.4574432	24.13462779	213.4574432	-1.423932982
213.6642761	23.9365181	213.6642761	-0.897019157
213.8711243	24.23866377	213.8711243	-0.770694884
214.0779572	24.33377994	214.0779572	1.226196172
214.28479	24.38382646	214.28479	-0.068018814
214.4916382	24.16477174	214.4916382	-0.136034143
214.6984711	23.91803526	214.6984711	-1.068734708
214.9053192	24.21263237	214.9053192	0.846652857
215.1121521	24.03607041	215.1121521	-0.13403315
215.318985	23.7913282	215.318985	-1.685119137
215.5258331	24.08783164	215.5258331	0.184037022
215.732666	24.17786369	215.732666	-1.789046188
215.9395142	24.22330641	215.9395142	-0.609651752
216.146347	24.00011856	216.146347	1.48E-05
216.3531799	24.01438738	216.3531799	-1.312873165
216.5600281	23.79979743	216.5600281	0.728732082
216.766861	23.82212049	216.766861	1.125991634
216.9736938	24.14452395	216.9736938	1.088008374
217.180542	23.9564514	217.180542	1.641361692
217.3873749	23.70117404	217.3873749	-1.098182214
217.5942078	23.45850831	217.5942078	-0.19131816
217.8010559	23.49233259	217.8010559	-2.614920998
218.0078888	23.56076414	218.0078888	-2.44774005
218.2147369	23.35907894	218.2147369	-2.110729951
218.4215698	23.39351667	218.4215698	-1.657916978
218.6284027	23.19784101	218.6284027	-0.206766567
218.8352509	22.9730984	218.8352509	-2.084107515
219.0420837	23.02367762	219.0420837	-0.454392731
219.2489319	23.10781651	219.2489319	0.752288831
219.4557648	22.9208464	219.4557648	-1.186158975
219.6625977	22.70430679	219.6625977	-0.728317981
219.8694458	22.49782593	219.8694458	-1.968549085
220.0762787	22.56549503	220.0762787	0.160519869
220.2831116	22.93032423	220.2831116	1.542605427
220.4899597	23.04674256	220.4899597	1.044866531
220.6967926	23.11710598	220.6967926	0.038612188
220.9036255	23.18222539	220.9036255	1.41092148
221.1104736	22.9777189	221.1104736	-0.467124606
221.3173065	22.74503733	221.3173065	-0.061682317
221.5241547	22.78845926	221.5241547	0.737278624
221.7309875	23.39562668	221.7309875	1.305539081
221.9378204	23.25027979	221.9378204	-0.378334941
222.1446686	23.26224079	222.1446686	-1.059349224
222.3515015	23.04596939	222.3515015	-1.538889834
222.5583496	23.06714034	222.5583496	-1.100330401
222.7651825	23.3889272	222.7651825	0.93132301
222.9720154	23.73020731	222.9720154	0.113854741
223.1788635	24.05209792	223.1788635	0.590576908
223.3856964	24.35592017	223.3856964	1.63427986
223.5925293	24.64296983	223.5925293	1.866262667
223.7993774	24.38490417	223.7993774	1.372660213
224.0062103	24.59448366	224.0062103	0.288769147
224.2130432	24.60425821	224.2130432	-0.431138866
224.4198914	24.84035608	224.4198914	-0.348233328
224.6267242	24.57247137	224.6267242	1.382735207
224.8335724	24.24330242	224.8335724	0.489130297
225.0404053	24.19707422	225.0404053	-0.975033125
225.2472382	24.19140817	225.2472382	-0.730528314
225.4540863	23.9211307	225.4540863	0.805983825
225.6609192	23.62733249	225.6609192	-1.027790952
225.8677673	23.61394069	225.8677673	0.10774518
226.0746002	23.63878795	226.0746002	-1.403140422
226.2814331	23.92637249	226.2814331	0.333478397
226.4882813	23.97106555	226.4882813	-1.54131074
226.6951141	23.71007583	226.6951141	-0.710888785
226.901947	23.42489775	226.901947	0.106033344
227.1087952	23.15475736	227.1087952	-0.248020826
227.3156281	23.16338712	227.3156281	-0.653903327
227.5224609	23.20872068	227.5224609	0.488247391
227.7293091	22.98587271	227.7293091	0.420928687
227.936142	22.73619061	227.936142	-0.847043554
228.1429901	23.02862208	228.1429901	-1.542999247
228.349823	22.85061262	228.349823	-1.142550516
228.5566559	23.13454507	228.5566559	0.5895611
228.763504	23.74301283	228.763504	0.792953003
228.9703369	24.09080406	228.9703369	0.590590814
229.1771851	24.11641801	229.1771851	-0.73096738
229.3840179	24.10251937	229.3840179	-2.153179562
229.5908508	24.08942981	229.5908508	-1.114587224
229.797699	23.81231582	229.797699	-2.019121801
230.0045319	23.51222565	230.0045319	-1.192577749
230.2113647	23.49302662	230.2113647	0.087995638
230.4182129	23.51255541	230.4182129	-1.688037205
230.6250458	23.53052049	230.6250458	-0.83381888
230.8318787	23.81176677	230.8318787	0.759552622
231.0387268	23.85062491	231.0387268	-0.488814272
231.2455597	23.84901773	231.2455597	0.444233742
231.4524078	23.8473391	231.4524078	1.725635929
231.6592407	23.84559009	231.6592407	-0.219461944
231.8660736	23.57904241	231.8660736	1.02295124
232.0729218	23.28870317	232.0729218	1.447048945
232.2797546	23.80804178	232.2797546	-0.637825732
232.4866028	24.14814599	232.4866028	0.039412964
232.6934357	24.16657493	232.6934357	-0.960435406
232.9002686	23.88123739	232.9002686	0.658890699
233.1071167	23.83819213	233.1071167	-1.071276728
233.3139496	24.10026589	233.3139496	0.664552289
233.5207825	24.65073217	233.5207825	1.16592006
233.7276306	24.67985461	233.7276306	-0.159768529
233.9344635	24.36686548	233.9344635	-0.904387089
234.1412964	24.03335451	234.1412964	1.051807453
234.3481445	23.71827514	234.3481445	-0.19368
234.5549774	23.94982836	234.5549774	-0.008144651
234.7618256	24.24475	234.7618256	0.393650098
234.9686584	23.9939076	234.9686584	1.340496317
235.1754913	23.68059715	235.1754913	-0.624919458
235.3823395	23.38427632	235.3823395	-1.800495273
235.5891724	23.3685193	235.5891724	-0.292163462
235.7960205	23.3911681	235.7960205	-1.125506423
236.0028534	23.41195618	236.0028534	0.901874052
236.2096863	23.1662905	236.2096863	-0.676637702
236.4165344	23.95438275	236.4165344	-0.010310851
236.6233673	23.79219444	236.6233673	1.631162631
236.8302002	24.01568637	236.8302002	1.040568251
237.0370483	23.77358209	237.0370483	-0.865734211
237.2438812	23.46842135	237.2438812	-0.276907591
237.4507141	23.70917148	237.4507141	-0.827701281
237.6575623	23.48310481	237.6575623	-1.796677145
237.8643951	23.72231069	237.8643951	0.190939508
238.0712433	24.02435037	238.0712433	-0.792604256
238.2780762	24.30963097	238.2780762	-0.590559583
238.4849091	24.57935357	238.4849091	0.99815535
238.6917572	25.09939772	238.6917572	-0.674464595
238.8985901	24.83543411	238.8985901	-1.530931802
239.1054382	24.47228007	239.1054382	-0.404554182
239.3122711	24.39439186	239.3122711	-0.638305595
239.519104	24.09448898	239.519104	1.183712359
239.7259521	24.30255441	239.7259521	0.422409949
239.932785	25.10499639	239.932785	-1.023693666
240.1396179	25.14584709	240.1396179	0.192276395
240.3464661	26.12986943	240.3464661	1.250165397
240.553299	25.88972789	240.553299	1.011075589
240.7601318	25.47362143	240.7601318	-0.849044918
240.96698	25.08160006	240.96698	0.238131941
241.1738129	24.71199973	241.1738129	0.833629232
241.380661	24.62794109	241.380661	-1.031749332
241.5874939	24.3221422	241.5874939	-0.72126433
241.7943268	24.2598152	241.7943268	0.697382964
242.0011749	24.23896735	242.0011749	0.779591969
242.2080078	23.95438396	242.2080078	1.370273969
242.414856	23.64699641	242.414856	-0.569737281
242.6216888	23.8855166	242.6216888	0.176972793
242.8285217	24.18663823	242.8285217	-1.144781254
243.0353699	23.94135424	243.0353699	0.657623575
243.2422028	23.63302397	243.2422028	-1.063147803
243.4490356	23.34115534	243.4490356	-0.085229059
243.6558838	23.32934195	243.6558838	1.246522409
243.8627167	23.09069667	243.8627167	0.777458602
244.0695496	23.0908125	244.0695496	-0.450706489
244.2763977	23.12804824	244.2763977	-1.418629052
244.4832306	22.89750229	244.4832306	0.123726919
244.6900787	22.64041175	244.6900787	-0.069346083
244.8969116	22.39625591	244.8969116	0.768786156
245.1037445	22.16411976	245.1037445	1.65648819
245.3105927	22.47269758	245.3105927	0.472440034
245.5174255	22.83904073	245.5174255	1.01445272
245.7242737	23.44883455	245.7242737	-0.500888855
245.9311066	23.53293714	245.9311066	-0.837630072
246.1379395	23.27099309	246.1379395	1.040173714
246.3447876	22.98482272	246.3447876	-0.003224236
246.5516205	23.24323806	246.5516205	-0.699293978
246.7584534	23.03356835	246.7584534	1.09444446
246.9653015	23.02321553	246.9653015	0.650959787
247.1721344	23.05085139	247.1721344	0.906829668
247.3789673	22.81153415	247.3789673	-0.841902911
247.5858154	22.81120434	247.5858154	-1.61509315
247.7926483	22.58344752	247.7926483	-0.104607403
247.9994965	22.59388148	247.9994965	-0.467573233
248.2063293	22.6408797	248.2063293	1.193384974
248.4131622	22.41960651	248.4131622	-0.499869616
248.6200104	22.43610042	248.6200104	0.754007712
248.8268433	22.48876495	248.8268433	-0.846282106
249.0336914	22.80229844	249.0336914	1.13931881
249.2405243	22.87112263	249.2405243	0.524911841
249.4473572	22.89738287	249.4473572	-0.522828585
249.6542053	22.92162817	249.6542053	-0.245787455
249.8610382	22.67925064	249.8610382	1.533970687
250.0678711	22.41145545	250.0678711	-0.144998497
250.2747192	22.68710207	250.2747192	0.327830558
250.4815521	22.75829271	250.4815521	0.92375745
250.688385	23.05152288	250.688385	-0.793467498
250.8952332	23.36634605	250.8952332	0.644494793
251.102066	23.39890597	251.102066	1.72093342
251.3089142	23.12671752	251.3089142	0.994821879
251.5157471	23.89026304	251.5157471	1.4956185
251.72258	23.70551443	251.72258	0.534081437
251.9294281	23.64335844	251.9294281	-0.922577717
252.136261	23.88771805	252.136261	0.184916749
252.3431091	23.89232201	252.3431091	0.939733281
252.549942	24.12365608	252.549942	2.011418764
252.7567749	23.85140493	252.7567749	0.188351875
252.963623	23.78299226	252.963623	0.872485001
253.1704559	24.28626448	253.1704559	1.944747658
253.3772888	24.30910239	253.3772888	-0.10624644
253.584137	24.51977856	253.584137	1.620512546
253.7909698	24.49297181	253.7909698	-0.06105072
253.9978027	24.6950188	253.9978027	-0.837573065
254.2046509	25.18973569	254.2046509	0.489482707
254.4114838	25.16697756	254.4114838	2.126590866
254.6183319	25.335192	254.6183319	0.811927565
254.8251648	25.2688337	254.8251648	0.278161942
255.0319977	25.16929192	255.0319977	1.047172577
255.2388458	24.81164775	255.2388458	0.238617595
255.4456787	24.96599054	255.4456787	1.298879162
255.6525269	25.18901536	255.6525269	-0.48299678
255.8593597	25.13596201	255.8593597	0.020198787
256.0661926	25.0486949	256.0661926	2.080782825
256.2730408	24.96714306	256.2730408	1.220209331
256.4798584	24.89090242	256.4798584	2.336173941
256.6867065	25.08431501	256.6867065	0.593779461
256.8935547	25.30598662	256.8935547	1.323771898
257.1004028	24.98677032	257.1004028	-0.133902919
257.3072205	24.60975159	257.3072205	1.72139039
257.5140686	24.51868103	257.5140686	1.501721522
257.7209167	24.20627335	257.7209167	0.306182407
257.9277344	23.87306948	257.9277344	1.875880681
258.1345825	23.5579607	258.1345825	0.311912952
258.3414307	23.52450841	258.3414307	-0.775347773
258.5482483	23.53040119	258.5482483	1.046648134
258.7550964	23.80010304	258.7550964	1.362615763
258.9619446	23.82785072	258.9619446	0.272874018
259.1687622	23.55089131	259.1687622	0.266753747
259.3756104	23.25053434	259.3756104	0.082715536
259.5824585	22.96603452	259.5824585	1.420172225
259.7893066	22.69628175	259.7893066	-0.500027719
259.9961243	22.44028458	259.9961243	1.121128491
260.2029724	22.72651581	260.2029724	0.131833634
260.4098206	22.54246316	260.4098206	-1.655790296
260.6166382	22.29112528	260.6166382	-0.56722994
260.8234863	22.31698741	260.8234863	0.084820744
261.0303345	22.37818031	261.0303345	0.569674111
261.2371521	22.16994926	261.2371521	-1.092372939
261.4440002	21.93362721	261.4440002	-1.635256343
261.6508484	22.50317211	261.6508484	-0.576245053
261.857666	22.36018727	261.857666	0.590296975
262.0645142	22.10945258	262.0645142	0.945196591
262.2713623	23.19523158	262.2713623	1.241470087
262.4781799	23.0872918	262.4781799	-0.467317867
262.6850281	23.5883041	262.6850281	0.178550742
262.8918762	23.64644676	262.8918762	2.416673781
263.0986938	23.62517329	263.0986938	3.268119424
263.305542	23.86987361	263.305542	1.339928925
263.5123901	23.60991451	263.5123901	1.451819126
263.7192383	23.28806773	263.7192383	3.124354207
