21			
851		851	
Fit0		Residuals0	
Time	Intensity	Time	Intensity
17.58128166	8.470971456	17.58128166	0.008970121
17.78812027	24.92587997	17.78812027	0.052546878
17.99495888	261.1687044	17.99495888	0.264238288
18.20179749	1505.182441	18.20179749	0.773910041
18.40863609	4108.722782	18.40863609	0.667162174
18.6154747	6946.53094	18.6154747	-0.167651324
18.82231331	8834.411318	18.82231331	-0.429939683
19.02915192	9624.934351	19.02915192	-0.630941345
19.23599052	9748.962812	19.23599052	-0.525714354
19.44282913	9566.808902	19.44282913	-0.65699651
19.64966774	9266.005358	19.64966774	-0.91553716
19.85650635	8927.761699	19.85650635	-0.584960445
20.06334496	8568.618893	20.06334496	-0.757829456
20.27018356	8208.814251	20.27018356	-0.868091365
20.47702217	7857.871274	20.47702217	-1.092483368
20.68386078	7522.963852	20.68386078	0.58709357
20.89069939	7207.347535	20.89069939	-1.285031956
21.09753799	6910.868151	21.09753799	-0.032919799
21.3043766	6634.254693	21.3043766	-1.210478903
21.51121521	6376.09507	21.51121521	1.129594025
21.71805382	6137.326045	21.71805382	0.537971274
21.92489243	5915.061427	21.92489243	2.376732331
22.13173103	5707.307604	22.13173103	1.383649368
22.33856964	5514.4397	22.33856964	0.883111103
22.54540825	5332.786826	22.54540825	-0.42359883
22.75224686	5161.941708	22.75224686	-1.403488985
22.95908546	5002.983241	22.95908546	0.367717061
23.16592407	4854.76217	23.16592407	-0.527035288
23.37276268	4714.602225	23.37276268	-0.189433299
23.57960129	4581.996534	23.57960129	0.798226387
23.7864399	4458.188985	23.7864399	0.837855036
23.9932785	4342.135186	23.9932785	-0.426858797
24.20011711	4231.948	24.20011711	-1.846101242
24.40695572	4127.076271	24.40695572	-0.861553816
24.61379433	4028.101605	24.61379433	-0.1503776
24.82063293	3934.76435	24.82063293	0.330902135
25.02747154	3846.341072	25.02747154	-1.491528422
25.23431015	3762.264427	25.23431015	-1.371126498
25.44114876	3682.236126	25.44114876	-1.55834628
25.64798737	3606.271556	25.64798737	0.047486216
25.85482597	3533.470713	25.85482597	-1.441875236
26.06166458	3463.753165	26.06166458	-2.091151979
26.26850319	3397.828772	26.26850319	-0.885031145
26.4753418	3334.978204	26.4753418	0.931046304
26.6821804	3274.038646	26.6821804	-0.136792721
26.88901901	3215.499352	26.88901901	0.35462713
27.09585762	3159.537673	27.09585762	-0.793278418
27.30269623	3105.320687	27.30269623	-1.707341683
27.50953484	3052.991029	27.50953484	-0.136313843
27.71637344	3003.03472	27.71637344	-0.580155532
27.92321205	2954.51831	27.92321205	1.147031017
28.13005066	2907.181755	28.13005066	-0.50257879
28.33688927	2861.376536	28.33688927	-0.577974461
28.54372787	2817.19006	28.54372787	0.055383459
28.75056648	2774.29665	28.75056648	-1.071451869
28.95740509	2732.69971	28.95740509	0.776092199
29.1642437	2692.424414	29.1642437	-0.987861991
29.37108231	2653.065703	29.37108231	0.032241724
29.57792091	2614.612761	29.57792091	0.290206557
29.78475952	2577.897494	29.78475952	-1.66203558
29.99159813	2542.289241	29.99159813	-0.356247721
30.19843674	2506.868312	30.19843674	-0.62720325
30.40527534	2471.999328	30.40527534	-0.2797552
30.61211395	2437.943674	30.61211395	0.916153105
30.81895256	2405.030422	30.81895256	-0.386719298
31.02579117	2372.749664	31.02579117	-1.057367691
31.23262978	2341.053293	31.23262978	-0.224552846
31.43946838	2310.347063	31.43946838	-0.852796744
31.64630699	2280.398605	31.64630699	1.219940588
31.8531456	2250.661563	31.8531456	0.05136595
32.0599823	2221.216771	32.0599823	-0.096956507
32.26682281	2192.343914	32.26682281	1.42349087
32.47366333	2164.020816	32.47366333	-0.405849906
32.68050003	2136.41148	32.68050003	0.74089804
32.88733673	2109.259307	32.88733673	0.123924114
33.09417725	2082.446238	33.09417725	1.783977153
33.30101776	2056.107939	33.30101776	0.543102149
33.50785446	2030.228701	33.50785446	-0.870453425
33.71469116	2004.792882	33.71469116	-0.512335218
33.92153168	1979.785827	33.92153168	-0.128305287
34.12837219	1955.194678	34.12837219	-0.050136955
34.33520889	1931.192002	34.33520889	1.509406346
34.54204559	1907.713836	34.54204559	-0.127236057
34.74888611	1884.413109	34.74888611	-0.654313892
34.95572662	1861.332925	34.95572662	1.024530992
35.16256332	1838.800653	35.16256332	1.627174387
35.36940002	1816.569889	35.36940002	0.056327939
35.57624054	1795.085899	35.57624054	0.174581784
35.78308105	1773.968361	35.78308105	-1.288356788
35.98991776	1752.67544	35.98991776	0.288688657
36.19675446	1731.741301	36.19675446	0.498731225
36.40359497	1711.073648	36.40359497	1.039400946
36.61043549	1690.566053	36.61043549	-0.484870623
36.81727219	1670.54861	36.81727219	1.399770109
37.02410889	1650.777529	37.02410889	1.78938168
37.2309494	1631.146554	37.2309494	2.975547943
37.43778992	1611.801971	37.43778992	1.273451389
37.64462662	1592.73787	37.64462662	0.866743423
37.85146332	1573.947905	37.85146332	-0.189509146
38.05830383	1555.61065	38.05830383	1.331611237
38.26514435	1537.66924	38.26514435	0.891889776
38.47198105	1519.96782	38.47198105	-0.72081357
38.67881775	1502.502413	38.67881775	1.03443973
38.88565826	1485.084479	38.88565826	-0.673475047
39.09249878	1467.76254	39.09249878	-0.517177777
39.29933548	1450.869007	39.29933548	-1.090185407
39.50617218	1434.162366	39.50617218	-0.898724562
39.7130127	1417.723138	39.7130127	1.106531063
39.91985321	1401.463129	39.91985321	0.100977064
40.12668991	1385.463669	40.12668991	-0.230600323
40.33352661	1369.636143	40.33352661	-0.639010185
40.54036713	1353.87683	40.54036713	1.177216381
40.74720764	1338.334257	40.74720764	-0.407561973
40.95404434	1323.004622	40.95404434	-1.008493804
41.16088104	1307.883694	41.16088104	-0.105252805
41.36772156	1292.967393	41.36772156	0.102855272
41.57456207	1278.43697	41.57456207	-0.939827154
41.78139877	1264.237402	41.78139877	0.941561109
41.98823547	1250.214075	41.98823547	-0.565078793
42.19507599	1236.180174	42.19507599	-1.096512117
42.4019165	1222.185735	42.4019165	0.862812615
42.6087532	1208.564598	42.6087532	-0.32902853
42.8155899	1195.07673	42.8155899	-1.162049434
43.02243042	1181.988704	43.02243042	-0.099628294
43.22927094	1169.53114	43.22927094	0.118164156
43.43610764	1156.793583	43.43610764	-0.687400642
43.64294434	1144.149117	43.64294434	0.720773068
43.84978485	1131.578523	43.84978485	-1.198931355
44.05662537	1118.88014	44.05662537	-1.655599598
44.26346207	1106.540137	44.26346207	-0.948115503
44.47029877	1094.318411	44.47029877	0.482676915
44.67713928	1082.112198	44.67713928	-0.352651256
44.8839798	1070.440139	44.8839798	0.79094312
45.0908165	1059.011123	45.0908165	-0.628339812
45.2976532	1047.387119	45.2976532	1.285587782
45.50449371	1035.770407	45.50449371	1.589563582
45.71133423	1024.310412	45.71133423	0.838649998
45.91817093	1013.004215	45.91817093	1.559389639
46.12500763	1001.848604	46.12500763	1.088361333
46.33184814	990.8404946	46.33184814	-0.997383194
46.53868866	979.9773189	46.53868866	-1.738282167
46.74552536	969.4412504	46.74552536	-1.308893669
46.95236206	959.3624385	46.95236206	-1.118353433
47.15920258	949.166314	47.15920258	-0.38556078
47.36604309	938.8046217	47.36604309	1.356314633
47.57287979	928.7644182	47.57287979	-0.15950893
47.77971649	918.8065322	47.77971649	-0.220969334
47.98655701	908.8290855	47.98655701	0.691306237
48.19339752	898.9821765	48.19339752	0.062979442
48.40023422	889.2635247	48.40023422	0.08974422
48.60707092	879.6705807	48.60707092	-1.550881376
48.81391144	870.5701894	48.81391144	-0.144931184
49.02075195	861.4875993	49.02075195	-0.353342802
49.22758865	852.2224973	49.22758865	1.356326005
49.43442535	843.0773181	49.43442535	-0.445322499
49.64126587	834.0496597	49.64126587	0.559549372
49.84810638	825.5068443	49.84810638	-0.57279798
50.05494308	817.1588589	50.05494308	0.011929468
50.26177979	808.5688322	50.26177979	0.358233725
50.4686203	799.9401489	50.4686203	-0.347612068
50.67546082	791.607838	50.67546082	-1.327892253
50.88229752	783.3335183	50.88229752	0.537964487
51.08913422	775.0157871	51.08913422	0.051863742
51.29597473	766.9894781	51.29597473	-1.522795662
51.50281525	759.2009904	51.50281525	-1.071372659
51.70965195	751.4976052	51.70965195	0.724066461
51.91648865	743.6940825	51.91648865	-0.614565983
52.12332916	736.2107848	52.12332916	-1.108708441
52.33016968	728.725474	52.33016968	-0.681066435
52.53700638	721.4072011	52.53700638	1.155771221
52.74384308	714.0858136	52.74384308	-0.283076737
52.95068359	706.5607011	52.95068359	0.095513124
53.15752411	699.3193076	53.15752411	0.786263599
53.36436081	692.3078689	53.36436081	-1.409680965
53.57119751	685.3732901	53.57119751	-1.021664187
53.77803802	678.3302606	53.77803802	-0.839679083
53.98487854	671.2300506	53.98487854	-1.836522799
54.19171524	664.4077353	54.19171524	0.184425736
54.39855194	657.8094002	54.39855194	-0.94863228
54.60539246	651.2820706	54.60539246	-1.50147435
54.81223297	645.0100885	54.81223297	0.432072771
55.01906967	638.5720766	55.01906967	-1.078222776
55.22590637	632.1046054	55.22590637	-0.711995707
55.43274689	625.6738873	55.43274689	-1.539579821
55.6395874	619.1787358	55.6395874	0.367638704
55.8464241	612.9542447	55.8464241	1.089894788
56.0532608	606.946547	56.0532608	0.318918769
56.26010132	600.8180708	56.26010132	-1.338623274
56.46694183	594.6202525	56.46694183	-0.19312667
56.67377853	588.5036817	56.67377853	-0.981153181
56.88061523	582.4663558	56.88061523	0.996182762
57.08745575	576.6910254	57.08745575	-0.521374354
57.29429626	570.9397386	57.29429626	0.357702798
57.50113297	565.2964567	57.50113297	0.725531176
57.70796967	559.6754993	57.70796967	-1.256521738
57.91481018	553.97599	57.91481018	0.175151941
58.1216507	548.3488537	58.1216507	-0.721581883
58.3284874	542.9772735	58.3284874	-1.965309799
58.5353241	537.62329	58.5353241	-2.263261317
58.74216461	532.3708516	58.74216461	-0.111252578
58.94900513	527.1346727	58.94900513	-1.3689558
59.15584183	521.814253	59.15584183	0.68953218
59.36267853	516.7451181	59.36267853	1.122848324
59.56951904	511.8740538	59.56951904	-0.122121848
59.77635956	507.0489101	59.77635956	0.690127571
59.98319626	502.0852793	59.98319626	-1.484474366
60.19003296	497.0348787	60.19003296	-0.696561119
60.39687347	492.0485373	60.39687347	-0.763425449
60.60371399	487.3095398	60.60371399	-0.58808326
60.81055069	482.5802152	60.81055069	-0.912518153
61.01738739	477.9446323	61.01738739	-1.883770807
61.22422791	473.5020764	61.22422791	0.173817716
61.43106842	469.1004202	61.43106842	0.30800271
61.63790512	464.5552824	61.63790512	1.394796094
61.84474182	460.1030706	61.84474182	-0.451061662
62.05158234	455.6583065	62.05158234	0.283237861
62.25842285	451.3051188	62.25842285	-1.700829
62.46525955	446.9582082	62.46525955	-0.198293101
62.67209625	442.5169256	62.67209625	-1.230970133
62.87893677	438.132201	62.87893677	0.538071933
63.08577728	434.172051	63.08577728	-1.204159547
63.29261398	430.16251	63.29261398	-1.18178537
63.49945068	426.2732244	63.49945068	-0.051351376
63.7062912	422.5195547	63.7062912	1.635802677
63.91313171	418.4654836	63.91313171	0.443701197
64.1199646	414.5000321	64.1199646	3.009654461
64.32680511	410.5374245	64.32680511	2.018255018
64.53364563	406.8464327	64.53364563	3.151173171
64.74048615	403.1052719	64.74048615	1.233277907
64.94732666	399.2987876	64.94732666	1.183655925
65.15415955	395.863348	65.15415955	1.735197539
65.36100006	392.2252799	65.36100006	-0.36005746
65.56784058	388.3372488	65.56784058	0.35791152
65.77467346	384.5026045	65.77467346	0.023778871
65.98151398	380.7194454	65.98151398	0.538255315
66.18835449	376.9864002	66.18835449	1.097662039
66.39519501	373.3020513	66.39519501	-0.947540466
66.60203552	369.6650693	66.60203552	-0.735033572
66.80886841	366.0743377	66.80886841	0.547028735
67.01570892	362.7130672	67.01570892	-1.289970746
67.22254944	359.3439177	67.22254944	0.383134016
67.42938232	356.0514452	67.42938232	0.344775368
67.63622284	352.9350394	67.63622284	-0.636210054
67.84306335	349.6582202	67.84306335	0.074232636
68.04990387	346.2731427	68.04990387	-1.932235447
68.25674438	342.9310785	68.25674438	-1.970556082
68.46357727	339.6310228	68.46357727	-0.721229621
68.67041779	336.3716733	68.67041779	-1.189146949
68.8772583	333.3368119	68.8772583	0.53922884
69.08409119	330.8431629	69.08409119	-1.332526725
69.2909317	328.0813941	69.2909317	-2.207926055
69.49777222	324.9055354	69.49777222	-1.814386511
69.70461273	321.9563243	69.70461273	-1.503949509
69.91145325	319.1808106	69.91145325	-2.493441983
70.11828613	316.2423962	70.11828613	-0.763966998
70.32512665	313.3775786	70.32512665	0.959788352
70.53196716	310.5012923	70.53196716	0.497176827
70.73880005	307.5132816	70.73880005	-1.068654499
70.94564056	304.7491881	70.94564056	0.449555363
71.15248108	302.1562421	71.15248108	-0.995528202
71.35932159	299.582453	71.35932159	0.568376281
71.56616211	297.0282355	71.56616211	1.277192224
71.772995	294.3093946	71.772995	-0.658500932
71.97983551	291.477742	71.97983551	0.602489731
72.18667603	288.6845272	72.18667603	-0.167071507
72.39350891	286.2979043	72.39350891	0.16414035
72.60034943	283.8438273	72.60034943	1.394127601
72.80718994	281.1229402	72.80718994	1.085666796
73.01403046	278.4389116	73.01403046	0.1725288
73.22087097	275.7905559	73.22087097	-1.350969606
73.42770386	273.3615059	73.42770386	-1.042896233
73.63454437	270.9141898	73.63454437	0.092728953
73.84138489	268.5332036	73.84138489	0.791663915
74.04821777	266.318336	74.04821777	-0.675338282
74.25505829	264.1175648	74.25505829	-0.99025786
74.4618988	261.7468537	74.4618988	-1.411732182
74.66873932	259.2583804	74.66873932	-1.864189263
74.87557983	256.8034481	74.87557983	0.176965568
75.08241272	254.5657011	75.08241272	-1.126745284
75.28925323	252.3076007	75.28925323	-0.061622916
75.49609375	250.1137555	75.49609375	0.184824649
75.70292664	247.8993244	75.70292664	-0.763058484
75.90976715	245.5640167	75.90976715	1.248405318
76.11660767	243.4440134	76.11660767	1.621717285
76.32344818	241.6713006	76.32344818	-0.124040741
76.5302887	239.6730684	76.5302887	1.121894516
76.73712158	237.4025631	76.73712158	-0.129452923
76.9439621	235.5326735	76.9439621	0.143860785
77.15080261	233.7743172	77.15080261	-1.758132922
77.3576355	231.6918418	77.3576355	-0.418745975
77.56447601	229.6742815	77.56447601	-0.576437839
77.77131653	227.6365644	77.77131653	0.795422053
77.97815704	225.6629876	77.97815704	1.113808895
78.18499756	223.6684362	78.18499756	0.616234283
78.39183044	221.5526871	78.39183044	0.248866132
78.59867096	219.8361639	78.59867096	-0.279588845
78.80551147	218.5990815	78.80551147	-1.305049335
79.01234436	217.1176567	79.01234436	-0.237416494
79.21918488	215.1615966	79.21918488	1.572478991
79.42602539	213.0876499	79.42602539	0.42458966
79.63286591	211.0467368	79.63286591	-0.469850493
79.83970642	209.0374258	79.83970642	1.39465574
80.04653931	207.2431094	80.04653931	-0.284433338
80.25337982	205.4260719	80.25337982	1.050816895
80.46022034	203.6707187	80.46022034	-0.375190461
80.66705322	202.0766698	80.66705322	-0.16181364
80.87389374	200.3071736	80.87389374	1.72829647
81.08073425	198.5990734	81.08073425	0.228504789
81.28757477	197.0519285	81.28757477	1.433066073
81.49441528	195.3290755	81.49441528	-0.169019707
81.70124817	193.8520037	81.70124817	0.335820312
81.90808868	192.2991353	81.90808868	1.776565722
82.1149292	190.6556898	82.1149292	-0.019027855
82.32176208	189.173631	82.32176208	0.12337537
82.5286026	187.516104	82.5286026	-1.46603649
82.73544312	186.1044972	82.73544312	-0.049527094
82.94228363	184.986568	82.94228363	0.538865907
83.14912415	183.4900177	83.14912415	1.330412852
83.35595703	181.9047815	83.35595703	-0.163882439
83.56279755	180.2977736	83.56279755	-0.458191372
83.76963806	178.7531084	83.76963806	-1.112228459
83.97647095	177.1854996	83.97647095	0.455767243
84.18331146	175.4943266	84.18331146	1.155767662
84.39015198	173.8307596	84.39015198	-0.618540908
84.59699249	172.3781951	84.59699249	-0.230838434
84.80383301	170.8991091	84.80383301	0.929167878
85.01066589	169.4779643	85.01066589	2.225316772
85.21750641	168.2142869	85.21750641	0.365645594
85.42434692	166.9561962	85.42434692	1.485893291
85.63117981	165.7042194	85.63117981	-0.489301193
85.83802032	164.2740448	85.83802032	1.113811162
86.04486084	162.7178124	86.04486084	-0.389696799
86.25170135	161.7407074	86.25170135	-0.481845659
86.45854187	160.6324879	86.45854187	1.072824582
86.66537476	159.4639306	86.66537476	0.166447347
86.87221527	158.218244	86.87221527	-1.489344747
87.07905579	156.6958329	87.07905579	0.244756615
87.28588867	155.2002563	87.28588867	-1.699071325
87.49272919	153.9147302	87.49272919	-1.191792636
87.6995697	152.7863802	87.6995697	-0.25451478
87.90641022	151.6631863	87.90641022	0.757306056
88.11325073	150.5455518	88.11325073	-0.762990512
88.32008362	149.4338767	88.32008362	-0.866501882
88.52692413	148.3283997	88.52692413	1.2061065
88.73376465	147.044789	88.73376465	0.217667386
88.94059753	145.6350724	88.94059753	0.856494336
89.14743805	144.2502569	89.14743805	-0.793486586
89.35427856	142.8891504	89.35427856	0.961042378
89.56111908	141.5506068	89.56111908	0.984741042
89.76795959	140.2335707	89.76795959	0.112266165
89.97479248	139.1217591	89.97479248	0.551275878
90.181633	137.9778319	90.181633	-1.557910914
90.38847351	136.7018159	90.38847351	-0.786291834
90.5953064	135.4453273	90.5953064	-0.165999621
90.80214691	134.2074422	90.80214691	0.159189823
91.00898743	132.9874394	91.00898743	-1.527630241
91.21582794	131.9692588	91.21582794	-0.002117864
91.42266846	131.2851882	91.42266846	1.481577947
91.62950134	130.547374	91.62950134	-0.193132181
91.83634186	129.4728097	91.83634186	1.286356172
92.04318237	128.2663608	92.04318237	-0.593649587
92.25001526	127.0795607	92.25001526	-1.41004284
92.45685577	125.9114176	92.45685577	-0.714363981
92.66369629	124.7611421	92.66369629	1.147050229
92.8705368	123.6279653	92.8705368	-0.046290685
93.07737732	122.6958334	93.07737732	-0.044555783
93.28421021	121.7277505	93.28421021	1.517337113
93.49105072	120.9931592	93.49105072	1.972443969
93.69789124	120.3557895	93.69789124	0.399171728
93.90472412	119.5649571	93.90472412	0.95254748
94.11156464	118.5891261	94.11156464	1.59734751
94.31840515	117.6653261	94.31840515	0.312759594
94.52524567	116.7086716	94.52524567	0.097245911
94.73208618	115.8037169	94.73208618	2.010133429
94.93891907	115.0502558	94.93891907	0.833144341
95.14575958	114.1117926	95.14575958	1.063148654
95.3526001	113.040675	95.3526001	-0.714955508
95.55943298	112.1730315	95.55943298	0.895062036
95.7662735	111.6407946	95.7662735	-0.297564264
95.97311401	110.8712217	95.97311401	1.235466132
96.17995453	109.8174793	96.17995453	0.385294404
96.38679504	108.7833796	96.38679504	-0.965868412
96.59362793	107.9525642	96.59362793	-1.711288201
96.80046844	107.0876567	96.80046844	0.008673422
97.00730896	106.2732801	97.00730896	-0.940894666
97.21414185	105.4246177	97.21414185	1.140542105
97.42098236	104.81086	97.42098236	0.166618039
97.62782288	104.4801516	97.62782288	-0.315799117
97.83466339	103.9451892	97.83466339	-0.092338043
98.04150391	103.0751139	98.04150391	1.298658227
98.24833679	102.0744865	98.24833679	0.723999969
98.45517731	101.2790671	98.45517731	-1.155602428
98.66201782	100.4513506	98.66201782	0.380987805
98.86885071	99.49112241	98.86885071	-0.832707696
99.07569122	98.91894875	99.07569122	0.231002849
99.28253174	98.63040828	99.28253174	1.121379662
99.48937225	97.95345769	99.48937225	-0.367093612
99.69621277	97.17818041	99.69621277	-0.532420908
99.90304565	96.55649457	99.90304565	0.997199377
100.1098862	95.75160376	100.1098862	1.947204308
100.3167267	94.81556859	100.3167267	0.263451841
100.5235596	94.08425633	100.5235596	-0.774752884
100.7304001	93.32007816	100.7304001	0.934936044
100.9372406	92.4227978	100.9372406	-0.162023407
101.1440811	91.54376168	101.1440811	0.768759596
101.3509216	90.86659376	101.3509216	-1.303736585
101.5577545	90.33863962	101.5577545	-0.056772112
101.764595	89.62345069	101.764595	-1.143911446
101.9714355	88.95805193	101.9714355	0.621248248
102.1782684	88.81149771	102.1782684	-0.470080998
102.3851089	88.55925253	102.3851089	-2.106382002
102.5919495	88.0035481	102.5919495	-0.562079668
102.79879	87.26494944	102.79879	-0.533730934
103.0056305	86.58006948	103.0056305	0.148599199
103.2124634	85.86367656	103.2124634	1.025498601
103.4193039	85.01529888	103.4193039	-0.942997053
103.6261444	84.18616071	103.6261444	0.475336376
103.8329773	83.55976688	103.8329773	-1.083353055
104.0398178	82.89863967	104.0398178	-1.157567012
104.2466583	82.28728347	104.2466583	-1.113858184
104.4534988	81.82542047	104.4534988	0.9428301
104.6603394	81.36120154	104.6603394	-0.293334847
104.8671722	81.07985082	104.8671722	-0.35388406
105.0740128	80.56085031	105.0740128	1.306779068
105.2808533	79.75720009	105.2808533	-0.562478526
105.4876862	79.15722541	105.4876862	0.910260493
105.6945267	78.70799001	105.6945267	-1.023364398
105.9013672	78.62683495	105.9013672	-0.983938822
106.1082077	78.25683389	106.1082077	0.1766863
106.3150482	77.82104344	106.3150482	0.226280658
106.5218811	77.48730891	106.5218811	-1.762602063
106.7287216	77.0041834	106.7287216	-1.107204496
106.9355621	76.33955499	106.9355621	-1.592476335
107.142395	75.72987433	107.142395	-0.054037027
107.3492355	75.27432121	107.3492355	-0.296745265
107.556076	74.82062158	107.556076	1.412882861
107.7629166	74.1842826	107.7629166	-0.258978368
107.9697571	73.78646875	107.9697571	1.618464737
108.17659	73.30546972	108.17659	0.036688702
108.3834305	72.72621671	108.3834305	0.284451187
108.590271	72.3004715	108.590271	-1.05342783
108.7971039	71.69134835	108.7971039	0.69780386
109.0039444	70.95070596	109.0039444	0.828859666
109.2107849	70.22963657	109.2107849	-0.24641702
109.4176254	69.71150611	109.4176254	-1.568468412
109.6244659	69.52808331	109.6244659	-0.033703206
109.8312988	69.29102645	109.8312988	1.222036083
110.0381393	68.90159118	110.0381393	-0.561157399
110.2449799	68.51253003	110.2449799	-0.101235032
110.4518127	68.12410413	110.4518127	-0.852290746
110.6586533	67.92115829	110.6586533	1.272469716
110.8654938	67.48289728	110.8654938	0.166941557
111.0723343	67.13132767	111.0723343	1.811542274
111.2791748	66.69710998	111.2791748	1.662585324
111.4860077	65.98051192	111.4860077	1.315742257
111.6928482	65.46949133	111.6928482	-0.539429447
111.8996887	65.11092933	111.8996887	0.236457645
112.1065216	64.56798584	112.1065216	2.066142141
112.3133621	63.89256872	112.3133621	0.36581565
112.5202026	63.42045805	112.5202026	-0.111207964
112.7270432	63.09869627	112.7270432	0.712474593
112.9338837	62.59058864	112.9338837	-1.750023506
113.1407166	61.94827711	113.1407166	-1.43177181
113.3475571	61.69225997	113.3475571	-0.763120147
113.5543976	61.5333667	113.5543976	-2.076987599
113.7612305	61.03587546	113.7612305	0.003008706
113.968071	60.40429225	113.968071	0.074056878
114.1749115	59.78986564	114.1749115	-0.181812664
114.381752	59.37610871	114.381752	0.429931353
114.5885925	59.47958131	114.5885925	1.276220151
114.7954254	59.29103906	114.7954254	-0.743392156
115.0022659	58.66438788	115.0022659	0.612423457
115.2091064	58.0557158	115.2091064	0.382930302
115.4159393	57.64846789	115.4159393	-1.145801788
115.6227798	57.38978648	115.6227798	0.703248977
115.8296204	57.12776656	115.8296204	-0.893982907
116.0364609	56.67826008	116.0364609	0.695997808
116.2433014	56.09343475	116.2433014	1.236455492
116.4501343	55.52462317	116.4501343	-0.56608401
116.6569748	55.15537129	116.6569748	-0.324639353
116.8638153	54.93301628	116.8638153	0.19544548
117.0706482	54.5211352	117.0706482	-0.38258045
117.2774887	54.15668081	117.2774887	1.156335494
117.4843292	54.12406928	117.4843292	0.724077589
117.6911697	53.85046928	117.6911697	-0.236907464
117.8980103	53.2889991	117.8980103	-1.286526083
118.1048431	53.11273601	118.1048431	0.02268194
118.3116837	52.84787411	118.3116837	-0.022194784
118.5185242	52.66437941	118.5185242	1.928053793
118.7253571	52.39328376	118.7253571	1.063365669
118.9321976	52.01978947	118.9321976	-0.20455302
119.1390381	52.16518402	119.1390381	0.978049874
119.3458786	52.20470203	119.3458786	1.007441884
119.5527191	51.75570528	119.5527191	0.533736212
119.759552	51.35960858	119.759552	-0.834478372
119.9663925	50.9309866	119.9663925	-0.876473301
120.173233	50.55395286	120.173233	1.105738832
120.3800659	50.32787012	120.3800659	-0.145241945
120.5869064	50.2852093	120.5869064	1.939296397
120.7937469	50.18989085	120.7937469	1.505976571
121.0005875	49.75832818	121.0005875	1.216795085
121.207428	49.37945049	121.207428	0.36522571
121.4142609	49.33716109	121.4142609	0.47390363
121.6211014	49.05819154	121.6211014	-0.487548519
121.8279419	48.49525731	121.8279419	-0.970284285
122.0347748	48.13642475	122.0347748	0.615619208
122.2416153	47.74389954	122.2416153	1.339605051
122.4484558	47.40187121	122.4484558	-0.381328889
122.6552963	47.02513612	122.6552963	-0.321491232
122.8621368	47.06727542	122.8621368	1.181362221
123.0689697	46.97040234	123.0689697	-0.757026375
123.2758102	46.43584462	123.2758102	0.212135927
123.4826508	46.10423338	123.4826508	0.29084393
123.6894836	45.73788795	123.6894836	0.379308751
123.8963242	45.42104609	123.8963242	-0.10787703
124.1031647	45.06859155	124.1031647	0.810023677
124.3100052	44.76485366	124.3100052	0.365063982
124.5168457	44.60941801	124.5168457	-1.390343881
124.7236786	44.4503185	124.7236786	-1.591107168
124.9305191	44.47264847	124.9305191	-0.652745535
125.1373596	44.44045956	125.1373596	0.853211415
125.3441925	44.07032104	125.3441925	-0.522165361
125.551033	43.75123875	125.551033	-0.041497936
125.7578735	43.39795119	125.7578735	0.537253261
125.9647141	42.91000558	125.9647141	-1.140463853
126.1715546	42.62323447	126.1715546	0.104710571
126.3783875	42.66937498	126.3783875	1.384842846
126.585228	42.66009626	126.585228	0.612452297
126.7920685	42.49665615	126.7920685	-1.245414082
126.9989014	42.14715968	126.9989014	-0.712455627
127.2057419	41.6635394	127.2057419	-1.625172156
127.4125824	41.38157896	127.4125824	0.118486688
127.6194229	41.06368236	127.6194229	0.357206211
127.8262634	40.60953415	127.8262634	-0.658013125
128.0330963	40.3551015	128.0330963	-1.226473724
128.2399292	40.24757404	128.2399292	0.671711132
128.4467773	40.31974359	128.4467773	0.353354713
128.6536102	40.33577977	128.6536102	1.666373715
128.8604584	40.1969849	128.8604584	1.858393323
129.0672913	39.87151541	129.0672913	0.197885049
129.2741241	39.59600743	129.2741241	0.123960292
129.4809723	39.28523865	129.4809723	-1.456256157
129.6878052	39.20814942	129.6878052	0.226831014
129.8946533	39.04323914	129.8946533	-0.903906116
130.1014862	38.59105091	130.1014862	-1.282898588
130.3083191	38.33982079	130.3083191	0.66414444
130.5151672	38.05199035	130.5151672	-0.711615443
130.7220001	37.62733463	130.7220001	-0.740956789
130.928833	37.40179214	130.928833	-1.337280267
131.1356812	37.32262447	131.1356812	-0.833449337
131.342514	37.4226429	131.342514	0.860693801
131.5493469	37.46605226	131.5493469	-0.848018433
131.7561951	37.16951158	131.7561951	0.596745127
131.963028	36.73759717	131.963028	-0.745162507
132.1698761	36.5061118	132.1698761	1.191037832
132.376709	36.23755767	132.376709	-0.118114836
132.5835419	36.20096918	132.5835419	0.432843513
132.79039	36.07500075	132.79039	-0.869500125
132.9972229	36.02957966	132.9972229	-0.441267424
133.204071	35.89571813	133.204071	1.445698563
133.4109039	35.65863929	133.4109039	-0.036905733
133.6177368	35.5702545	133.6177368	0.092342866
133.824585	35.29384691	133.824585	0.842415738
134.0314178	35.06620349	134.0314178	-0.730031859
134.2382507	34.80216979	134.2382507	-1.576643465
134.4450989	34.40140035	134.4450989	-1.290843648
134.6519318	34.01525966	134.6519318	-0.200476904
134.8587646	33.82728597	134.8587646	-2.220532476
135.0656128	33.96946766	135.0656128	-2.087681847
135.2724457	33.8689939	135.2724457	-2.907172609
135.4792938	33.66363856	135.4792938	-3.65141018
135.6861267	33.60550904	135.6861267	-1.032639628
135.8929596	33.35802441	135.8929596	0.51744618
136.0998077	33.34265965	136.0998077	-1.150232452
136.3066406	33.42267037	136.3066406	0.403795739
136.5134888	33.34694037	136.5134888	1.29634501
136.7203217	33.26830483	136.7203217	-0.569114522
136.9271545	33.00244509	136.9271545	0.536843573
137.1340027	32.60132097	137.1340027	-1.1328057
137.3408356	32.21615782	137.3408356	-2.132038211
137.5476685	31.84573096	137.5476685	-0.407010898
137.7545166	31.85824831	137.7545166	-0.782066717
137.9613495	31.96461074	137.9613495	-1.729616837
138.1681824	31.91386086	138.1681824	0.417951055
138.3750305	31.67425606	138.3750305	0.659283789
138.5818634	31.29797951	138.5818634	-1.090330151
138.7887115	31.67491181	138.7887115	0.120855112
138.9955444	32.41236637	138.9955444	1.594561684
139.2023773	32.58829619	139.2023773	-0.279551963
139.4092255	32.6464759	139.4092255	1.623066201
139.6160583	32.47068642	139.6160583	0.384525923
139.8229065	32.19792576	139.8229065	-0.778424294
140.0297394	31.89496388	140.0297394	0.79683069
140.2365723	31.83020856	140.2365723	1.20536399
140.4434204	31.68174408	140.4434204	-0.071065941
140.6502533	31.80365878	140.6502533	0.272924952
140.8570862	31.79011078	140.8570862	1.862473376
141.0639343	31.34197498	141.0639343	-0.093218349
141.2707672	31.09958257	141.2707672	0.898239082
141.4776001	31.00952973	141.4776001	-0.14885641
141.6844482	30.73475802	141.6844482	0.489456636
141.8912811	30.32709289	141.8912811	-1.447042238
142.0981293	30.1220897	142.0981293	-0.732131911
142.3049622	30.06666741	142.3049622	0.896703806
142.511795	30.00865858	142.511795	-0.21222635
142.7186432	29.7636748	142.7186432	0.936228711
142.9254761	29.7530005	142.9254761	0.874022221
143.1323242	30.02436324	143.1323242	-1.171012779
143.3391571	29.90539641	143.3391571	-0.187384856
143.54599	29.50132329	143.54599	-1.823682265
143.7528381	29.30015038	143.7528381	0.048499993
143.959671	29.06412159	143.959671	-1.848047616
144.1665039	29.0620421	144.1665039	-0.558931179
144.3733521	28.9723582	144.3733521	0.631530319
144.5801849	28.59552789	144.5801849	-0.915278012
144.7870178	28.60436159	144.7870178	0.914184531
144.993866	28.52491059	144.993866	-0.318416602
145.2006989	28.34232407	145.2006989	-1.702949469
145.407547	28.49315917	145.407547	-1.371706744
145.6143799	28.58891339	145.6143799	-0.802201111
145.8212128	28.90004545	145.8212128	-2.307790948
146.0280609	28.92184655	146.0280609	-1.893489743
146.2348938	28.50783931	146.2348938	-0.960475852
146.4417419	28.66765804	146.4417419	0.99772765
146.6485748	28.87525082	146.6485748	0.524058964
146.8554077	29.33390967	146.8554077	0.115658838
147.0622559	29.63940556	147.0622559	-1.006481329
147.2690887	29.30939227	147.2690887	-1.022575743
147.4759216	29.22174558	147.4759216	0.123212656
147.6827698	29.05417527	147.6827698	-0.742597579
147.8896027	28.79113292	147.8896027	-1.584124451
148.0964355	28.86845443	148.0964355	0.561801835
148.3032837	28.71244068	148.3032837	-0.120988038
148.5101166	28.27544547	148.5101166	-0.164749337
148.7169647	28.41442655	148.7169647	0.220347126
148.9237976	28.41849995	148.9237976	-1.021094885
149.1306305	28.17323835	149.1306305	0.87407417
149.3374786	28.26711524	149.3374786	1.383984785
149.5443115	28.31115465	149.5443115	0.051769055
149.7511597	28.0213888	149.7511597	-0.292261166
149.9579926	27.6018127	149.9579926	0.782736357
150.1648254	27.20306709	150.1648254	-1.254270656
150.3716736	27.0081466	150.3716736	-0.951888955
150.5785065	27.14850503	150.5785065	0.431747131
150.7853394	27.05087732	150.7853394	0.423455191
150.9921875	27.22191594	150.9921875	-0.808804654
151.1990204	27.2558782	151.1990204	1.083841638
151.4058533	27.03852294	151.4058533	1.125092184
151.6127014	26.78916702	151.6127014	-0.086027149
151.8195343	26.40712251	151.8195343	-0.67793561
152.0263824	26.04325155	152.0263824	-0.485568497
152.2332153	25.69618981	152.2332153	-1.80707838
152.4400482	25.54924931	152.4400482	0.171783417
152.6468964	25.73421298	152.6468964	-0.508122676
152.8537292	25.67807342	152.8537292	0.540915607
153.0605774	25.51843755	153.0605774	-0.272202579
153.2674103	25.50724794	153.2674103	1.389967853
153.4742432	25.30778289	153.4742432	-0.475594728
153.6810913	24.97206355	153.6810913	-0.679969261
153.8879242	25.02065634	153.8879242	-0.643212576
154.0947571	25.3489421	154.0947571	0.815615551
154.3016052	25.46946333	154.3016052	-1.102115281
154.5084381	25.43584053	154.5084381	0.262644946
154.715271	25.40071986	154.715271	-0.159618515
154.9221191	25.1795983	154.9221191	0.590306507
155.128952	25.00901486	155.128952	0.277951751
155.3358002	24.80361286	155.3358002	-1.038586131
155.5426331	24.64758065	155.5426331	-0.681454761
155.7494659	24.82493542	155.7494659	1.071214549
155.9563141	25.31656051	155.9563141	1.16200734
156.163147	25.55080545	156.163147	0.36107856
156.3699951	25.48194165	156.3699951	0.303981419
156.576828	25.23014459	156.576828	-1.392448914
156.7836609	24.84701584	156.7836609	-0.029998496
156.990509	24.85263234	156.990509	0.832624918
157.1973419	24.95735888	157.1973419	1.116949419
157.4041748	24.72511142	157.4041748	2.427146071
157.6110229	24.36003591	157.6110229	2.306962983
157.8178558	24.01310195	157.8178558	1.142919091
158.0246887	23.86749499	158.0246887	0.34703521
158.2315369	23.87021977	158.2315369	1.894142236
158.4383698	23.8691865	158.4383698	-0.046175303
158.6452179	23.68008429	158.6452179	-0.652190435
158.8520508	23.53963338	158.8520508	0.917805893
159.0588837	23.54727283	159.0588837	-0.541175833
159.2657318	24.28959988	159.2657318	-1.086341766
159.4725647	24.63679427	159.4725647	0.957274648
159.6794128	24.42882442	159.6794128	-0.112378722
159.8862457	24.37454869	159.8862457	0.742001043
160.0930786	24.13677755	160.0930786	-0.713449386
160.2999268	23.95176938	160.2999268	0.451160217
160.5067596	23.73400919	160.5067596	-1.263419551
160.7135925	23.38282282	160.7135925	-1.849356979
160.9204407	23.23380096	160.9204407	-0.314147689
161.1272736	23.6031634	161.1272736	0.350844483
161.3341064	24.05067366	161.3341064	-0.947558274
161.5409546	24.14190388	161.5409546	0.515504825
161.7477875	23.8979634	161.7477875	-1.322013378
161.9546356	23.70750635	161.9546356	0.355389234
162.1614685	23.48495477	162.1614685	-1.227850993
162.3683014	23.31421167	162.3683014	0.092169721
162.5751495	23.29447935	162.5751495	1.584725836
162.7819824	23.27343507	162.7819824	0.115324654
162.9888306	23.43587553	162.9888306	2.10312854
163.1956635	23.36087546	163.1956635	2.323120162
163.4024963	23.18575932	163.4024963	0.332443619
163.6093445	23.16213999	163.6093445	0.411332138
163.8161774	23.13765238	163.8161774	-0.77941163
164.0230103	22.9277557	164.0230103	1.157358641
164.2298584	22.7688713	164.2298584	-0.21596651
164.4366913	22.57562744	164.4366913	0.179126555
164.6435242	22.24748623	164.6435242	0.595231609
164.8503723	22.12016258	164.8503723	-0.442940571
165.0572052	21.95605026	165.0572052	-0.556206248
165.2640533	21.65477312	165.2640533	-0.544007305
165.4708862	21.36765505	165.4708862	-2.971618805
165.6777191	21.09358263	165.6777191	-3.201326673
165.8845673	21.20086574	165.8845673	-3.543920589
166.0914001	21.40049205	166.0914001	-1.234102656
166.2982483	21.4415666	166.2982483	-1.497975748
166.5050812	21.29244409	166.5050812	0.458997543
166.7119141	21.00534425	166.7119141	-0.780056388
166.9187622	20.91624413	166.9187622	-1.581761608
167.1255951	21.15705413	167.1255951	0.386879879
167.332428	21.15494853	167.332428	0.859131347
167.5392761	21.23231733	167.5392761	0.381142039
167.746109	21.40481486	167.746109	-0.871962897
167.9529419	21.2366871	167.9529419	-1.718039289
168.15979	20.9323808	168.15979	-0.850614516
168.3666229	20.64312748	168.3666229	0.491671736
168.5734711	20.36770891	168.5734711	-1.426873063
168.780304	20.28974058	168.780304	-0.635957286
168.9871368	20.35649567	168.9871368	0.339443477
169.193985	20.78552233	169.193985	0.336687668
169.4008179	20.92001614	169.4008179	-1.205842213
169.607666	20.98319583	169.607666	0.619839181
169.8144989	21.32768996	169.8144989	-1.040824757
170.0213318	21.28124748	170.0213318	0.052190037
170.2281799	20.94899961	170.2281799	0.943836938
170.4350128	20.81905458	170.4350128	-1.001712893
170.6418457	20.65362515	170.6418457	0.277068486
170.8486938	20.53688163	170.8486938	-1.812447043
171.0555267	20.56828187	171.0555267	-1.084965653
171.2623596	20.41110217	171.2623596	-1.072866059
171.4692078	20.30202541	171.4692078	-0.603600288
171.6760406	20.52519357	171.6760406	0.55684722
171.8828888	20.8768956	171.8828888	-1.216091951
172.0897217	21.02191523	172.0897217	0.346918891
172.2965546	21.19843135	172.2965546	-1.280930312
172.5034027	21.32263025	172.5034027	0.093253144
172.7102356	21.29537407	172.7102356	0.373536437
172.9170837	21.08438456	172.9170837	0.524107087
173.1239166	20.74134035	173.1239166	-1.68498742
173.3307495	20.41704148	173.3307495	-1.416428289
173.5375977	20.47929139	173.5375977	-1.084418889
173.7444305	20.63861136	173.7444305	-2.292672556
173.9512634	20.64370818	173.9512634	-0.339838762
174.1581116	20.46253431	174.1581116	0.972794984
174.3649445	20.70093071	174.3649445	-0.378743717
174.5717773	20.80082127	174.5717773	0.16049731
174.7786255	20.83262243	174.7786255	-1.748046161
174.9854584	21.14868641	174.9854584	-1.032023551
175.1923065	21.63046072	175.1923065	-0.342370332
175.3991394	22.22767731	175.3991394	0.069002315
175.6059723	22.79088899	175.6059723	1.85537584
175.8128204	22.76886331	175.8128204	0.166800493
176.0196533	22.31925509	176.0196533	1.700102681
176.2265015	21.89695658	176.2265015	1.897868814
176.4333344	21.49979125	176.4333344	-0.132364573
176.6401672	21.31031747	176.6401672	0.709508335
176.8470154	21.45963229	176.8470154	-0.870643488
177.0538483	21.74338149	177.0538483	0.393108327
177.2606812	21.64129923	177.2606812	2.078479108
177.4675293	21.62740144	177.4675293	2.08662562
177.6743622	21.53195276	177.6743622	1.850399785
177.8811951	21.15486333	177.8811951	0.64611819
178.0880432	21.16846327	178.0880432	0.70134879
178.2948761	21.46757827	178.2948761	-0.762720651
178.5017242	21.56422479	178.5017242	-0.534447579
178.7085571	22.06549486	178.7085571	1.387354431
178.91539	22.22988064	178.91539	0.297895812
179.1222382	21.81124289	179.1222382	0.464858655
179.329071	21.60197146	179.329071	-1.22554172
179.5359192	21.73299159	179.5359192	0.482718218
179.7427521	21.99982514	179.7427521	0.561105876
179.949585	22.25136085	179.949585	-1.431856517
180.1564331	22.11951173	180.1564331	-0.1568785
180.363266	21.89350815	180.363266	-0.731208435
180.5700989	22.19367795	180.5700989	-1.389143894
180.776947	22.39451941	180.776947	-1.9774664
180.9837799	22.29731177	180.9837799	0.047854272
181.1906128	22.20640832	181.1906128	-0.770049244
181.3974609	22.30593788	181.3974609	0.083095219
181.6042938	22.17440538	181.6042938	0.571134384
181.811142	22.13318183	181.811142	-1.292742178
182.0179749	22.01235881	182.0179749	0.002170885
182.2248077	21.9809543	182.2248077	-1.004481246
182.4316559	21.86915281	182.4316559	1.108643822
182.6384888	21.84603166	182.6384888	1.237888702
182.8453369	22.11115891	182.8453369	0.320721216
183.0521698	21.99159624	183.0521698	1.859839942
183.2590027	21.96131541	183.2590027	-0.011198444
183.4658508	21.85051371	183.4658508	1.239607143
183.6726837	21.64365766	183.6726837	1.71350039
183.8795166	21.59197295	183.8795166	0.165544747
184.0863647	21.54278225	184.0863647	0.27505588
184.2931976	21.31124396	184.2931976	1.647881179
184.5000305	21.13353357	184.5000305	-0.313742058
184.7068787	20.92401053	184.7068787	0.385371541
184.9137115	20.58194047	184.9137115	-1.787569583
185.1205597	20.44281756	185.1205597	-0.733003775
185.3273926	20.638136	185.3273926	0.158409215
185.5342255	20.77931522	185.5342255	-1.475967224
185.7410736	20.95205425	185.7410736	-0.278551622
185.9479065	20.88787245	185.9479065	1.497984467
186.1547546	20.5393293	186.1547546	0.072413359
186.3615875	20.57906868	186.3615875	-0.598573802
186.5684204	20.5328365	186.5684204	0.384907656
186.7752686	20.20085166	186.7752686	0.954973438
186.9821014	19.88657589	186.9821014	0.463970071
187.1889343	19.95785541	187.1889343	-0.636359126
187.3957825	20.12538282	187.3957825	0.775815582
187.6026154	20.13788685	187.6026154	-1.203968598
187.8094482	20.33270775	187.8094482	0.189047759
188.0162964	20.47372391	188.0162964	-0.953810774
188.2231293	20.64656651	188.2231293	1.111557748
188.4299774	21.13673751	188.4299774	0.02288927
188.6368103	21.18762778	188.6368103	0.408707037
188.8436432	20.80503482	188.8436432	0.804235422
189.0504913	20.62903255	189.0504913	-0.804852835
189.2573242	20.42151667	189.2573242	0.997587059
189.4641724	20.08164331	189.4641724	0.607674274
189.6710052	19.76032094	189.6710052	0.478904533
189.8778381	19.82532038	189.8778381	-0.553937468
190.0846863	20.3565917	190.0846863	-2.210110007
190.2915192	20.81464978	190.2915192	-0.916591988
190.4983521	20.91748958	190.4983521	-1.075789645
190.7052002	21.05538791	190.7052002	-0.472614683
190.9120331	20.95953568	190.9120331	0.36031532
191.118866	20.76692699	191.118866	-1.369031388
191.3257141	20.54421084	191.3257141	-1.297942725
191.532547	20.37513787	191.532547	0.395474209
191.7393951	20.17406299	191.7393951	0.086624714
191.946228	20.20956003	191.946228	0.408582619
192.1530609	20.52904678	192.1530609	0.135258714
192.3599091	20.64467177	192.3599091	1.906515769
192.5667419	20.42506105	192.5667419	0.660594164
192.7735901	20.0742026	192.7735901	-0.517305724
192.980423	20.11220864	192.980423	-0.685886093
193.1872559	20.24940635	193.1872559	0.582337224
193.394104	20.04962998	193.394104	1.879147452
