			
1366		1366	
Fit2		Residuals2	
Time	Intensity	Time	Intensity
17.58128166	16.76083231	17.58128166	0.028053889
17.78812027	97.46030173	17.78812027	0.166801549
17.99495888	696.2360231	17.99495888	0.574234934
18.20179749	2711.255443	18.20179749	1.491605685
18.40863609	5669.933094	18.40863609	0.860254494
18.6154747	7987.605223	18.6154747	-0.337294587
18.82231331	9124.160981	18.82231331	-0.815850632
19.02915192	9395.222784	19.02915192	-0.8121842
19.23599052	9280.517538	19.23599052	-1.141491505
19.44282913	8984.295907	19.44282913	-1.28647947
19.64966774	8644.259922	19.64966774	-1.10427947
19.85650635	8277.336883	19.85650635	-1.098895853
20.06334496	7900.376232	20.06334496	-1.202273321
20.27018356	7532.87204	20.27018356	-0.158958321
20.47702217	7175.87261	20.47702217	-1.417335906
20.68386078	6840.242228	20.68386078	0.412075149
20.89069939	6522.537773	20.89069939	-1.142381004
21.09753799	6225.608181	21.09753799	0.820275372
21.3043766	5948.111597	21.3043766	0.229886425
21.51121521	5689.381356	21.51121521	0.719411176
21.71805382	5450.657125	21.71805382	1.35338751
21.92489243	5226.293324	21.92489243	-0.69075818
22.13173103	5017.882293	22.13173103	-0.272574637
22.33856964	4823.809802	22.33856964	0.368247256
22.54540825	4639.840495	22.54540825	1.285525348
22.75224686	4468.921509	22.75224686	-0.564796256
22.95908546	4310.012373	22.95908546	1.091981744
23.16592407	4161.508061	23.16592407	1.712662744
23.37276268	4020.551443	23.37276268	-0.120020152
23.57960129	3888.876542	23.57960129	1.539414647
23.7864399	3766.624209	23.7864399	1.248824019
23.9932785	3651.602258	23.9932785	0.132338326
24.20011711	3542.53652	24.20011711	-0.952172492
24.40695572	3439.684075	24.40695572	-0.801671243
24.61379433	3343.555252	24.61379433	1.068633589
24.82063293	3253.111818	24.82063293	-0.334434439
25.02747154	3167.880035	25.02747154	0.535674012
25.23431015	3087.245939	25.23431015	0.88839398
25.44114876	3011.179867	25.44114876	-0.976066004
25.64798737	2939.426127	25.64798737	-1.054610563
25.85482597	2870.774541	25.85482597	0.301908321
26.06166458	2806.160662	26.06166458	0.416911475
26.26850319	2745.647526	26.26850319	-1.157728331
26.4753418	2687.772191	26.4753418	0.225793309
26.6821804	2632.032297	26.6821804	-2.087516184
26.88901901	2579.522383	26.88901901	-0.951808549
27.09585762	2529.383704	27.09585762	0.118686937
27.30269623	2481.046879	27.30269623	-1.912450296
27.50953484	2435.236779	27.50953484	-1.14127089
27.71637344	2391.816066	27.71637344	-0.809228376
27.92321205	2349.412354	27.92321205	-1.283144757
28.13005066	2308.758587	28.13005066	0.1289996
28.33688927	2269.78202	28.33688927	1.398749061
28.54372787	2232.545929	28.54372787	0.603094336
28.75056648	2196.488711	28.75056648	-0.639088908
28.95740509	2162.024285	28.95740509	0.597239494
29.1642437	2128.732779	29.1642437	-1.284962097
29.37108231	2096.314713	29.37108231	0.318234192
29.57792091	2065.170799	29.57792091	-1.161128147
29.78475952	2036.020821	29.78475952	0.230635939
29.99159813	2007.122273	29.99159813	-1.630061033
30.19843674	1978.552947	30.19843674	-2.243555932
30.40527534	1950.83299	30.40527534	-2.855657004
30.61211395	1924.005409	30.61211395	-0.626127761
30.81895256	1898.370608	30.81895256	-2.201239615
31.02579117	1872.918853	31.02579117	-0.862552076
31.23262978	1848.452239	31.23262978	1.093590829
31.43946838	1824.867893	31.43946838	0.409127181
31.64630699	1801.752748	31.64630699	-0.960281766
31.8531456	1778.636238	31.8531456	0.940089846
32.0599823	1756.063334	32.0599823	0.230477054
32.26682281	1734.00533	32.26682281	-1.645322741
32.47366333	1712.483499	32.47366333	-0.895913222
32.68050003	1691.647734	32.68050003	-0.035734636
32.88733673	1670.968632	32.88733673	-0.041091609
33.09417725	1650.712409	33.09417725	-1.578616653
33.30101776	1630.859997	33.30101776	0.314243837
33.50785446	1611.393667	33.50785446	-0.550240376
33.71469116	1592.296232	33.71469116	1.016255442
33.92153168	1573.551698	33.92153168	-0.867045168
34.12837219	1555.192741	34.12837219	0.546310206
34.33520889	1537.426672	34.33520889	-1.030147361
34.54204559	1519.907585	34.54204559	-1.077414985
34.74888611	1502.404156	34.74888611	0.315132696
34.95572662	1485.239882	34.95572662	0.073508114
35.16256332	1468.578215	35.16256332	1.978142848
35.36940002	1452.043079	35.36940002	0.177618865
35.57624054	1436.480342	35.57624054	1.723516154
35.78308105	1420.535436	35.78308105	-0.248098805
35.98991776	1404.603023	35.98991776	0.240033322
36.19675446	1389.135876	36.19675446	-0.406392112
36.40359497	1373.619489	36.40359497	1.403067313
36.61043549	1358.381298	36.61043549	0.010458844
36.81727219	1343.588399	36.81727219	-1.183957041
37.02410889	1328.727489	37.02410889	0.311940184
37.2309494	1314.079643	37.2309494	1.352822669
37.43778992	1299.639309	37.43778992	-0.377277398
37.64462662	1285.401248	37.64462662	-1.19124945
37.85146332	1271.406889	37.85146332	0.184174997
38.05830383	1257.871652	38.05830383	0.693339644
38.26514435	1244.505124	38.26514435	-0.080770132
38.47198105	1231.304537	38.47198105	1.235632645
38.67881775	1218.21986	38.67881775	2.112826332
38.88565826	1205.027487	38.88565826	0.442002131
39.09249878	1192.057898	39.09249878	0.152939828
39.29933548	1179.481011	39.29933548	-0.245579669
39.50617218	1166.833108	39.50617218	-0.783346952
39.7130127	1154.571457	39.7130127	0.368560043
39.91985321	1142.233039	39.91985321	-0.265472275
40.12668991	1130.275792	40.12668991	-1.204644499
40.33352661	1118.189576	40.33352661	0.978791267
40.54036713	1106.258405	40.54036713	0.371662787
40.74720764	1094.479357	40.74720764	0.039989663
40.95404434	1082.849642	40.95404434	1.974807764
41.16088104	1071.366169	41.16088104	1.042986545
41.36772156	1060.072868	41.36772156	-0.28503037
41.57456207	1049.187897	41.57456207	0.949158175
41.78139877	1038.422894	41.78139877	-0.449320817
41.98823547	1027.729732	41.98823547	1.158504353
42.19507599	1016.886579	42.19507599	2.353408943
42.4019165	1006.225484	42.4019165	0.782289019
42.6087532	995.9178318	42.6087532	1.480986044
42.8155899	985.5482436	42.8155899	-0.400616378
43.02243042	975.8897117	43.02243042	0.328394732
43.22927094	966.4479588	43.22927094	1.888293114
43.43610764	956.3698008	43.43610764	-0.047382677
43.64294434	946.8622866	43.64294434	0.968387672
43.84978485	936.9094609	43.84978485	-0.750579441
44.05662537	927.1307635	44.05662537	0.853464712
44.26346207	917.6974536	44.26346207	-0.914465585
44.47029877	908.1003008	44.47029877	-0.622784911
44.67713928	898.7179599	44.67713928	0.516295429
44.8839798	889.9425031	44.8839798	1.312755929
45.0908165	880.9323145	45.0908165	-0.543546705
45.2976532	871.7532963	45.2976532	0.478296679
45.50449371	862.6903894	45.50449371	1.632984916
45.71133423	853.7414526	45.71133423	2.343147286
45.91817093	844.904438	45.91817093	2.409806308
46.12500763	836.1770646	46.12500763	1.626974275
46.33184814	827.5571477	46.33184814	0.230840307
46.53868866	819.0898008	46.53868866	1.468855937
46.74552536	811.0407672	46.74552536	-0.450318046
46.95236206	803.2488688	46.95236206	-1.259201502
47.15920258	794.9864489	47.15920258	0.573623896
47.36604309	786.8736127	47.36604309	-0.301799725
47.57287979	779.082247	47.57287979	-0.297095018
47.77971649	771.1037732	47.77971649	0.06374754
47.98655701	763.2236813	47.98655701	1.68738493
48.19339752	755.4403048	48.19339752	0.095271866
48.40023422	747.7520431	48.40023422	-0.609214722
48.60707092	740.2508566	48.60707092	0.634046074
48.81391144	733.2823855	48.81391144	-1.257502061
49.02075195	725.832007	49.02075195	-0.467888706
49.22758865	718.4732019	49.22758865	0.930093547
49.43442535	711.2041715	49.43442535	0.301527867
49.64126587	704.1169704	49.64126587	-1.416137161
49.84810638	697.6044651	49.84810638	0.301976864
50.05494308	690.8257906	50.05494308	-0.953638123
50.26177979	683.847642	50.26177979	-0.504894125
50.4686203	677.002602	50.4686203	-1.646888158
50.67546082	670.4628484	50.67546082	0.319503087
50.88229752	663.7203448	50.88229752	0.930330778
51.08913422	657.1077636	51.08913422	-0.666847377
51.29597473	650.8440151	51.29597473	-0.637903193
51.50281525	644.6417074	51.50281525	-0.738816905
51.70965195	638.4540242	51.70965195	-1.308086795
51.91648865	632.1539744	51.91648865	-2.228748984
52.12332916	626.3747066	52.12332916	-0.664235137
52.33016968	620.1953423	52.33016968	1.161904974
52.53700638	614.5366641	52.53700638	0.019064221
52.74384308	608.3837384	52.74384308	0.013433845
52.95068359	602.356579	52.95068359	0.391879561
53.15752411	596.67415	53.15752411	2.039674942
53.36436081	591.0488834	53.36436081	0.216388561
53.57119751	585.433612	53.57119751	2.024580549
53.77803802	579.6074409	53.77803802	0.584441938
53.98487854	573.9031526	53.98487854	1.854099197
54.19171524	568.539745	54.19171524	1.830673604
54.39855194	563.2295129	54.39855194	-0.288450409
54.60539246	558.0191355	54.60539246	-0.146346133
54.81223297	553.0353449	54.81223297	1.465456676
55.01906967	547.5977865	55.01906967	-0.227044692
55.22590637	542.4532465	55.22590637	-1.083866449
55.43274689	537.0932816	55.43274689	0.758261614
55.6395874	531.8506434	55.6395874	-0.497761353
55.8464241	526.9443053	55.8464241	1.205950107
56.0532608	522.0396717	56.0532608	1.099032063
56.26010132	516.9159505	56.26010132	-0.003952411
56.46694183	511.8591043	56.46694183	1.434525702
56.67377853	506.8676449	56.67377853	-0.484379407
56.88061523	501.9868696	56.88061523	-0.954684271
57.08745575	497.3889607	57.08745575	-1.041924985
57.29429626	492.6129474	57.29429626	-0.418065252
57.50113297	488.1187181	57.50113297	0.91469752
57.70796967	483.3982701	57.70796967	1.753724852
57.91481018	478.7376564	57.91481018	0.212960382
58.1216507	474.1825418	58.1216507	-0.283819124
58.3284874	469.9054224	58.3284874	0.742769329
58.5353241	465.4453289	58.5353241	-0.833800916
58.74216461	461.2621427	58.74216461	0.881572049
58.94900513	456.8481439	58.94900513	-0.867843582
59.15584183	452.5365869	59.15584183	-0.608654286
59.36267853	448.5467591	59.36267853	-1.806228931
59.56951904	444.5914353	59.56951904	-0.237739578
59.77635956	440.6241025	59.77635956	0.982178961
59.98319626	436.4245192	59.98319626	1.861924453
60.19003296	432.2788204	60.19003296	1.104578551
60.39687347	428.2325722	60.39687347	-0.243610045
60.60371399	424.4583502	60.60371399	1.021793086
60.81055069	420.4954029	60.81055069	0.368785676
61.01738739	416.8505635	61.01738739	-1.018395465
61.22422791	413.2366224	61.22422791	0.750522606
61.43106842	409.6070721	61.43106842	-0.976635288
61.63790512	405.7885739	61.63790512	0.665617577
61.84474182	402.2409628	61.84474182	-0.342042141
62.05158234	398.5032367	62.05158234	0.279218041
62.25842285	395.0354002	62.25842285	-1.354579867
62.46525955	391.3297141	62.46525955	0.25892285
62.67209625	387.6723729	62.67209625	0.916564852
62.87893677	384.1558932	62.87893677	-0.920647445
63.08577728	381.1265771	63.08577728	-1.133211121
63.29261398	377.6640185	63.29261398	-0.373142499
63.49945068	374.7362025	63.49945068	-1.074886263
63.7062912	371.5023871	63.7062912	-1.408311398
63.91313171	368.0766433	63.91313171	0.03191467
64.1199646	364.9188941	64.1199646	1.656646405
64.32680511	361.6147745	64.32680511	0.160553234
64.53364563	358.797967	64.53364563	0.268405046
64.74048615	355.5008678	64.74048615	0.31240106
64.94732666	352.5645932	64.94732666	-1.716947156
65.15415955	349.8286424	65.15415955	-0.322976347
65.36100006	346.5657571	65.36100006	-0.701940675
65.56784058	343.3495693	65.56784058	-1.3084225
65.77467346	340.1787437	65.77467346	0.792893463
65.98151398	337.0516842	65.98151398	-0.542215708
66.18835449	333.9672284	66.18835449	-0.649924594
66.39519501	330.9241724	66.39519501	0.602698085
66.60203552	327.9213823	66.60203552	-1.493839452
66.80886841	325.0047862	66.80886841	-2.032783374
67.01570892	322.3468514	67.01570892	-3.477234512
67.22254944	319.4870305	67.22254944	-1.161231773
67.42938232	316.9324931	67.42938232	-0.360074121
67.63622284	314.349186	67.63622284	-2.179068702
67.84306335	311.5171067	67.84306335	-0.799864419
68.04990387	308.7227061	68.04990387	-1.431286067
68.25674438	305.964959	68.25674438	0.865871135
68.46357727	303.2429987	68.46357727	0.082513549
68.67041779	300.6026036	68.67041779	-0.083928052
68.8772583	298.3573941	68.8772583	1.891657573
69.08409119	296.5210454	69.08409119	0.331117001
69.2909317	293.8602737	69.2909317	2.083828915
69.49777222	291.283456	69.49777222	0.709319575
69.70461273	289.0100504	69.70461273	1.393914021
69.91145325	286.7060742	69.91145325	1.399574233
70.11828613	284.1983533	70.11828613	-0.767363927
70.32512665	281.9467582	70.32512665	-0.623934329
70.53196716	279.4436874	70.53196716	0.331501632
70.73880005	277.0225141	70.73880005	-0.717688556
70.94564056	274.9025703	70.94564056	0.839706965
71.15248108	272.7969138	71.15248108	-0.975892388
71.35932159	270.705994	71.35932159	-0.83085806
71.56616211	268.5833055	71.56616211	-0.769009573
71.772995	266.2087242	71.772995	0.933734772
71.97983551	263.8683903	71.97983551	-0.833224648
72.18667603	261.6550607	72.18667603	-0.948847675
72.39350891	259.9150734	72.39350891	0.471670052
72.60034943	257.6341143	72.60034943	0.936926166
72.80718994	255.3861535	72.80718994	-0.20630949
73.01403046	253.170094	73.01403046	-0.714602304
73.22087097	251.0318096	73.22087097	-0.476082605
73.42770386	249.1440747	73.42770386	1.039512492
73.63454437	247.0461426	73.63454437	0.995442282
73.84138489	245.2452335	73.84138489	2.200737982
74.04821777	243.4544814	74.04821777	0.22606982
74.25505829	241.6274086	74.25505829	-0.303388482
74.4618988	239.5439838	74.4618988	1.349005371
74.66873932	237.4906647	74.66873932	-0.475327569
74.87557983	235.5133406	74.87557983	-0.959150418
75.08241272	233.7847956	75.08241272	-0.011157845
75.28925323	231.8443111	75.28925323	1.261421618
75.49609375	230.1522159	75.49609375	-0.457612108
75.70292664	228.2011084	75.70292664	-0.078723162
75.90976715	226.3243071	75.90976715	-0.745220774
76.11660767	224.788463	76.11660767	-0.977024592
76.32344818	223.4335125	76.32344818	0.646758286
76.5302887	221.5328827	76.5302887	-1.186765176
76.73712158	219.7544091	76.73712158	0.450116562
76.9439621	218.4912214	76.9439621	-0.149071225
77.15080261	216.9029081	77.15080261	-1.409472959
77.3576355	215.1037955	77.3576355	-0.401974149
77.56447601	213.5538048	77.56447601	1.064983269
77.77131653	211.7921974	77.77131653	0.822987124
77.97815704	210.2790706	77.97815704	-0.761497274
78.18499756	208.5067633	78.18499756	-1.222648122
78.39183044	206.8555484	78.39183044	-0.985090156
78.59867096	205.8123298	78.59867096	-0.846220858
78.80551147	204.9309318	78.80551147	1.120568695
79.01234436	203.4392718	79.01234436	-0.344410632
79.21918488	201.691812	79.21918488	0.418287396
79.42602539	199.9747138	79.42602539	-0.437944611
79.63286591	198.2866449	79.63286591	-1.488012623
79.83970642	196.6732681	79.83970642	0.402584593
80.04653931	195.3071491	80.04653931	-0.327732719
80.25337982	193.7274105	80.25337982	0.236340214
80.46022034	192.441102	80.46022034	-0.735112734
80.66705322	191.1143172	80.66705322	1.184616148
80.87389374	189.5736906	80.87389374	0.344882945
81.08073425	188.3262598	81.08073425	-1.322434595
81.28757477	187.0380531	81.28757477	0.31759682
81.49441528	185.5827077	81.49441528	-0.139296638
81.70124817	184.5939907	81.70124817	0.160712353
81.90808868	183.1044674	81.90808868	-0.299684595
82.1149292	181.9086034	82.1149292	-2.056246907
82.32176208	180.6723894	82.32176208	-0.628071362
82.5286026	179.2692659	82.5286026	-1.030212192
82.73544312	178.4267666	82.73544312	0.581676722
82.94228363	177.4779277	82.94228363	-0.413574417
83.14912415	176.0302332	83.14912415	-1.642268549
83.35595703	174.8310373	83.35595703	-2.800287223
83.56279755	173.4192183	83.56279755	-0.871814675
83.76963806	172.2546836	83.76963806	-1.919974417
83.97647095	170.8296478	83.97647095	0.371334334
84.18331146	169.430248	84.18331146	-0.392596605
84.39015198	168.1022342	84.39015198	-0.42185621
84.59699249	167.0181897	84.59699249	1.380407871
84.80383301	165.7173822	84.80383301	-0.016821445
85.01066589	164.7068688	85.01066589	-1.456292391
85.21750641	163.6995629	85.21750641	-0.274393267
85.42434692	162.695967	85.42434692	0.951716716
85.63117981	161.6496506	85.63117981	-0.881471369
85.83802032	160.3403351	85.83802032	0.664572422
86.04486084	159.1950958	86.04486084	1.132233124
86.25170135	158.7339175	86.25170135	-0.646085672
86.45854187	157.5297803	86.45854187	0.396064854
86.66537476	156.7913664	86.66537476	-1.310087553
86.87221527	155.5042311	86.87221527	0.423363665
87.07905579	154.2421287	87.07905579	0.597945858
87.28588867	153.0507399	87.28588867	-0.504637055
87.49272919	152.1493977	87.49272919	-1.07431818
87.6995697	151.2510432	87.6995697	0.865798653
87.90641022	150.3560713	87.90641022	1.366904901
88.11325073	149.464839	88.11325073	0.658447257
88.32008362	148.5777006	88.32008362	0.662816081
88.52692413	147.6479899	88.52692413	-1.272044995
88.73376465	146.4554212	88.73376465	-0.446498645
88.94059753	145.2862946	88.94059753	0.977302365
89.14743805	144.1393371	89.14743805	-0.814302325
89.35427856	143.0134925	89.35427856	-0.837263437
89.56111908	141.9077404	89.56111908	-0.935174878
89.76795959	140.8680356	89.76795959	1.055901565
89.97479248	140.0671969	89.97479248	-0.248085282
90.181633	138.9977544	90.181633	-0.376929379
90.38847351	137.9463995	90.38847351	1.249707754
90.5953064	136.9123553	90.5953064	-0.662784131
90.80214691	135.8947888	90.80214691	-0.981382783
91.00898743	134.9399243	91.00898743	0.480112118
91.21582794	134.3145808	91.21582794	-0.311612696
91.42266846	133.9058005	91.42266846	-1.941142348
91.62950134	133.1609667	91.62950134	-0.159364568
91.83634186	132.1476079	91.83634186	0.235543136
92.04318237	131.1523595	92.04318237	-1.608343371
92.25001526	130.174393	92.25001526	-1.090689214
92.45685577	129.2128344	92.45685577	0.549907963
92.66369629	128.2669756	92.66369629	-0.906996466
92.8705368	127.3830162	92.8705368	-1.285328945
93.07737732	126.7339905	93.07737732	-0.362985995
93.28421021	125.9065282	93.28421021	-2.044996897
93.49105072	125.5816933	93.49105072	-0.079440903
93.69789124	124.9662589	93.69789124	-0.260610495
93.90472412	124.3015899	93.90472412	-0.582196246
94.11156464	123.4145788	94.11156464	1.179783761
94.31840515	122.7655465	94.31840515	0.974985764
94.52524567	121.8939097	94.52524567	-0.652934409
94.73208618	121.306864	94.73208618	-0.845041103
94.93891907	120.6706642	94.93891907	-2.262038925
95.14575958	119.7652842	95.14575958	-0.920618584
95.3526001	118.9242244	95.3526001	0.248197001
95.55943298	118.4140586	95.55943298	-1.206352433
95.7662735	118.0747125	95.7662735	0.880721089
95.97311401	117.1796425	95.97311401	0.212641231
96.17995453	116.3028696	96.17995453	-0.751999239
96.38679504	115.4903154	96.38679504	1.1220054
96.59362793	114.9147622	96.59362793	0.795419825
96.80046844	114.1156239	96.80046844	0.624144058
97.00730896	113.5532406	97.00730896	-1.141173842
97.21414185	112.8140052	97.21414185	0.641860067
97.42098236	112.6256658	97.42098236	-0.514659928
97.62782288	112.368485	97.62782288	-0.53919163
97.83466339	111.7770163	97.83466339	0.636300741
98.04150391	110.9185707	98.04150391	1.493381973
98.24833679	110.1264096	98.24833679	1.307995109
98.45517731	109.5730601	98.45517731	1.350268375
98.66201782	108.7509253	98.66201782	-0.720068044
98.86885071	108.0402831	98.86885071	0.003939556
99.07569122	107.8812609	99.07569122	-0.276325127
99.28253174	107.6071427	99.28253174	-0.141916469
99.48937225	106.8256021	99.48937225	-0.348980427
99.69621277	106.3310591	99.69621277	1.597984928
99.90304565	105.7894759	99.90304565	0.148288012
100.1098862	104.9805682	100.1098862	1.120626054
100.3167267	104.2375903	100.3167267	-0.724723597
100.5235596	103.7331134	100.5235596	0.888716255
100.7304001	102.9594746	100.7304001	0.854462863
100.9372406	102.2031591	100.9372406	0.616880792
101.1440811	101.5100665	101.1440811	0.647801489
101.3509216	101.0998583	101.3509216	-1.011747267
101.5577545	100.6387889	101.5577545	0.724973843
101.764595	99.95374377	101.764595	0.713355039
101.9714355	99.64570503	101.9714355	-1.075717113
102.1782684	99.77509699	102.1782684	0.659278542
102.3851089	99.32931779	102.3851089	0.085356942
102.5919495	98.83684194	102.5919495	-1.654710256
102.79879	98.12424436	102.79879	0.009583278
103.0056305	97.65146993	103.0056305	-0.028504425
103.2124634	96.91078865	103.2124634	0.775542474
103.4193039	96.18846847	103.4193039	-0.844639339
103.6261444	95.5303255	103.6261444	0.336022478
103.8329773	95.10901492	103.8329773	0.774851988
104.0398178	94.46384977	104.0398178	1.607203259
104.2466583	94.10196919	104.2466583	-0.35533786
104.4534988	93.73642512	104.4534988	0.254139864
104.6603394	93.41466113	104.6603394	0.043521319
104.8671722	93.26395819	104.8671722	-0.088806609
105.0740128	92.55758402	105.0740128	1.754260205
105.2808533	91.91630787	105.2808533	0.400488054
105.4876862	91.55957771	105.4876862	-0.200329898
105.6945267	91.29409647	105.6945267	1.266008772
105.9013672	91.42080865	105.9013672	-0.583965104
106.1082077	90.8000987	106.1082077	-1.748277708
106.3150482	90.68745548	106.3150482	-1.496523298
106.5218811	90.28900824	106.5218811	0.240768278
106.7287216	89.84545908	106.7287216	-1.246774113
106.9355621	89.1832304	106.9355621	0.516241037
107.142395	88.80899393	107.142395	-0.992268653
107.3492355	88.4353826	107.3492355	0.876530409
107.556076	88.01569018	107.556076	0.979694489
107.7629166	87.42327166	107.7629166	-0.627307378
107.9697571	87.29164739	107.9697571	-0.465818342
108.17659	86.65329821	108.17659	1.134527351
108.3834305	86.30240518	108.3834305	-0.289294354
108.590271	85.90476516	108.590271	1.023226567
108.7971039	85.24003924	108.7971039	0.038193043
109.0039444	84.59436929	109.0039444	-0.903433825
109.2107849	84.01343641	109.2107849	-1.307262574
109.4176254	83.76357533	109.4176254	0.569596746
109.6244659	83.73138605	109.6244659	0.503630847
109.8312988	83.41072202	109.8312988	-1.165193193
110.0381393	83.08935721	110.0381393	0.135529282
110.2449799	82.7675497	110.2449799	-0.908838797
110.4518127	82.4924243	110.4518127	0.916144514
110.6586533	82.39097017	110.6586533	-0.738092865
110.8654938	81.82997397	110.8654938	0.962704875
111.0723343	81.7304349	111.0723343	0.766538217
111.2791748	81.07779581	111.2791748	-0.886414027
111.4860077	80.49256085	111.4860077	-0.771359286
111.6928482	80.1939016	111.6928482	0.943332901
111.8996887	79.84765083	111.8996887	-0.585903477
112.1065216	79.23350301	112.1065216	-1.329563475
112.3133621	78.68452621	112.3133621	0.559613474
112.5202026	78.4201227	112.5202026	0.307138599
112.7270432	78.1062651	112.7270432	0.01813547
112.9338837	77.52274491	112.9338837	-1.52675499
113.1407166	77.04972173	113.1407166	-0.241356154
113.3475571	77.08034975	113.3475571	1.306647519
113.5543976	76.77411435	113.5543976	-0.418623572
113.7612305	76.19836835	113.7612305	0.718902545
113.968071	75.63940553	113.968071	-0.910490987
114.1749115	75.14303803	114.1749115	0.743315527
114.381752	75.02261624	114.381752	0.876815087
114.5885925	75.29163099	114.5885925	-1.046751635
114.7954254	74.71691146	114.7954254	-0.246302519
115.0022659	74.15973221	115.0022659	-0.815881504
115.2091064	73.66584945	115.2091064	0.726934528
115.4159393	73.45475208	115.4159393	-1.019841756
115.6227798	73.2394182	115.6227798	0.717101639
115.8296204	72.97344314	115.8296204	0.555886523
116.0364609	72.4366834	116.0364609	0.295896029
116.2433014	71.9155674	116.2433014	-1.134415672
116.4501343	71.45597604	116.4501343	0.622495438
116.6569748	71.27751123	116.6569748	1.447132305
116.8638153	71.04638926	116.8638153	-0.330520522
117.0706482	70.58954659	117.0706482	1.343540924
117.2774887	70.46097537	117.2774887	1.142388343
117.4843292	70.50057148	117.4843292	-0.396062956
117.6911697	69.98171068	117.6911697	-1.157090664
117.8980103	69.57216208	117.8980103	-0.046106847
118.1048431	69.61823387	118.1048431	1.109978092
118.3116837	69.19957503	118.3116837	-0.712037913
118.5185242	69.23750432	118.5185242	1.067388529
118.7253571	68.76473847	118.7253571	0.885937057
118.9321976	68.66947384	118.9321976	-0.966894423
119.1390381	69.01199457	119.1390381	0.221791842
119.3458786	68.73258026	119.3458786	1.218885736
119.5527191	68.23275036	119.5527191	-0.501329497
119.759552	67.97231372	119.759552	-1.706033151
119.9663925	67.49025043	119.9663925	-0.937691548
120.173233	67.29337254	120.173233	-0.218480741
120.3800659	67.14133779	120.3800659	1.505846885
120.5869064	67.2081041	120.5869064	0.506087085
120.7937469	66.94043209	120.7937469	-0.65561273
121.0005875	66.45228386	121.0005875	0.891541232
121.207428	66.2972685	121.207428	0.519146582
121.4142609	66.31483917	121.4142609	-0.218604173
121.6211014	65.77801615	121.6211014	-1.37858749
121.8279419	65.30732465	121.8279419	0.034003601
122.0347748	65.07510083	122.0347748	1.861282756
122.2416153	64.62038603	122.2416153	1.596282811
122.4484558	64.40316141	122.4484558	1.248421742
122.6552963	64.05633181	122.6552963	0.628281577
122.8621368	64.38727843	122.8621368	0.682604802
123.0689697	63.87517627	123.0689697	2.093402405
123.2758102	63.42809127	123.2758102	1.034396781
123.4826508	63.21845747	123.4826508	-0.223657405
123.6894836	62.78543384	123.6894836	-0.471591825
123.8963242	62.58901541	123.8963242	-1.330774022
124.1031647	62.16839992	124.1031647	-0.524756565
124.3100052	62.03057542	124.3100052	0.899473044
124.5168457	61.88847051	124.5168457	2.17291288
124.7236786	61.78940862	124.7236786	0.8956665
124.9305191	61.90746971	124.9305191	0.645185475
125.1373596	61.68951491	125.1373596	2.365506099
125.3441925	61.24964486	125.3441925	0.583162578
125.551033	61.04773076	125.551033	-0.992457769
125.7578735	60.57596753	125.7578735	-0.057519921
125.9647141	60.16754796	125.9647141	0.449102998
126.1715546	60.08881016	126.1715546	-0.43230022
126.3783875	60.22634019	126.3783875	-1.639041813
126.585228	60.07397772	126.585228	-0.729154987
126.7920685	59.87262553	126.7920685	1.277972308
126.9989014	59.4019913	126.9989014	1.151352841
127.2057419	58.99517167	127.2057419	1.726569163
127.4125824	58.82469149	127.4125824	-0.02292979
127.6194229	58.38284972	127.6194229	1.564434733
127.8262634	58.00296192	127.8262634	-0.260846438
128.0330963	57.90454655	128.0330963	0.695219577
128.2399292	57.84750839	128.2399292	0.288352526
128.4467773	58.00606704	128.4467773	1.112269522
128.6536102	57.87408734	128.6536102	2.092389117
128.8604584	57.69250003	128.8604584	0.230848697
129.0672913	57.28796999	129.0672913	0.736703404
129.2741241	57.1204251	129.2741241	-1.016652635
129.4809723	56.7758859	129.4809723	0.453439949
129.6878052	56.88811203	129.6878052	1.265485222
129.8946533	56.44275941	129.8946533	0.283181677
130.1014862	56.0606275	130.1014862	1.394166374
130.3083191	55.9142134	130.3083191	0.884204437
130.5151672	55.49583222	130.5151672	-0.181323969
130.7220001	55.13888974	130.7220001	-0.597795521
130.928833	55.06290049	130.928833	0.856227273
131.1356812	55.02783038	131.1356812	-0.885858926
131.342514	55.2078692	131.342514	0.742052516
131.5493469	55.05007844	131.5493469	-0.263818155
131.7561951	54.62168659	131.7561951	-1.833241138
131.963028	54.25596935	131.963028	-1.770162334
132.1698761	54.12546831	132.1698761	-0.694080545
132.376709	53.8164016	132.376709	1.070908075
132.5835419	53.96256254	132.5835419	-0.323865407
132.79039	53.64354627	132.79039	1.044246871
132.9972229	53.78068676	132.9972229	2.387114324
133.204071	53.40658468	133.204071	2.228950917
133.4109039	53.31571086	133.4109039	0.417518711
133.6177368	53.17404498	133.6177368	-1.089416159
133.824585	52.80823495	133.824585	-0.037916052
134.0314178	52.67834642	134.0314178	-0.574593605
134.2382507	52.27671429	134.2382507	-1.602911105
134.4450989	51.88971	134.4450989	0.409413788
134.6519318	51.56325741	134.6519318	-0.906837135
134.8587646	51.56380816	134.8587646	0.780747465
135.0656128	51.7312931	135.0656128	-0.567178136
135.2724457	51.38601679	135.2724457	0.09871157
135.4792938	51.32252652	135.4792938	0.084406386
135.6861267	51.20689941	135.6861267	-1.026325239
135.8929596	50.91279966	135.8929596	-0.434042048
136.0998077	51.12096709	136.0998077	0.741488886
136.3066406	51.03776377	136.3066406	-1.105425923
136.5134888	50.95107267	136.5134888	0.546328948
136.7203217	50.81433254	136.7203217	0.594633255
136.9271545	50.40728353	136.9271545	1.472436185
137.1340027	50.01617668	137.1340027	0.698735919
137.3408356	49.63992795	137.3408356	0.456279319
137.5476685	49.37121121	137.5476685	-1.162456386
137.7545166	49.6033614	137.7545166	0.51283751
137.9613495	49.54284977	137.9613495	0.192623774
138.1681824	49.43078255	138.1681824	0.04790206
138.3750305	49.04695224	138.3750305	-1.606442199
138.5818634	48.86533424	138.5818634	-0.246011938
138.7887115	49.72039699	138.7887115	0.621516126
138.9955444	50.15260376	138.9955444	1.098227758
139.2023773	50.05848638	139.2023773	1.589425548
139.4092255	50.13978765	139.4092255	-0.377984127
139.6160583	49.71614795	139.6160583	-0.33877532
139.8229065	49.53457477	139.8229065	0.641098879
140.0297394	49.18073593	140.0297394	-0.077844211
140.2365723	49.28790715	140.2365723	-1.558948214
140.4434204	48.98212011	140.4434204	0.297723177
140.6502533	49.35786569	140.6502533	0.061044764
140.8570862	48.89400594	140.8570862	0.608056907
141.0639343	48.49827071	141.0639343	1.230206483
141.2707672	48.38970138	141.2707672	1.684563359
141.4776001	48.23394919	141.4776001	-0.155498557
141.6844482	47.81045581	141.6844482	-0.27770565
141.8912811	47.45224813	141.8912811	-0.084411343
142.0981293	47.37854533	142.0981293	1.479773729
142.3049622	47.30209761	142.3049622	-0.338973041
142.511795	47.1762798	142.511795	0.97873022
142.7186432	46.87450816	142.7186432	-0.655109712
142.9254761	47.12417698	142.9254761	1.12892861
143.1323242	47.25826918	143.1323242	-0.119717614
143.3391571	46.83735824	143.3391571	-1.603813478
143.54599	46.48189039	143.54599	-0.222856887
143.7528381	46.36419463	143.7528381	0.733656698
143.959671	46.07026096	143.959671	0.176902009
144.1665039	46.23367545	144.1665039	1.967128262
144.3733521	45.84004059	144.3733521	1.995991023
144.5801849	45.55697013	144.5801849	0.70297279
144.7870178	45.73057099	144.7870178	-0.618151298
144.993866	45.39339976	144.993866	0.7571377
145.2006989	45.38674537	145.2006989	0.231640556
145.407547	45.59711745	145.407547	1.360273807
145.6143799	45.61202227	145.6143799	1.681813493
145.8212128	46.01963686	145.8212128	0.005009284
146.0280609	45.58629631	146.0280609	-1.090564403
146.2348938	45.31370931	146.2348938	-2.429684377
146.4417419	45.7683788	146.4417419	-3.279258543
146.6485748	45.79039504	146.6485748	-2.979068173
146.8554077	46.47575009	146.8554077	-1.991447031
147.0622559	46.25763947	147.0622559	0.07718731
147.2690887	45.87151878	147.2690887	-0.040686138
147.4759216	45.95031732	147.4759216	-0.453462044
147.6827698	45.52593914	147.6827698	1.741777589
147.8896027	45.4391003	147.8896027	0.463909852
148.0964355	45.52884444	148.0964355	-0.859212044
148.3032837	45.06775319	148.3032837	0.436881962
148.5101166	44.76979673	148.5101166	0.899770523
148.7169647	45.15438175	148.7169647	-0.838153708
148.9237976	44.74709396	148.9237976	-0.584012818
149.1306305	44.67616567	149.1306305	-0.497717343
149.3374786	44.82766799	149.3374786	1.264655557
149.5443115	44.64800849	149.5443115	1.189158649
149.7511597	44.20387052	149.7511597	-0.469467691
149.9579926	43.7811411	149.9579926	0.775451031
150.1648254	43.42508192	150.1648254	-1.215653865
150.3716736	43.40172924	150.3716736	0.294247057
150.5785065	43.55046589	150.5785065	-0.424278417
150.7853394	43.28497317	150.7853394	0.231382726
150.9921875	43.69990844	150.9921875	-0.431254123
151.1990204	43.32101714	151.1990204	1.538956864
151.4058533	43.18292927	151.4058533	0.030499802
151.6127014	42.77752272	151.6127014	1.904085177
151.8195343	42.39090011	151.8195343	0.251970975
152.0263824	42.02162536	152.0263824	1.751816847
152.2332153	41.71537988	152.2332153	-0.198483304
152.4400482	41.73839586	152.4400482	-0.895961603
152.6468964	41.930403	152.6468964	0.739713868
152.8537292	41.61151544	152.8537292	-0.815623358
153.0605774	41.57611254	153.0605774	0.918568987
153.2674103	41.49010921	153.2674103	-0.235523021
153.4742432	41.13327042	153.4742432	-1.197731362
153.6810913	40.88567999	153.6810913	-1.407263818
153.8879242	41.18734342	153.8879242	-1.819288539
154.0947571	41.41832804	154.0947571	0.073087298
154.3016052	41.35987058	154.3016052	0.692356697
154.5084381	41.29969419	154.5084381	0.758740042
154.715271	41.19108048	154.715271	-1.178719026
154.9221191	40.86045894	154.9221191	-0.461067393
155.128952	40.76771699	155.128952	0.336178313
155.3358002	40.45184189	155.3358002	-0.263880671
155.5426331	40.46657575	155.5426331	-1.571043157
155.7494659	40.79213938	155.7494659	0.288287409
155.9563141	41.26966461	155.9563141	0.497828219
156.163147	41.17361686	156.163147	1.355963503
156.3699951	41.03206736	156.3699951	-0.083003286
156.576828	40.6244047	156.576828	-1.387889267
156.7836609	40.33029715	156.7836609	-0.184035119
156.990509	40.5425821	156.990509	-0.074960233
157.1973419	40.42037887	157.1973419	1.39364025
157.4041748	40.03069569	157.4041748	1.46490512
157.6110229	39.65953745	157.6110229	0.095641028
157.8178558	39.35248709	157.8178558	-0.676637932
158.0246887	39.32880781	158.0246887	0.325819145
158.2315369	39.30133059	158.2315369	-1.112217003
158.4383698	39.22350244	158.4383698	0.603319904
158.6452179	38.92190408	158.6452179	0.191118866
158.8520508	38.90342468	158.8520508	-1.355889848
159.0588837	39.06840973	159.0588837	0.6626536
159.2657318	40.06516357	159.2657318	0.014143956
159.4725647	39.6938563	159.4725647	1.023999708
159.6794128	39.61104531	159.6794128	1.597319452
159.8862457	39.48225209	159.8862457	-0.390607595
160.0930786	39.13374716	160.0930786	1.100970171
160.2999268	39.02517578	160.2999268	0.680639233
160.5067596	38.64854482	160.5067596	-0.038223139
160.7135925	38.33679635	160.7135925	-1.331855204
160.9204407	38.40300375	160.9204407	0.398091524
161.1272736	38.95409997	161.1272736	1.196902133
161.3341064	39.15092453	161.3341064	-0.126910458
161.5409546	39.01501396	161.5409546	-1.016217801
161.7477875	38.6601379	161.7477875	0.507845166
161.9546356	38.54587278	161.9546356	-1.450470757
162.1614685	38.21106996	162.1614685	-0.096664609
162.3683014	38.1622968	162.3683014	0.540109116
162.5751495	38.11217087	162.5751495	-1.1361498
162.7819824	38.10770331	162.7819824	0.708637734
162.9888306	38.27581344	162.9888306	0.061066413
163.1956635	37.93636155	163.1956635	-0.73447037
163.4024963	37.88341028	163.4024963	-0.291855687
163.6093445	37.82953936	163.6093445	-0.345321767
163.8161774	37.72795004	163.8161774	1.303083441
164.0230103	37.40504876	164.0230103	1.953252623
164.2298584	37.32060567	164.2298584	1.808582034
164.4366913	36.96673756	164.4366913	0.891475927
164.6435242	36.67649287	164.6435242	-0.919246276
164.8503723	36.62233181	164.8503723	-0.819978027
165.0572052	36.29654575	165.0572052	-0.128960701
165.2640533	35.98546023	165.2640533	1.007971234
165.4708862	35.68804593	165.4708862	-0.560013714
165.6777191	35.49704419	165.6777191	-0.088582137
165.8845673	35.80585594	165.8845673	-0.995411637
166.0914001	35.82098669	166.0914001	0.674184511
166.2982483	35.78357515	166.2982483	-1.228016025
166.5050812	35.47353923	166.5050812	-1.178666462
166.7119141	35.22417887	166.7119141	-0.295504926
166.9187622	35.30199156	166.9187622	-0.419049354
167.1255951	35.5467635	167.1255951	1.901389245
167.332428	35.32569113	167.332428	1.013421049
167.5392761	35.60698492	167.5392761	1.329169736
167.746109	35.55006066	167.746109	-0.525182418
167.9529419	35.22221434	167.9529419	0.682477962
168.15979	34.90971535	168.15979	-1.080256056
168.3666229	34.61147996	168.3666229	0.703695946
168.5734711	34.37332744	168.5734711	0.248439951
168.780304	34.41487921	168.780304	-0.790710895
168.9871368	34.5429881	168.9871368	-0.921354817
169.193985	35.05876739	169.193985	0.96861427
169.4008179	34.82271545	169.4008179	0.481660299
169.607666	35.13737983	169.607666	-1.177396987
169.8144989	35.33570392	169.8144989	0.34787557
170.0213318	34.97832573	170.0213318	-1.340133047
170.2281799	34.68571824	170.2281799	-0.647964322
170.4350128	34.63024331	170.4350128	1.073283036
170.6418457	34.35097756	170.6418457	0.358869379
170.8486938	34.35478596	170.8486938	0.046068353
171.0555267	34.30759301	171.0555267	-1.419702762
171.2623596	34.03605886	171.2623596	0.267231262
171.4692078	34.093993	171.4692078	0.466743209
171.6760406	34.41480255	171.6760406	0.459729443
171.8828888	34.66597756	171.8828888	0.998462128
172.0897217	34.67556621	172.0897217	1.155492755
172.2965546	34.90486524	172.2965546	0.405863948
172.5034027	34.84735216	172.5034027	-0.86531135
172.7102356	34.74364953	172.7102356	-0.341791616
172.9170837	34.3730908	172.9170837	0.92243235
173.1239166	34.02171724	173.1239166	-1.102032245
173.3307495	33.78182627	173.3307495	-1.12834263
173.5375977	34.04640772	173.5375977	-1.080042754
173.7444305	34.0216081	173.7444305	-2.504272687
173.9512634	33.94824155	173.9512634	-0.410676684
174.1581116	33.74654728	174.1581116	0.601467744
174.3649445	34.22365804	174.3649445	-0.949247653
174.5717773	33.95238037	174.5717773	-0.010623248
174.7786255	34.23494887	174.7786255	1.687908205
174.9854584	34.5447373	174.9854584	0.923007144
175.1923065	35.10389657	175.1923065	-0.679546132
175.3991394	35.62768888	175.3991394	-0.116590146
175.6059723	35.97818665	175.6059723	0.846734795
175.8128204	35.49602417	175.8128204	-0.391539257
176.0196533	35.04160868	176.0196533	-1.277712606
176.2265015	34.61277167	176.2265015	0.513788433
176.4333344	34.25453811	176.4333344	-1.157761848
176.6401672	34.23252297	176.6401672	0.732158011
176.8470154	34.47969194	176.8470154	0.186406234
177.0538483	34.6160647	177.0538483	1.361417885
177.2606812	34.29559467	177.2606812	-0.720650567
177.4675293	34.43887153	177.4675293	-0.288990575
177.6743622	34.03102941	177.6743622	-0.468549834
177.8811951	33.73906142	177.8811951	-0.086906373
178.0880432	34.0025155	178.0880432	-1.974756119
178.2948761	34.20089046	178.2948761	-0.765729935
178.5017242	34.25570098	178.5017242	-0.847320488
178.7085571	34.92828065	178.7085571	1.326274321
178.91539	34.47819564	178.91539	-0.24974381
179.1222382	34.10031139	179.1222382	0.971321272
179.329071	34.06020185	179.329071	2.149373298
179.5359192	34.29068416	179.5359192	0.20429522
179.7427521	34.50546669	179.7427521	1.482688851
179.949585	34.6119962	179.949585	-0.435050204
180.1564331	34.21704727	180.1564331	0.045589147
180.363266	34.20807584	180.363266	0.264849685
180.5700989	34.64453982	180.5700989	2.314171599
180.776947	34.51291118	180.776947	1.116923314
180.9837799	34.38775144	180.9837799	1.388142989
181.1906128	34.31543733	181.1906128	0.084748358
181.3974609	34.42232328	181.3974609	1.780061283
181.6042938	34.07459698	181.6042938	0.180568753
181.811142	34.19268241	181.811142	-1.31728848
182.0179749	33.85535341	182.0179749	-0.025084308
182.2248077	33.98304938	182.2248077	0.890736766
182.4316559	33.65454833	182.4316559	0.974338897
182.6384888	33.88418955	182.6384888	-0.788554954
182.8453369	34.00440251	182.8453369	0.259225504
183.0521698	33.66905166	183.0521698	-0.093005404
183.2590027	33.79858866	183.2590027	1.17163485
183.4658508	33.42490494	183.4658508	1.154309366
183.6726837	33.34179622	183.6726837	-0.765833853
183.8795166	33.26149849	183.8795166	0.292038171
184.0863647	33.13689763	184.0863647	-0.976579399
184.2931976	32.79417383	184.2931976	0.917098194
184.5000305	32.69282076	184.5000305	0.559208877
184.7068787	32.32465848	184.7068787	-1.049384546
184.9137115	32.02260635	184.9137115	0.006104308
185.1205597	32.05270523	185.1205597	1.239912861
185.3273926	32.30125441	185.3273926	-0.325877442
185.5342255	32.30876137	185.5342255	1.615334305
185.7410736	32.48960379	185.7410736	1.478753942
185.9479065	32.11666349	185.9479065	0.040666571
186.1547546	31.8571826	186.1547546	0.730812325
186.3615875	32.05702841	186.3615875	1.297760324
186.5684204	31.70172103	186.5684204	-0.62436162
186.7752686	31.36478741	186.7752686	-0.379628282
186.9821014	31.1387051	186.9821014	0.602592854
187.1889343	31.41641715	187.1889343	1.156642376
187.3957825	31.40415864	187.3957825	-0.691205776
187.6026154	31.43657179	187.6026154	-1.430600067
187.8094482	31.68752104	187.8094482	0.133540268
188.0162964	31.69748095	188.0162964	-0.692824956
188.2231293	32.02146012	188.2231293	-2.016735428
188.4299774	32.45341758	188.4299774	-0.641725535
188.6368103	32.04705122	188.6368103	0.00860474
188.8436432	31.70998748	188.8436432	1.444409749
189.0504913	31.61423194	189.0504913	-0.061349376
189.2573242	31.25166601	189.2573242	-1.396003093
189.4641724	30.90822648	189.4641724	-0.024120584
189.6710052	30.67633157	189.6710052	0.716960918
189.8778381	31.04262416	189.8778381	-0.619463656
190.0846863	31.60761877	190.0846863	-0.375363048
190.2915192	31.81943013	190.2915192	1.630633406
190.4983521	31.79336348	190.4983521	0.174401562
190.7052002	31.94353682	190.7052002	2.125025197
190.9120331	31.58951776	190.9120331	0.285556155
191.118866	31.47821751	191.118866	1.858286596
191.3257141	31.14824827	191.3257141	-0.174676068
191.532547	31.05922118	191.532547	0.475843575
191.7393951	30.79677457	191.7393951	-1.259380428
191.946228	31.08805688	191.946228	-0.968152488
192.1530609	31.31276763	192.1530609	0.516265034
192.3599091	31.20490455	192.3599091	1.079769528
192.5667419	30.83133385	192.5667419	0.731992942
192.7735901	30.57171305	192.7735901	-0.875358021
192.980423	30.81876652	192.980423	-0.449152568
193.1872559	30.73165243	193.1872559	-0.619468954
193.394104	30.37726326	193.394104	-0.345733399
193.6009369	30.18236529	193.6009369	1.144678771
193.8077698	30.71343716	193.8077698	0.126015082
194.0146179	30.62308059	194.0146179	-1.118939457
194.2214508	30.50029703	194.2214508	0.497317927
194.4282837	31.64006387	194.4282837	-1.2291885
194.6351318	32.02908622	194.6351318	-0.097953517
194.8419647	31.67711298	194.8419647	1.476708986
195.0488129	31.88582375	195.0488129	-0.1539071
195.2556458	32.03429177	195.2556458	0.602040581
195.4624786	31.85610068	195.4624786	-0.014878845
195.6693268	31.46444945	195.6693268	0.748664373
195.8761597	31.36542714	195.8761597	-1.135124127
196.0830078	31.27109504	196.0830078	0.447498157
196.2898407	31.13421267	196.2898407	0.61259715
196.4966736	30.82764892	196.4966736	1.169486019
196.7035217	31.03141023	196.7035217	-0.417487575
196.9103546	30.95119445	196.9103546	-0.161252195
197.1171875	30.82738944	197.1171875	-0.020814162
197.3240356	30.53293801	197.3240356	1.127225418
197.5308685	30.70098038	197.5308685	-0.906738519
197.7377014	30.36366219	197.7377014	0.054508056
197.9445496	30.26799507	197.9445496	0.057968004
198.1513824	29.90583336	198.1513824	-0.989209212
198.3582306	29.60999383	198.3582306	-0.244878151
198.5650635	29.64651309	198.5650635	-1.174707389
198.7718964	29.9017068	198.7718964	0.86285034
198.9787445	29.86913691	198.9787445	0.981542791
199.1855774	29.83637629	199.1855774	0.169064635
199.3924255	29.75654497	199.3924255	-1.052313376
199.5992584	29.45603073	199.5992584	-0.724394513
199.8060913	29.394528	199.8060913	0.922446634
200.0129395	29.06404127	200.0129395	-0.555886746
200.2197723	28.84456959	200.2197723	-0.871480424
200.4266052	29.08216337	200.4266052	0.819053986
200.6334534	28.80933125	200.6334534	-0.229734411
200.8402863	28.77351813	200.8402863	-2.646565092
201.0471191	28.56068753	201.0471191	-2.661249153
201.2539673	28.85142925	201.2539673	-1.946344982
201.4608002	28.80507169	201.4608002	-0.70214893
201.6676483	28.53566516	201.6676483	-2.122184811
201.8744812	28.59692274	201.8744812	-0.195785771
202.0813141	28.8284145	202.0813141	1.296221204
202.2881622	28.50320615	202.2881622	0.414354893
202.4949951	28.28880684	202.4949951	-0.137586431
202.7018433	28.62514177	202.7018433	-1.218422182
202.9086761	28.8920444	202.9086761	-0.683338132
203.115509	28.87070364	203.115509	0.841069127
203.3223572	28.89560797	203.3223572	-0.920954337
203.5291901	29.234258	203.5291901	0.593072688
203.7360229	29.68063273	203.7360229	0.351648649
203.9428711	29.28836326	203.9428711	-0.926788924
204.149704	28.96520936	204.149704	-1.584213982
204.3565369	28.97690258	204.3565369	0.278665646
204.563385	29.25651575	204.563385	-0.102110262
204.7702179	29.42420015	204.7702179	0.462605955
204.977066	29.08703984	204.977066	0.027204743
205.1838989	29.03894665	205.1838989	-0.251783427
205.3907318	28.94539327	205.3907318	1.663201738
205.59758	28.58565803	205.59758	-0.114346946
205.8044128	28.2457258	205.8044128	0.0754238
206.011261	27.97097006	206.011261	1.207314025
206.2180939	27.98061272	206.2180939	-0.735262965
206.4249268	27.94049695	206.4249268	0.547638638
206.6317749	27.67714617	206.6317749	-0.350234511
206.8386078	27.74428543	206.8386078	-1.267504564
207.0454407	27.98149712	207.0454407	0.758736835
207.2522888	27.75566793	207.2522888	1.04748801
207.4591217	28.03474121	207.4591217	1.496664876
207.6659546	28.02489032	207.6659546	0.667041837
207.8728027	27.96685044	207.8728027	-0.842651944
208.0796356	27.68706278	208.0796356	0.705785377
208.2864838	27.64531939	208.2864838	0.694760059
208.4933167	27.38064936	208.4933167	-0.319692084
208.7001495	27.39979907	208.7001495	-1.318797768
208.9069977	27.36864951	208.9069977	0.610689024
209.1138306	27.06692508	209.1138306	0.012637629
209.3206787	26.82776538	209.3206787	-0.734921819
209.5275116	26.82369205	209.5275116	-0.052831894
209.7343445	26.54706221	209.7343445	-0.798970621
209.9411926	26.42498307	209.9411926	1.140267849
210.1480255	26.97739832	210.1480255	-0.193453954
210.3548584	26.73057563	210.3548584	0.532128623
210.5617065	26.71953853	210.5617065	-1.398099615
210.7685394	26.48348688	210.7685394	0.100435018
210.9753723	26.52933089	210.9753723	-0.69006926
211.1822205	26.52310209	211.1822205	-0.20321947
211.3890533	26.29153622	211.3890533	1.052196464
211.5959015	26.3416156	211.5959015	-0.745033191
211.8027344	26.33936269	211.8027344	-0.332379956
212.0095673	26.06465966	212.0095673	-0.534702239
212.2164154	25.85079019	212.2164154	-2.92229213
212.4232483	25.91730998	212.4232483	-1.388940258
212.6300964	25.93035041	212.6300964	-0.745637664
212.8369293	25.66988227	212.8369293	-1.698147847
213.0437622	25.46926492	213.0437622	0.196739236
213.2506104	25.54814589	213.2506104	0.833192749
213.4574432	25.57271017	213.4574432	-1.048529724
213.6642761	25.41675167	213.6642761	-0.843957368
213.8711243	25.76112681	213.8711243	-0.174457169
214.0779572	25.8122865	214.0779572	-1.995924577
214.28479	25.81134215	214.28479	-0.759235523
214.4916382	25.53809184	214.4916382	-0.076401961
214.6984711	25.37273677	214.6984711	-0.119308941
214.9053192	25.6616196	214.9053192	1.013536315
215.1121521	25.39058873	215.1121521	-1.017959647
215.318985	25.22732601	215.318985	-0.569982912
215.5258331	25.56511101	215.5258331	0.073130772
215.732666	25.61033123	215.732666	-1.853386064
215.9395142	25.6040252	215.9395142	-0.655922415
216.146347	25.3729078	216.146347	0.549195881
216.3531799	25.37699041	216.3531799	-0.382409119
216.5600281	25.15547372	216.5600281	-0.33745283
216.766861	25.26225348	216.766861	-1.227029609
216.9736938	25.53707827	216.9736938	-0.385238227
217.180542	25.25317797	217.180542	1.218059638
217.3873749	24.98444834	217.3873749	-0.526086645
217.5942078	24.77661791	217.5942078	-0.526351052
217.8010559	24.84924763	217.8010559	-2.632590153
218.0078888	24.86846403	218.0078888	-2.232874617
218.2147369	24.66107711	218.2147369	-2.654867095
218.4215698	24.68726241	218.4215698	-0.760818498
218.6284027	24.43948978	218.6284027	-0.146231602
218.8352509	24.25115707	218.8352509	0.313833042
219.0420837	24.34191978	219.0420837	-0.669581586
219.2489319	24.37800833	219.2489319	-1.378324073
219.4557648	24.13947807	219.4557648	0.549148154
219.6625977	23.91289326	219.6625977	-0.438803692
219.8694458	23.74426458	219.8694458	-0.086782208
220.0762787	23.90025107	220.0762787	-1.870064189
220.2831116	24.2677688	220.2831116	-0.799080791
220.4899597	24.34093156	220.4899597	0.662866986
220.6967926	24.40779815	220.6967926	-1.284975608
220.9036255	24.42198728	220.9036255	-1.30861774
221.1104736	24.1633374	221.1104736	-0.24672452
221.3173065	23.96520587	221.3173065	-1.845618031
221.5241547	24.14097224	221.5241547	-1.734949902
221.7309875	24.7040505	221.7309875	-1.336001714
221.9378204	24.4682071	221.9378204	-1.607583675
222.1446686	24.46843462	222.1446686	-2.10528934
222.3515015	24.24387179	222.3515015	-0.814757031
222.5583496	24.34835422	222.5583496	0.505783086
222.7651825	24.71529215	222.7651825	1.080929324
222.9720154	25.05908087	222.9720154	-0.459852003
223.1788635	25.38149602	223.1788635	-0.96892726
223.3856964	25.68410101	223.3856964	-0.350014491
223.5925293	25.87465333	223.5925293	0.269411802
223.7993774	25.60711817	223.7993774	-0.143728332
224.0062103	25.84904335	224.0062103	1.070214104
224.2130432	25.85310708	224.2130432	-0.235166492
224.4198914	26.03341849	224.4198914	-1.591767481
224.6267242	25.66261216	224.6267242	0.111440964
224.8335724	25.36079813	224.8335724	0.04801484
225.0404053	25.34688995	225.0404053	-1.805794289
225.2472382	25.28644109	225.2472382	-0.250562695
225.4540863	24.95880428	225.4540863	-1.220130835
225.6609192	24.69690412	225.6609192	0.862429826
225.8677673	24.71989315	225.8677673	0.764610054
226.0746002	24.78733105	226.0746002	-0.417844891
226.2814331	25.07308541	226.2814331	0.605156234
226.4882813	25.02382782	226.4882813	-0.247181833
226.6951141	24.70659876	226.6951141	-0.961421419
226.901947	24.40743433	226.901947	0.551401813
227.1087952	24.17186001	227.1087952	1.074466305
227.3156281	24.21920429	227.3156281	-0.893487082
227.5224609	24.21541688	227.5224609	-0.891589525
227.7293091	23.94021454	227.7293091	-0.929505296
227.936142	23.77372393	227.936142	-2.666265071
228.1429901	24.06221873	228.1429901	-1.290108573
228.349823	23.88527975	228.349823	-3.624606257
228.5566559	24.30475971	228.5566559	-2.535949088
228.763504	24.92130255	228.763504	-2.682530538
228.9703369	25.18314095	228.9703369	-2.744443443
229.1771851	25.15877162	229.1771851	-0.835864488
229.3840179	25.13562795	229.3840179	0.388906535
229.5908508	25.06673186	229.5908508	0.664964917
229.797699	24.73137356	229.797699	-0.843101033
230.0045319	24.46244164	230.0045319	-1.413158978
230.2113647	24.47899211	230.2113647	-0.11698644
230.4182129	24.49366612	230.4182129	0.895692277
230.6250458	24.55350266	230.6250458	-0.63283048
230.8318787	24.83231273	230.8318787	1.323799199
231.0387268	24.82362069	231.0387268	-0.174919965
231.2455597	24.81495981	231.2455597	0.962402887
231.4524078	24.80632539	231.4524078	-1.153204669
231.6592407	24.75081488	231.6592407	-0.206857392
231.8660736	24.4278708	231.8660736	-0.971343598
232.0729218	24.26417572	232.0729218	0.078270587
232.2797546	24.87313772	232.2797546	-1.334757458
232.4866028	25.12796774	232.4866028	0.285398517
232.6934357	25.05020368	232.6934357	-0.972564145
232.9002686	24.75355835	232.9002686	-0.824866039
233.1071167	24.79140052	233.1071167	0.805953695
233.3139496	25.14362312	233.3139496	1.11094683
233.5207825	25.65102252	233.5207825	-0.631219971
233.7276306	25.54088736	233.7276306	-0.395324722
233.9344635	25.1674131	233.9344635	1.092019306
234.1412964	24.81626925	234.1412964	-0.397720656
234.3481445	24.57954241	234.3481445	0.745355829
234.5549774	24.89681466	234.5549774	0.227309087
234.7618256	25.10083622	234.7618256	-0.564940196
234.9686584	24.75194706	234.9686584	1.098469326
235.1754913	24.42351527	235.1754913	1.096852442
235.3823395	24.16087493	235.3823395	-0.511782425
235.5891724	24.1831943	235.5891724	-0.777673906
235.7960205	24.20313951	235.7960205	-0.770903727
236.0028534	24.17399396	236.0028534	-1.544053232
236.2096863	24.06288924	236.2096863	0.533238872
236.4165344	24.85081892	236.4165344	0.180473787
236.6233673	24.60392134	236.6233673	-0.114080368
236.8302002	24.81803962	236.8302002	1.416643142
237.0370483	24.47845321	237.0370483	0.744252388
237.2438812	24.25246681	237.2438812	-0.675992428
237.4507141	24.48591415	237.4507141	1.078355393
237.6575623	24.2580029	237.6575623	-0.700811499
237.8643951	24.58344675	237.8643951	-1.455920983
238.0712433	24.88885757	238.0712433	0.211535894
238.2780762	25.17569968	238.2780762	-1.446186502
238.4849091	25.49226949	238.4849091	0.117099286
238.6917572	25.91978488	238.6917572	-1.221300298
238.8985901	25.51167699	238.8985901	-1.74474974
239.1054382	25.17535579	239.1054382	0.240288737
239.3122711	25.08262581	239.3122711	0.196065309
239.519104	24.81891889	239.519104	-1.249230453
239.7259521	25.20504749	239.7259521	0.784933592
239.932785	25.96770944	239.932785	1.131145689
240.1396179	26.06211007	240.1396179	-0.437611516
240.3464661	26.99821326	240.3464661	1.581114146
240.553299	26.52855265	240.553299	1.204061839
240.7601318	26.08833355	240.7601318	0.415006734
240.96698	25.67527918	240.96698	-1.312754935
241.1738129	25.3342577	241.1738129	-0.172168684
241.380661	25.23701672	241.380661	1.097566297
241.5874939	24.92213742	241.5874939	-0.258954776
241.7943268	24.8959419	241.7943268	-1.4322028
242.0011749	24.82392144	242.0011749	-0.85353598
242.2080078	24.48545018	242.2080078	0.813207038
242.414856	24.2602389	242.414856	0.780033677
242.6216888	24.58794911	242.6216888	1.275087643
242.8285217	24.80145806	242.8285217	0.827924509
243.0353699	24.46109837	243.0353699	-0.841953382
243.2422028	24.14039556	243.2422028	-1.62540962
243.4490356	23.88472507	243.4490356	-1.059146224
243.6558838	23.86641865	243.6558838	0.708578266
243.8627167	23.62454982	243.8627167	-0.654115011
244.0695496	23.66591084	244.0695496	-0.44949361
244.2763977	23.65642498	244.2763977	1.456237869
244.4832306	23.37585095	244.4832306	0.651739137
244.6900787	23.11046126	244.6900787	-0.663515452
244.8969116	22.85916493	244.8969116	-0.323180184
245.1037445	22.71465613	245.1037445	-1.975372254
245.3105927	23.11719419	245.3105927	0.020000838
245.5174255	23.54065937	245.5174255	-1.669855341
245.7242737	24.11389271	245.7242737	0.013274214
245.9311066	24.06460871	245.9311066	1.151508393
246.1379395	23.74737116	246.1379395	-0.798768963
246.3447876	23.54201251	246.3447876	0.401448825
246.5516205	23.79450197	246.5516205	-1.092071278
246.7584534	23.53734294	246.7584534	0.421560585
246.9653015	23.56477728	246.9653015	-1.585414924
247.1721344	23.54259469	247.1721344	-0.505738864
247.3789673	23.29733611	247.3789673	-2.40966576
247.5858154	23.28889912	247.5858154	-0.611617117
247.7926483	23.05636925	247.7926483	-0.346322357
247.9994965	23.1066259	247.9994965	-0.278776581
248.2063293	23.10559682	248.2063293	-1.930896034
248.4131622	22.87995495	248.4131622	-0.155150495
248.6200104	22.93662048	248.6200104	-1.430147882
248.8268433	23.03533325	248.8268433	0.545972376
249.0336914	23.35019372	249.0336914	0.069196974
249.2405243	23.37492953	249.2405243	0.281764037
249.4473572	23.3972823	249.4473572	-1.658460606
249.6542053	23.37053564	249.6542053	-0.360932622
249.8610382	23.07431742	249.8610382	-1.506192476
250.0678711	22.88854061	250.0678711	0.335827148
250.2747192	23.20626792	250.2747192	1.439484222
250.4815521	23.28059952	250.4815521	0.862337501
250.688385	23.61984365	250.688385	0.152144327
250.8952332	23.89131725	250.8952332	-0.89579777
251.102066	23.82912354	251.102066	-0.216253562
251.3089142	23.68774332	251.3089142	-0.72883508
251.5157471	24.44776094	251.5157471	1.213984912
251.72258	24.12838267	251.72258	-0.22910637
251.9294281	24.14536648	251.9294281	0.519543085
252.136261	24.38469331	252.136261	-1.335014242
252.3431091	24.38652937	252.3431091	-0.823630055
252.549942	24.56491496	252.549942	-0.292410606
252.7567749	24.23939375	252.7567749	1.374676615
252.963623	24.29756132	252.963623	-0.155886128
253.1704559	24.7989817	253.1704559	0.67422699
253.3772888	24.77726116	253.3772888	1.564797215
253.584137	24.98075084	253.584137	-0.368799218
253.7909698	24.94938196	253.7909698	-0.272294577
253.9978027	25.2376645	253.9978027	0.949870656
254.2046509	25.68601069	254.2046509	1.286556188
254.4114838	25.61510719	254.4114838	2.670201146
254.6183319	25.7730311	254.6183319	1.324963251
254.8251648	25.65253971	254.8251648	0.83518347
255.0319977	25.49356957	255.0319977	-0.144515076
255.2388458	25.1686422	255.2388458	0.89939266
255.4456787	25.40433259	255.4456787	-1.002710001
255.6525269	25.57976877	255.6525269	0.558435314
255.8593597	25.47536687	255.8593597	0.518379333
256.0661926	25.37805561	256.0661926	-0.126135357
256.2730408	25.28727654	256.2730408	1.416256453
256.4798584	25.24940885	256.4798584	1.368027432
256.6867065	25.48459358	256.6867065	-0.240800802
256.8935547	25.61258194	256.8935547	-0.511346305
257.1004028	25.19316401	257.1004028	0.054298199
257.3072205	24.84627384	257.3072205	0.520380716
257.5140686	24.74359962	257.5140686	1.677955145
257.7209167	24.37674877	257.7209167	0.111571328
257.9277344	24.03155974	257.9277344	0.010599555
258.1345825	23.75318585	258.1345825	-0.871477858
258.3414307	23.76078118	258.3414307	-0.961098182
258.5482483	23.81378658	258.5482483	0.898481875
258.7550964	24.0860735	258.7550964	0.469109442
258.9619446	24.02416265	258.9619446	0.014130636
259.1687622	23.69511995	259.1687622	0.312076515
259.3756104	23.38483367	259.3756104	-0.58843376
259.5824585	23.09194375	259.5824585	-1.426940008
259.7893066	22.81515062	259.7893066	-0.356309632
259.9961243	22.64703616	259.9961243	0.742986593
260.2029724	22.93391372	260.2029724	0.702896554
260.4098206	22.66148131	260.4098206	0.513887962
260.6166382	22.45058686	260.6166382	-1.366059478
260.8234863	22.52070297	260.8234863	-0.049198376
261.0303345	22.5378868	261.0303345	-0.237231281
261.2371521	22.28212814	261.2371521	1.326363441
261.4440002	22.18044461	261.4440002	0.176461596
261.6508484	22.75291896	261.6508484	-0.635218415
261.857666	22.47897977	261.857666	-0.713365043
262.0645142	22.45431675	262.0645142	-0.739455739
262.2713623	23.54625996	262.2713623	1.370658532
262.4781799	23.36162362	262.4781799	1.063457052
262.6850281	23.90448164	262.6850281	-0.043526823
262.8918762	23.87408789	262.8918762	1.798886411
263.0986938	23.892287	263.0986938	1.097259113
263.305542	24.08581654	263.305542	0.586480201
263.5123901	23.72726258	263.5123901	-0.49910032
263.7192383	23.43693432	263.7192383	1.286733118
263.9260559	23.38687266	263.9260559	1.126970562
264.1329041	23.06896377	264.1329041	0.032285747
264.3397522	22.81621882	264.3397522	-0.570638578
264.5465698	22.80091396	264.5465698	1.447223934
264.753418	22.56205171	264.753418	0.716652547
264.9602661	22.55959582	264.9602661	1.255945395
265.1670837	22.3327106	265.1670837	0.262284272
265.3739319	22.38825575	265.3739319	-0.921400356
265.58078	22.39217716	265.58078	0.832017393
265.7875977	22.12436156	265.7875977	0.123323515
265.9944458	21.91794997	265.9944458	-1.760018972
266.2012939	22.03940429	266.2012939	-0.126669714
266.4081421	22.51612966	266.4081421	-0.952862422
266.6149597	23.36284177	266.6149597	0.856373329
266.8218079	23.30089347	266.8218079	2.897337857
267.028656	22.97218057	267.028656	2.977586562
267.2354736	22.66273448	267.2354736	2.175957164
267.4423218	22.46478643	267.4423218	0.916027807
267.6491699	22.72440733	267.6491699	2.554534174
267.8559875	22.52102207	267.8559875	0.620940527
268.0628357	22.82258256	268.0628357	-0.192329694
268.2696838	22.83515045	268.2696838	-0.508917945
268.4765015	22.89326392	268.4765015	1.121800301
268.6833496	23.17078004	268.6833496	-0.680968597
268.8901978	23.11420415	268.8901978	-0.609696048
269.0970154	22.88433003	269.0970154	1.065782893
269.3038635	23.11452974	269.3038635	-0.581056585
269.5107117	22.83703178	269.5107117	0.715747665
269.7175293	22.79905202	269.7175293	-0.11397009
269.9243774	22.49253664	269.9243774	0.881698977
270.1312256	22.25050711	270.1312256	-1.341586341
270.3380737	22.29224649	270.3380737	-0.471121897
270.5448914	22.37735825	270.5448914	-1.183454233
270.7517395	22.72676224	270.7517395	-2.096608609
270.9585876	22.96079514	270.9585876	-1.546825702
271.1654053	22.73382929	271.1654053	0.377066388
271.3722534	22.96676701	271.3722534	0.706919554
271.5791016	22.64492461	271.5791016	3.971151874
271.7859192	22.34192552	271.7859192	2.283359636
271.9927673	22.05626553	271.9927673	2.735040123
272.1996155	21.88053619	272.1996155	2.189707392
272.4064331	22.25452245	272.4064331	0.385743442
272.6132813	22.55835215	272.6132813	-1.192556337
272.8201294	22.52623207	272.8201294	-0.144009403
273.0269775	22.22524035	273.0269775	-1.191812701
273.2337952	21.94156886	273.2337952	0.602868818
273.4406433	21.81449242	273.4406433	-0.289760106
273.6474915	22.36389612	273.6474915	-0.99461176
273.8543091	22.11589653	273.8543091	0.673564724
274.0611572	22.10532887	274.0611572	-1.183847121
274.2680054	21.91816182	274.2680054	0.312539857
274.474823	22.23478703	274.474823	-1.01326974
274.6816711	22.26150004	274.6816711	0.518461334
274.8885193	22.28600126	274.8885193	-1.251117484
275.0953369	22.26158683	275.0953369	0.058498937
275.3021851	22.01467731	275.3021851	-1.858620778
275.5090332	22.05207555	275.5090332	-0.227678353
275.7158508	22.03959961	275.7158508	-2.129712199
275.922699	21.75686361	275.922699	-0.72557389
276.1295471	21.58398345	276.1295471	0.692087003
276.3363647	21.86700607	276.3363647	-0.482488871
276.5432129	21.63855591	276.5432129	-0.12191156
276.750061	21.64619572	276.750061	0.180431881
276.9569092	21.38211451	276.9569092	0.853639656
277.1637268	21.22646334	277.1637268	-1.004541345
277.370575	21.57245636	277.370575	0.574718752
277.5774231	21.57948002	277.5774231	1.450559165
277.7842407	21.36182849	277.7842407	-0.376153166
277.9910889	21.37949392	277.9910889	0.081905107
278.197937	21.12475543	278.197937	-1.196195768
278.4047546	20.93094458	278.4047546	-2.101364563
278.6116028	21.0175795	278.6116028	-0.434956546
278.8184509	21.05075213	278.8184509	-0.255410051
279.0252686	20.81048448	279.0252686	-0.413689166
279.2321167	20.58317603	279.2321167	1.148818445
279.4389648	20.36790001	279.4389648	-0.396744167
279.645813	20.16376855	279.645813	-0.49027195
279.8526306	20.01686212	279.8526306	-0.131853325
280.0594788	20.14700121	280.0594788	1.252735948
280.2663269	20.22053637	280.2663269	0.148295274
280.4731445	20.01772914	280.4731445	-1.176473226
280.6799927	19.87210045	280.6799927	-1.712449625
280.8868408	19.9566044	280.8868408	-0.153186221
281.0936584	19.76400701	281.0936584	-0.214703845
281.3005066	19.58100593	281.3005066	-0.939775651
281.5073547	19.45385361	281.5073547	0.850166825
281.7141724	19.55553128	281.7141724	-0.871217678
281.9210205	19.42574076	281.9210205	-0.191344859
282.1278687	19.57196518	282.1278687	-0.113900434
282.3346863	19.70752366	282.3346863	1.462080533
282.5415344	19.83328587	282.5415344	-0.236090599
282.7483826	19.90306645	282.7483826	-0.94866532
282.9552002	19.7439462	282.9552002	0.900354493
283.1620483	19.81626634	283.1620483	-0.059524192
283.3688965	19.61258214	283.3688965	-0.823223108
283.5757446	19.41960277	283.5757446	-0.213895117
283.7825623	19.28343661	283.7825623	0.828760019
283.9894104	19.37704967	283.9894104	-0.786705186
284.1962585	19.19313716	284.1962585	-0.303685445
284.4030762	19.11228707	284.4030762	1.582240347
284.6099243	19.62191765	284.6099243	0.794557885
284.8167725	20.27606627	284.8167725	0.701930183
285.0235901	20.30297628	285.0235901	-0.880766409
285.2304382	20.05747738	285.2304382	0.02622759
285.4372864	19.82598981	285.4372864	-0.067863478
285.644104	19.60749482	285.644104	-2.114197038
285.8509521	19.44783824	285.8509521	-0.815111643
286.0578003	19.51989427	286.0578003	-1.005552295
286.2646484	19.36311083	286.2646484	0.873407617
286.4714661	19.43780083	286.4714661	0.531679654
286.6783142	19.2834465	286.6783142	-0.312254306
286.8851624	19.45426496	286.8851624	-0.397181948
287.09198	19.79013177	287.09198	-1.134674263
287.2988281	19.65834513	287.2988281	0.699913328
287.5056763	20.07416535	287.5056763	1.210733798
287.7124939	20.41763223	287.7124939	0.804250343
287.919342	20.56392554	287.919342	-0.987851102
288.1261902	21.14816952	288.1261902	0.029721913
288.3330078	21.1574674	288.3330078	0.698712584
288.539856	21.16683596	288.539856	0.079866321
288.7467041	21.22317919	288.7467041	0.204731852
288.9535217	21.45321109	288.9535217	-0.495730306
289.1603699	21.22352234	289.1603699	0.821700558
289.367218	21.50184176	289.367218	0.959370747
289.5740356	21.49404315	289.5740356	0.400915724
289.7808838	21.44064326	289.7808838	0.713672242
289.9877319	21.12091243	289.9877319	-1.411141594
290.1945801	20.86772389	290.1945801	-0.6843016
290.4013977	20.94697452	290.4013977	0.400476046
290.6082458	21.19816527	290.6082458	-1.295634006
290.815094	20.89415443	290.815094	0.376260669
291.0219116	20.65545678	291.0219116	0.601201259
291.2287598	20.65434172	291.2287598	-1.145455646
291.4356079	20.42983107	291.4356079	0.145387019
291.6424255	20.4886919	291.6424255	-0.724801363
291.8492737	20.49685822	291.8492737	0.200781887
292.0561218	20.28092987	292.0561218	-0.251063267
292.2629395	20.34772769	292.2629395	1.144287853
292.4697876	20.36324546	292.4697876	-0.209144703
292.6766357	20.2009591	292.6766357	-0.748235518
292.8834839	20.49458687	292.8834839	-0.071083814
293.0903015	20.32366816	293.0903015	-1.656235903
293.2971497	20.65627436	293.2971497	-0.043911423
293.5039978	20.69856358	293.5039978	1.493342859
293.7108154	20.6914213	293.7108154	1.492245732
293.9176636	20.41441988	293.9176636	0.905491097
294.1245117	20.15378515	294.1245117	-0.216085981
294.3313293	19.90831833	294.3313293	1.336853389
294.5381775	19.77057967	294.5381775	-0.633154981
294.7450256	20.08691623	294.7450256	-0.29921307
294.9518433	19.93700864	294.9518433	0.777516506
295.1586914	20.24218247	295.1586914	-0.681608024
295.3655396	19.98811134	295.3655396	-1.228286438
295.5723572	19.74874962	295.5723572	0.783325293
295.7792053	19.52292517	295.7792053	-0.109677939
295.9860535	19.3096591	295.9860535	-1.373842618
296.1928711	19.10804463	296.1928711	-0.269901368
296.3997192	18.96403785	296.3997192	0.61891875
296.6065674	19.09749224	296.6065674	1.266491807
296.8134155	19.2216239	296.8134155	-0.315584549
297.0202332	19.29026365	297.0202332	-1.370517623
297.2270813	19.17724914	297.2270813	-0.900167332
297.4339294	19.51658823	297.4339294	0.538535292
297.6407471	19.34122095	297.6407471	1.172351508
297.8475952	19.3988549	297.8475952	0.225298521
298.0544434	19.2757852	298.0544434	1.203946771
298.261261	19.65270586	298.261261	1.416943583
298.4681091	19.68933191	298.4681091	-0.435718676
298.6749573	19.59378926	298.6749573	-0.526244384
298.8817749	20.22025195	298.8817749	1.469093976
299.088623	20.22178216	299.088623	0.409485418
299.2954712	19.95301706	299.2954712	2.192906382
299.5023193	19.70021455	299.5023193	0.393329351
299.709137	19.46220415	299.709137	-0.084018883
299.9159851	19.28469055	299.9159851	1.768915169
