Tiempo	Corriente
8.380360e-01	1.055920e-02
1.099922e+00	1.055380e-02
1.345175e+00	1.054600e-02
1.589605e+00	1.054490e-02
1.834001e+00	1.054210e-02
2.076923e+00	1.053810e-02
2.322328e+00	1.053880e-02
2.565343e+00	1.053880e-02
2.790085e+00	1.053780e-02
3.019570e+00	1.053680e-02
3.262230e+00	1.053730e-02
3.486671e+00	1.053300e-02
3.715947e+00	1.053420e-02
3.942109e+00	1.053270e-02
4.171720e+00	1.053370e-02
4.399655e+00	1.053310e-02
4.630765e+00	1.053270e-02
4.860948e+00	1.053240e-02
5.084678e+00	1.052990e-02
5.311374e+00	1.053310e-02
5.537148e+00	1.053170e-02
5.766610e+00	1.053180e-02
5.994780e+00	1.053400e-02
6.221683e+00	1.053410e-02
6.448819e+00	1.053250e-02
6.675657e+00	1.053340e-02
6.901384e+00	1.053150e-02
7.127403e+00	1.053170e-02
7.352473e+00	1.053120e-02
7.583030e+00	1.053280e-02
7.810852e+00	1.053170e-02
8.039253e+00	1.053000e-02
8.286849e+00	1.053320e-02
8.510812e+00	1.053070e-02
8.736292e+00	1.052960e-02
8.962891e+00	1.053390e-02
9.191967e+00	1.052920e-02
9.434318e+00	1.053140e-02
9.677827e+00	1.053220e-02
9.903312e+00	1.053460e-02
1.012983e+01	1.053490e-02
1.035781e+01	1.053310e-02
1.058465e+01	1.053340e-02
1.081317e+01	1.053160e-02
1.103870e+01	1.053310e-02
1.126482e+01	1.053100e-02
1.149190e+01	1.053000e-02
1.171715e+01	1.052940e-02
1.194276e+01	1.052840e-02
1.216899e+01	1.052800e-02
1.239873e+01	1.052790e-02
1.262600e+01	1.052820e-02
1.285277e+01	1.053060e-02
1.307989e+01	1.053110e-02
1.331479e+01	1.052950e-02
1.353886e+01	1.053120e-02
1.376514e+01	1.052940e-02
1.399166e+01	1.053220e-02
1.421770e+01	1.053010e-02
1.444459e+01	1.053320e-02
1.467320e+01	1.053340e-02
1.489929e+01	1.053280e-02
1.512486e+01	1.053250e-02
1.537238e+01	1.052980e-02
1.564157e+01	1.053230e-02
1.586972e+01	1.053070e-02
1.609523e+01	1.053020e-02
1.632638e+01	1.053020e-02
1.655069e+01	1.053090e-02
1.677837e+01	1.053050e-02
1.700492e+01	1.052850e-02
1.723284e+01	1.052780e-02
1.746290e+01	1.052950e-02
1.769367e+01	1.053030e-02
1.792085e+01	1.052980e-02
1.814890e+01	1.053020e-02
1.837475e+01	1.053020e-02
1.860396e+01	1.053050e-02
1.883632e+01	1.053190e-02
1.906063e+01	1.053090e-02
1.928424e+01	1.053220e-02
1.951021e+01	1.053360e-02
1.974080e+01	1.053370e-02
1.996601e+01	1.053120e-02
2.019725e+01	1.053150e-02
2.044568e+01	1.053230e-02
2.067139e+01	1.053400e-02
2.089834e+01	1.053010e-02
2.112518e+01	1.052960e-02
2.135076e+01	1.053070e-02
2.158781e+01	1.053210e-02
2.181181e+01	1.052860e-02
2.203774e+01	1.052930e-02
2.226555e+01	1.052870e-02
2.249711e+01	1.052640e-02
2.272422e+01	1.053060e-02
2.295333e+01	1.052850e-02
2.317914e+01	1.052870e-02
2.340596e+01	1.052750e-02
2.363414e+01	1.052830e-02
2.386297e+01	1.052900e-02
2.408968e+01	1.052950e-02
2.431856e+01	1.052840e-02
2.454445e+01	1.053070e-02
2.477506e+01	1.053070e-02
2.499949e+01	1.053000e-02
2.522656e+01	1.052920e-02
2.545452e+01	1.053000e-02
2.568452e+01	1.052950e-02
2.591169e+01	1.052860e-02
2.613768e+01	1.052770e-02
2.636571e+01	1.052910e-02
2.659166e+01	1.052990e-02
2.681930e+01	1.053120e-02
2.704875e+01	1.053150e-02
2.727380e+01	1.053270e-02
2.752187e+01	1.053290e-02
2.776549e+01	1.053260e-02
2.798881e+01	1.053180e-02
2.821483e+01	1.053020e-02
2.844146e+01	1.053200e-02
2.867220e+01	1.053290e-02
2.889935e+01	1.053350e-02
2.912984e+01	1.053420e-02
2.935885e+01	1.053200e-02
2.958438e+01	1.053490e-02
2.981316e+01	1.056130e-02
3.004091e+01	1.082870e-02
3.027145e+01	1.105950e-02
3.049750e+01	1.124140e-02
3.076424e+01	1.139780e-02
3.099066e+01	1.153660e-02
3.121774e+01	1.161710e-02
3.144291e+01	1.166110e-02
3.167026e+01	1.169210e-02
3.189920e+01	1.171650e-02
3.212910e+01	1.173410e-02
3.235959e+01	1.175790e-02
3.260300e+01	1.177790e-02
3.282767e+01	1.178630e-02
3.305639e+01	1.179490e-02
3.328216e+01	1.180590e-02
3.350988e+01	1.181650e-02
3.373290e+01	1.182360e-02
3.395881e+01	1.182530e-02
3.418177e+01	1.183070e-02
3.440879e+01	1.183820e-02
3.463735e+01	1.184000e-02
3.486335e+01	1.184200e-02
3.509072e+01	1.184730e-02
3.531662e+01	1.184970e-02
3.555977e+01	1.185280e-02
3.578441e+01	1.185690e-02
3.600952e+01	1.185680e-02
3.623969e+01	1.185680e-02
3.646296e+01	1.185760e-02
3.669111e+01	1.186130e-02
3.691619e+01	1.186040e-02
3.714282e+01	1.186430e-02
3.736807e+01	1.186620e-02
3.759093e+01	1.186910e-02
3.782206e+01	1.186580e-02
3.805012e+01	1.186730e-02
3.827613e+01	1.186820e-02
3.850184e+01	1.186710e-02
3.872575e+01	1.186780e-02
3.895084e+01	1.186370e-02
3.917960e+01	1.186570e-02
3.940567e+01	1.186290e-02
3.966991e+01	1.186540e-02
3.991535e+01	1.186940e-02
4.013953e+01	1.186770e-02
4.036552e+01	1.186620e-02
4.061091e+01	1.186790e-02
4.085516e+01	1.187430e-02
4.107889e+01	1.187330e-02
4.130473e+01	1.187320e-02
4.153265e+01	1.187160e-02
4.176146e+01	1.187030e-02
4.198795e+01	1.187100e-02
4.221294e+01	1.187070e-02
4.243804e+01	1.187020e-02
4.266184e+01	1.186980e-02
4.288843e+01	1.186990e-02
4.311420e+01	1.187360e-02
4.334368e+01	1.187000e-02
4.357198e+01	1.187390e-02
4.379831e+01	1.186930e-02
4.402584e+01	1.186730e-02
4.425341e+01	1.186820e-02
4.447860e+01	1.186960e-02
4.470449e+01	1.186880e-02
4.493574e+01	1.186880e-02
4.516460e+01	1.186840e-02
4.539038e+01	1.187000e-02
4.561570e+01	1.187190e-02
4.588226e+01	1.186970e-02
4.611369e+01	1.186910e-02
4.633751e+01	1.186660e-02
4.656374e+01	1.186880e-02
4.680817e+01	1.186860e-02
4.705229e+01	1.187010e-02
4.727599e+01	1.187130e-02
4.750117e+01	1.187370e-02
4.774703e+01	1.187240e-02
4.797081e+01	1.186830e-02
4.819716e+01	1.187080e-02
4.842136e+01	1.187480e-02
4.865259e+01	1.187100e-02
4.888357e+01	1.187140e-02
4.910710e+01	1.186700e-02
4.933261e+01	1.187030e-02
4.955748e+01	1.187320e-02
4.980020e+01	1.187270e-02
5.002438e+01	1.187130e-02
5.025081e+01	1.187100e-02
5.048268e+01	1.186420e-02
5.070998e+01	1.186710e-02
5.094045e+01	1.186710e-02
5.116739e+01	1.187080e-02
5.139222e+01	1.186800e-02
5.161720e+01	1.186610e-02
5.184524e+01	1.186930e-02
5.207286e+01	1.186930e-02
5.229871e+01	1.187020e-02
5.252641e+01	1.187040e-02
5.275550e+01	1.186800e-02
5.298267e+01	1.186930e-02
5.321156e+01	1.187080e-02
5.343875e+01	1.187320e-02
5.366578e+01	1.187000e-02
5.389594e+01	1.187270e-02
5.412139e+01	1.186880e-02
5.434821e+01	1.186650e-02
5.457394e+01	1.186490e-02
5.481787e+01	1.186710e-02
5.504371e+01	1.186920e-02
5.526871e+01	1.186640e-02
5.549370e+01	1.186810e-02
5.571822e+01	1.186520e-02
5.594371e+01	1.186770e-02
5.617256e+01	1.186640e-02
5.639576e+01	1.186870e-02
5.662266e+01	1.186210e-02
5.686979e+01	1.186160e-02
5.709416e+01	1.185630e-02
5.731970e+01	1.185740e-02
5.754747e+01	1.185850e-02
5.777714e+01	1.185990e-02
5.801481e+01	1.185790e-02
5.823824e+01	1.185970e-02
5.846407e+01	1.186290e-02
5.869053e+01	1.186060e-02
5.891636e+01	1.186490e-02
5.914557e+01	1.186560e-02
5.937301e+01	1.186560e-02
5.959800e+01	1.186480e-02
5.982571e+01	1.186220e-02
6.004919e+01	1.186180e-02
6.027880e+01	1.185810e-02
6.050283e+01	1.186170e-02
6.073179e+01	1.185700e-02
6.099721e+01	1.185950e-02
6.122258e+01	1.185970e-02
6.145035e+01	1.185830e-02
6.168349e+01	1.185490e-02
6.190642e+01	1.185670e-02
6.213166e+01	1.185900e-02
6.236247e+01	1.185610e-02
6.258541e+01	1.185850e-02
6.281237e+01	1.185630e-02
6.304079e+01	1.185910e-02
6.326670e+01	1.185960e-02
6.349636e+01	1.186300e-02
6.372245e+01	1.185930e-02
6.396968e+01	1.185800e-02
6.419381e+01	1.186090e-02
6.442000e+01	1.185890e-02
6.464600e+01	1.185850e-02
6.487039e+01	1.185610e-02
6.509536e+01	1.185630e-02
6.532084e+01	1.185220e-02
6.555243e+01	1.185140e-02
6.578173e+01	1.185310e-02
6.600731e+01	1.185320e-02
6.623513e+01	1.185900e-02
6.646366e+01	1.185690e-02
6.669364e+01	1.185430e-02
6.691890e+01	1.185460e-02
6.715081e+01	1.185390e-02
6.737498e+01	1.185180e-02
6.760307e+01	1.185710e-02
6.783285e+01	1.185670e-02
6.805844e+01	1.185850e-02
6.828423e+01	1.185640e-02
6.851015e+01	1.185640e-02
6.873856e+01	1.185340e-02
6.896580e+01	1.185570e-02
6.919325e+01	1.184940e-02
6.942086e+01	1.185330e-02
6.964625e+01	1.185720e-02
6.987750e+01	1.185580e-02
7.010138e+01	1.185620e-02
7.033088e+01	1.185990e-02
7.055522e+01	1.185650e-02
7.078374e+01	1.185500e-02
7.101002e+01	1.185960e-02
7.123916e+01	1.185910e-02
7.147015e+01	1.185950e-02
7.171403e+01	1.185600e-02
7.193853e+01	1.185740e-02
7.216808e+01	1.185650e-02
7.239972e+01	1.185610e-02
7.262567e+01	1.185320e-02
7.285567e+01	1.185380e-02
7.308461e+01	1.185530e-02
7.331873e+01	1.185670e-02
7.354332e+01	1.185090e-02
7.377258e+01	1.185100e-02
7.399988e+01	1.185290e-02
7.422569e+01	1.185230e-02
7.445067e+01	1.185220e-02
7.468205e+01	1.185270e-02
7.491098e+01	1.185700e-02
7.515680e+01	1.185540e-02
7.538573e+01	1.185150e-02
7.561223e+01	1.185120e-02
7.584067e+01	1.185210e-02
7.610699e+01	1.185220e-02
7.633200e+01	1.185380e-02
7.655839e+01	1.185360e-02
7.678427e+01	1.185450e-02
7.701134e+01	1.185670e-02
7.723702e+01	1.185330e-02
7.746141e+01	1.185500e-02
7.768883e+01	1.185600e-02
7.791975e+01	1.185770e-02
7.816442e+01	1.185460e-02
7.838863e+01	1.186020e-02
7.861429e+01	1.185700e-02
7.884633e+01	1.185900e-02
7.907620e+01	1.185760e-02
7.930461e+01	1.184990e-02
7.953103e+01	1.185720e-02
7.975734e+01	1.185520e-02
7.998769e+01	1.185410e-02
8.021674e+01	1.185690e-02
8.044261e+01	1.185850e-02
8.066835e+01	1.185590e-02
8.089403e+01	1.185600e-02
8.113852e+01	1.185450e-02
8.136326e+01	1.185450e-02
8.159405e+01	1.186120e-02
8.181668e+01	1.185950e-02
8.204439e+01	1.185740e-02
8.227188e+01	1.185910e-02
8.250122e+01	1.185800e-02
8.272870e+01	1.185700e-02
8.295781e+01	1.185510e-02
8.318273e+01	1.185500e-02
8.342125e+01	1.185360e-02
8.364470e+01	1.185330e-02
8.387200e+01	1.185040e-02
8.409735e+01	1.185020e-02
8.432483e+01	1.185550e-02
8.454947e+01	1.185160e-02
8.477965e+01	1.184920e-02
8.500774e+01	1.184950e-02
8.523768e+01	1.185150e-02
8.547100e+01	1.185660e-02
8.569475e+01	1.185080e-02
8.592011e+01	1.185050e-02
8.614563e+01	1.185080e-02
8.636893e+01	1.185290e-02
8.660040e+01	1.185310e-02
8.682490e+01	1.185320e-02
8.705030e+01	1.185360e-02
8.729693e+01	1.185500e-02
8.752051e+01	1.185620e-02
8.774713e+01	1.185320e-02
8.797468e+01	1.185680e-02
8.819971e+01	1.185660e-02
8.842550e+01	1.185300e-02
8.865265e+01	1.184940e-02
8.887978e+01	1.185790e-02
8.910503e+01	1.185640e-02
8.935514e+01	1.185520e-02
8.957970e+01	1.185570e-02
8.980557e+01	1.185600e-02
9.003318e+01	1.185640e-02
9.026248e+01	1.185440e-02
9.048817e+01	1.185410e-02
9.071342e+01	1.185990e-02
9.093901e+01	1.185590e-02
9.120621e+01	1.185840e-02
9.143281e+01	1.186040e-02
9.165825e+01	1.185760e-02
9.188369e+01	1.185760e-02
9.210836e+01	1.185540e-02
9.233447e+01	1.185450e-02
9.255772e+01	1.185050e-02
9.278288e+01	1.185170e-02
9.300872e+01	1.185410e-02
9.323230e+01	1.185510e-02
9.346032e+01	1.185250e-02
9.368895e+01	1.185200e-02
9.391672e+01	1.185240e-02
9.414253e+01	1.185390e-02
9.436579e+01	1.185530e-02
9.459078e+01	1.185200e-02
9.481867e+01	1.185170e-02
9.504765e+01	1.185520e-02
9.527384e+01	1.185570e-02
9.550061e+01	1.185580e-02
9.572689e+01	1.185270e-02
9.595567e+01	1.185880e-02
9.618510e+01	1.185590e-02
9.643200e+01	1.185320e-02
9.665516e+01	1.185670e-02
9.688009e+01	1.185490e-02
9.710729e+01	1.185110e-02
9.733087e+01	1.184920e-02
9.755716e+01	1.185380e-02
9.778532e+01	1.185480e-02
9.801727e+01	1.185270e-02
9.824265e+01	1.185270e-02
9.847075e+01	1.185240e-02
9.869958e+01	1.184730e-02
9.892541e+01	1.184560e-02
9.915014e+01	1.184790e-02
9.937940e+01	1.184650e-02
9.960789e+01	1.184780e-02
9.983696e+01	1.184770e-02
1.000625e+02	1.184720e-02
1.002937e+02	1.184490e-02
1.005176e+02	1.184470e-02
1.007444e+02	1.184550e-02
1.009730e+02	1.184360e-02
1.012009e+02	1.184520e-02
1.014296e+02	1.184470e-02
1.016585e+02	1.184480e-02
1.018838e+02	1.184430e-02
1.021109e+02	1.184290e-02
1.023392e+02	1.184230e-02
1.025655e+02	1.183960e-02
1.027946e+02	1.184140e-02
1.030188e+02	1.184420e-02
1.032491e+02	1.184410e-02
1.034943e+02	1.184120e-02
1.037218e+02	1.184210e-02
1.039500e+02	1.184020e-02
1.041728e+02	1.184610e-02
1.043984e+02	1.184410e-02
1.046232e+02	1.184320e-02
1.048510e+02	1.184250e-02
1.050825e+02	1.184030e-02
1.053059e+02	1.184250e-02
1.055521e+02	1.184530e-02
1.057774e+02	1.184590e-02
1.060020e+02	1.184580e-02
1.062667e+02	1.184710e-02
1.064930e+02	1.184650e-02
1.067207e+02	1.184640e-02
1.069460e+02	1.184780e-02
1.071748e+02	1.184970e-02
1.074037e+02	1.184880e-02
1.076296e+02	1.184960e-02
1.078577e+02	1.184990e-02
1.080896e+02	1.184930e-02
1.083185e+02	1.184940e-02
1.085445e+02	1.184910e-02
1.087714e+02	1.184940e-02
1.089976e+02	1.185490e-02
1.092208e+02	1.185300e-02
1.094488e+02	1.185640e-02
1.096945e+02	1.185670e-02
1.099185e+02	1.185230e-02
1.101460e+02	1.184930e-02
1.103794e+02	1.184870e-02
1.106037e+02	1.184970e-02
1.108318e+02	1.184940e-02
1.110583e+02	1.184900e-02
1.112844e+02	1.184660e-02
1.115097e+02	1.185010e-02
1.117398e+02	1.184900e-02
1.119654e+02	1.185230e-02
1.121920e+02	1.185050e-02
1.124177e+02	1.185190e-02
1.126465e+02	1.185200e-02
1.128711e+02	1.184910e-02
1.130983e+02	1.185090e-02
1.133245e+02	1.184840e-02
1.135501e+02	1.184700e-02
1.137758e+02	1.184750e-02
1.140028e+02	1.184820e-02
1.142299e+02	1.184970e-02
1.144569e+02	1.185140e-02
1.146887e+02	1.184800e-02
1.149133e+02	1.185050e-02
1.151385e+02	1.185130e-02
1.153632e+02	1.185120e-02
1.155970e+02	1.185320e-02
1.158384e+02	1.185200e-02
1.160637e+02	1.185150e-02
1.162924e+02	1.185320e-02
1.165178e+02	1.185060e-02
1.167451e+02	1.185360e-02
1.169708e+02	1.185150e-02
1.171971e+02	1.185180e-02
1.174239e+02	1.185140e-02
1.176737e+02	1.185160e-02
1.178988e+02	1.184560e-02
1.181243e+02	1.184740e-02
1.183508e+02	1.184540e-02
1.185767e+02	1.185130e-02
1.188153e+02	1.184960e-02
1.190382e+02	1.184420e-02
1.192639e+02	1.184740e-02
1.194889e+02	1.184660e-02
1.197228e+02	1.185020e-02
1.199512e+02	1.185420e-02
1.201788e+02	1.185420e-02
1.204037e+02	1.184870e-02
1.206289e+02	1.184670e-02
1.208597e+02	1.184870e-02
1.210861e+02	1.185190e-02
1.213548e+02	1.185340e-02
1.215828e+02	1.184950e-02
1.218160e+02	1.185530e-02
1.220394e+02	1.185540e-02
1.222647e+02	1.185690e-02
1.224922e+02	1.185340e-02
1.227185e+02	1.185070e-02
1.229447e+02	1.185110e-02
1.231715e+02	1.185160e-02
1.233968e+02	1.185220e-02
1.236224e+02	1.185110e-02
1.238523e+02	1.185400e-02
1.240777e+02	1.185660e-02
1.243050e+02	1.185370e-02
1.245343e+02	1.185090e-02
1.248060e+02	1.185190e-02
1.250301e+02	1.185030e-02
1.252548e+02	1.185100e-02
1.254828e+02	1.185070e-02
1.257126e+02	1.184830e-02
1.259364e+02	1.184880e-02
1.261653e+02	1.184960e-02
1.263895e+02	1.185170e-02
1.266338e+02	1.185120e-02
1.268632e+02	1.185210e-02
1.270900e+02	1.184940e-02
1.273215e+02	1.184620e-02
1.275469e+02	1.184690e-02
1.277781e+02	1.184420e-02
1.280008e+02	1.184280e-02
1.282278e+02	1.184630e-02
1.284530e+02	1.184560e-02
1.286827e+02	1.184400e-02
1.289120e+02	1.184640e-02
1.291376e+02	1.184860e-02
1.293807e+02	1.184920e-02
1.296066e+02	1.185210e-02
1.298321e+02	1.184860e-02
1.300583e+02	1.185170e-02
1.302919e+02	1.184830e-02
1.305161e+02	1.184850e-02
1.307456e+02	1.184780e-02
1.309759e+02	1.184740e-02
1.312017e+02	1.184730e-02
1.314276e+02	1.184700e-02
1.316520e+02	1.184390e-02
1.319220e+02	1.184460e-02
1.321477e+02	1.184120e-02
1.323727e+02	1.184110e-02
1.326008e+02	1.184290e-02
1.328319e+02	1.184490e-02
1.330569e+02	1.184160e-02
1.332822e+02	1.184450e-02
1.335089e+02	1.184620e-02
1.337375e+02	1.184830e-02
1.339689e+02	1.184870e-02
1.341920e+02	1.184500e-02
1.344167e+02	1.184480e-02
1.346480e+02	1.184550e-02
1.348722e+02	1.184630e-02
1.351000e+02	1.184270e-02
1.353248e+02	1.184270e-02
1.355495e+02	1.184090e-02
1.357747e+02	1.184230e-02
1.359995e+02	1.184140e-02
1.362474e+02	1.184120e-02
1.365122e+02	1.184270e-02
1.367395e+02	1.184370e-02
1.369839e+02	1.184450e-02
1.372086e+02	1.184320e-02
1.374358e+02	1.184490e-02
1.376609e+02	1.184600e-02
1.378863e+02	1.184320e-02
1.381195e+02	1.184280e-02
1.383454e+02	1.184260e-02
1.385736e+02	1.184360e-02
1.388035e+02	1.184370e-02
1.390347e+02	1.184350e-02
1.392587e+02	1.184480e-02
1.394838e+02	1.185000e-02
1.397283e+02	1.184830e-02
1.399526e+02	1.184740e-02
1.401834e+02	1.184570e-02
1.404076e+02	1.184620e-02
1.406354e+02	1.184740e-02
1.408613e+02	1.184920e-02
1.410851e+02	1.185040e-02
1.413157e+02	1.185030e-02
1.415446e+02	1.185210e-02
1.417692e+02	1.185360e-02
1.419958e+02	1.184960e-02
1.422300e+02	1.185180e-02
1.424569e+02	1.185550e-02
1.426850e+02	1.185440e-02
1.429107e+02	1.185460e-02
1.431354e+02	1.185410e-02
1.433618e+02	1.185290e-02
1.436067e+02	1.185050e-02
1.438297e+02	1.185290e-02
1.440596e+02	1.184750e-02
1.442874e+02	1.184850e-02
1.445141e+02	1.184730e-02
1.447407e+02	1.184840e-02
1.449663e+02	1.185050e-02
1.451930e+02	1.185120e-02
1.454182e+02	1.185040e-02
1.456449e+02	1.184630e-02
1.458894e+02	1.184740e-02
1.461335e+02	1.184790e-02
1.463773e+02	1.184480e-02
1.466008e+02	1.185040e-02
1.468318e+02	1.184610e-02
1.470567e+02	1.184400e-02
1.472840e+02	1.184340e-02
1.475146e+02	1.184440e-02
1.477397e+02	1.184410e-02
1.479650e+02	1.184740e-02
1.481897e+02	1.184960e-02
1.484165e+02	1.184750e-02
1.486459e+02	1.184760e-02
1.488744e+02	1.184780e-02
1.490994e+02	1.184180e-02
1.493260e+02	1.184780e-02
1.495567e+02	1.184720e-02
1.497875e+02	1.184570e-02
1.500108e+02	1.184650e-02
1.502403e+02	1.184450e-02
1.504662e+02	1.184740e-02
1.506944e+02	1.184690e-02
1.509214e+02	1.184430e-02
1.511486e+02	1.184740e-02
1.513755e+02	1.184720e-02
1.516460e+02	1.184410e-02
1.518717e+02	1.184610e-02
1.521003e+02	1.184710e-02
1.523334e+02	1.184450e-02
1.525587e+02	1.184040e-02
1.527834e+02	1.184970e-02
1.530167e+02	1.184970e-02
1.532476e+02	1.184770e-02
1.534702e+02	1.184650e-02
1.536978e+02	1.185100e-02
1.539255e+02	1.184460e-02
1.541514e+02	1.183940e-02
1.543858e+02	1.183860e-02
1.546111e+02	1.184720e-02
1.548386e+02	1.184660e-02
1.550652e+02	1.184920e-02
1.552907e+02	1.184930e-02
1.555159e+02	1.184740e-02
1.557471e+02	1.184600e-02
1.559717e+02	1.184520e-02
1.561996e+02	1.184790e-02
1.564266e+02	1.184740e-02
1.566565e+02	1.184600e-02
1.568801e+02	1.184750e-02
1.571065e+02	1.184850e-02
1.573311e+02	1.184820e-02
1.575596e+02	1.184910e-02
1.577877e+02	1.185000e-02
1.580151e+02	1.185130e-02
1.582446e+02	1.185400e-02
1.584722e+02	1.185490e-02
1.587008e+02	1.185560e-02
1.589261e+02	1.185640e-02
1.591587e+02	1.185770e-02
1.593869e+02	1.185650e-02
1.596132e+02	1.185590e-02
1.598380e+02	1.185570e-02
1.600654e+02	1.185490e-02
1.602965e+02	1.185500e-02
1.605223e+02	1.185140e-02
1.607901e+02	1.184810e-02
1.610131e+02	1.184900e-02
1.612389e+02	1.185030e-02
1.614856e+02	1.184830e-02
1.617112e+02	1.185280e-02
1.619381e+02	1.185250e-02
1.621841e+02	1.184850e-02
1.624277e+02	1.184750e-02
1.626517e+02	1.184910e-02
1.628803e+02	1.184520e-02
1.631047e+02	1.184980e-02
1.633317e+02	1.184440e-02
1.635641e+02	1.184490e-02
1.637890e+02	1.184870e-02
1.640159e+02	1.185230e-02
1.642416e+02	1.185070e-02
1.644727e+02	1.184860e-02
1.646981e+02	1.185100e-02
1.649232e+02	1.184950e-02
1.651508e+02	1.184890e-02
1.653777e+02	1.184860e-02
1.656047e+02	1.184650e-02
1.658349e+02	1.184830e-02
1.660588e+02	1.184700e-02
1.662861e+02	1.184790e-02
1.665152e+02	1.184820e-02
1.667826e+02	1.184660e-02
1.670087e+02	1.184740e-02
1.672366e+02	1.184500e-02
1.674648e+02	1.184580e-02
1.676960e+02	1.184750e-02
1.679224e+02	1.184410e-02
1.681499e+02	1.184340e-02
1.683827e+02	1.184240e-02
1.686147e+02	1.184340e-02
1.688577e+02	1.184050e-02
1.690826e+02	1.184060e-02
1.693109e+02	1.184200e-02
1.695374e+02	1.183960e-02
1.697647e+02	1.184280e-02
1.700003e+02	1.183840e-02
1.702247e+02	1.183940e-02
1.704504e+02	1.184070e-02
1.706756e+02	1.184000e-02
1.709058e+02	1.184040e-02
1.711364e+02	1.184100e-02
1.713600e+02	1.184130e-02
1.715871e+02	1.183880e-02
1.718168e+02	1.183740e-02
1.720424e+02	1.183690e-02
1.722667e+02	1.184040e-02
1.724966e+02	1.184110e-02
1.727244e+02	1.184070e-02
1.729557e+02	1.184210e-02
1.731807e+02	1.184480e-02
1.734078e+02	1.184380e-02
1.736344e+02	1.184270e-02
1.738606e+02	1.184120e-02
1.740890e+02	1.184300e-02
1.743169e+02	1.184210e-02
1.745454e+02	1.184200e-02
1.747711e+02	1.184010e-02
1.749966e+02	1.184250e-02
1.752218e+02	1.183870e-02
1.754468e+02	1.183890e-02
1.756755e+02	1.183920e-02
1.759044e+02	1.183700e-02
1.761319e+02	1.183490e-02
1.763577e+02	1.183380e-02
1.765854e+02	1.183450e-02
1.768129e+02	1.183770e-02
1.770380e+02	1.183600e-02
1.772629e+02	1.183740e-02
1.774935e+02	1.183630e-02
1.777187e+02	1.183670e-02
1.779468e+02	1.183580e-02
1.781732e+02	1.183920e-02
1.784005e+02	1.183900e-02
1.786327e+02	1.183400e-02
1.788568e+02	1.184100e-02
1.790834e+02	1.184160e-02
1.793094e+02	1.184340e-02
1.795368e+02	1.184230e-02
1.797679e+02	1.184000e-02
1.799919e+02	1.184160e-02
1.802194e+02	1.184370e-02
1.804452e+02	1.184370e-02
1.806685e+02	1.184700e-02
1.809033e+02	1.184550e-02
1.811305e+02	1.184950e-02
1.813557e+02	1.185350e-02
1.815802e+02	1.185310e-02
1.818472e+02	1.185140e-02
1.820737e+02	1.185000e-02
1.822996e+02	1.184960e-02
1.825267e+02	1.185140e-02
1.827596e+02	1.184760e-02
1.829823e+02	1.184670e-02
1.832086e+02	1.184800e-02
1.834351e+02	1.184760e-02
1.836611e+02	1.185210e-02
1.838878e+02	1.185160e-02
1.841151e+02	1.184630e-02
1.843407e+02	1.184480e-02
1.845655e+02	1.184640e-02
1.847909e+02	1.184560e-02
1.850177e+02	1.184740e-02
1.852426e+02	1.184330e-02
1.854705e+02	1.184290e-02
1.857210e+02	1.184110e-02
1.859458e+02	1.184230e-02
1.861714e+02	1.184270e-02
1.863974e+02	1.184360e-02
1.866224e+02	1.184560e-02
1.868572e+02	1.184770e-02
1.870802e+02	1.184870e-02
1.873064e+02	1.184910e-02
1.875318e+02	1.184660e-02
1.877579e+02	1.184960e-02
1.879832e+02	1.184530e-02
1.882137e+02	1.184600e-02
1.884397e+02	1.184520e-02
1.886653e+02	1.184570e-02
1.889069e+02	1.184740e-02
1.891301e+02	1.184400e-02
1.893554e+02	1.184580e-02
1.895812e+02	1.184310e-02
1.898092e+02	1.184680e-02
1.900337e+02	1.184570e-02
1.902646e+02	1.184970e-02
1.904880e+02	1.184670e-02
1.907127e+02	1.184880e-02
1.909439e+02	1.184720e-02
1.911709e+02	1.184590e-02
1.913974e+02	1.184660e-02
1.916249e+02	1.184570e-02
1.918616e+02	1.184360e-02
1.920865e+02	1.184540e-02
1.923172e+02	1.184730e-02
1.925412e+02	1.184460e-02
1.927722e+02	1.184350e-02
1.929998e+02	1.184330e-02
1.932288e+02	1.184250e-02
1.934546e+02	1.184380e-02
1.936812e+02	1.184660e-02
1.939138e+02	1.184510e-02
1.941423e+02	1.184460e-02
1.943672e+02	1.183970e-02
1.945940e+02	1.184410e-02
1.948211e+02	1.184310e-02
1.950502e+02	1.184320e-02
1.952791e+02	1.184120e-02
1.955073e+02	1.184450e-02
1.957329e+02	1.184250e-02
1.959558e+02	1.184730e-02
1.961823e+02	1.184680e-02
1.964098e+02	1.184740e-02
1.966393e+02	1.184830e-02
1.968638e+02	1.185280e-02
1.971306e+02	1.185670e-02
1.973612e+02	1.185540e-02
1.975882e+02	1.185470e-02
1.978164e+02	1.185260e-02
1.980421e+02	1.185180e-02
1.982677e+02	1.184860e-02
1.984943e+02	1.185260e-02
1.987257e+02	1.184740e-02
1.989526e+02	1.184700e-02
1.991784e+02	1.185290e-02
1.994043e+02	1.185440e-02
1.996290e+02	1.185050e-02
1.998540e+02	1.184970e-02
2.000801e+02	1.185070e-02
2.003098e+02	1.184970e-02
2.005352e+02	1.184750e-02
2.007659e+02	1.184580e-02
2.009896e+02	1.184540e-02
2.012167e+02	1.184880e-02
2.014438e+02	1.184880e-02
2.016724e+02	1.185070e-02
2.019022e+02	1.184980e-02
2.021307e+02	1.184740e-02
2.023560e+02	1.184720e-02
2.026029e+02	1.185130e-02
2.028251e+02	1.184820e-02
2.030528e+02	1.185080e-02
2.032820e+02	1.185090e-02
2.035076e+02	1.184830e-02
2.037338e+02	1.184870e-02
2.039818e+02	1.185150e-02
2.042053e+02	1.184490e-02
2.044321e+02	1.184630e-02
2.046590e+02	1.184610e-02
2.048821e+02	1.184600e-02
2.051079e+02	1.184830e-02
2.053349e+02	1.184730e-02
2.055640e+02	1.184460e-02
2.057927e+02	1.184370e-02
2.060211e+02	1.184270e-02
2.062487e+02	1.184230e-02
2.064781e+02	1.184580e-02
2.067032e+02	1.184340e-02
2.069292e+02	1.184570e-02
2.071535e+02	1.184360e-02
2.073825e+02	1.184050e-02
2.076090e+02	1.184240e-02
2.078350e+02	1.184540e-02
2.080605e+02	1.184820e-02
2.083053e+02	1.184920e-02
2.085290e+02	1.184790e-02
2.087556e+02	1.184480e-02
2.089854e+02	1.184330e-02
2.092131e+02	1.184410e-02
2.094402e+02	1.184770e-02
2.096718e+02	1.184450e-02
2.098969e+02	1.184690e-02
2.101259e+02	1.184410e-02
2.103527e+02	1.184810e-02
2.105803e+02	1.185010e-02
2.108074e+02	1.184480e-02
2.110415e+02	1.184320e-02
2.112643e+02	1.184310e-02
2.114916e+02	1.184320e-02
2.117192e+02	1.184260e-02
2.119448e+02	1.184460e-02
2.122124e+02	1.183980e-02
2.124396e+02	1.183840e-02
2.126651e+02	1.184090e-02
2.128910e+02	1.184210e-02
2.131173e+02	1.184110e-02
2.133478e+02	1.184040e-02
2.135764e+02	1.183970e-02
2.138037e+02	1.184140e-02
2.140288e+02	1.183950e-02
2.142564e+02	1.184080e-02
2.144820e+02	1.183990e-02
2.147075e+02	1.183780e-02
2.149339e+02	1.183660e-02
2.151649e+02	1.183740e-02
2.153871e+02	1.183840e-02
2.156334e+02	1.184060e-02
2.158574e+02	1.184220e-02
2.160826e+02	1.183690e-02
2.163088e+02	1.183640e-02
2.165356e+02	1.183650e-02
2.167603e+02	1.183790e-02
2.169883e+02	1.183930e-02
2.172141e+02	1.184030e-02
2.174428e+02	1.184100e-02
2.176685e+02	1.183870e-02
2.178958e+02	1.183970e-02
2.181438e+02	1.184310e-02
2.183751e+02	1.184150e-02
2.185994e+02	1.183790e-02
2.188272e+02	1.183900e-02
2.190514e+02	1.183940e-02
2.192919e+02	1.183550e-02
2.195171e+02	1.183630e-02
2.197446e+02	1.183660e-02
2.199716e+02	1.183580e-02
2.202025e+02	1.184190e-02
2.204296e+02	1.183870e-02
2.206564e+02	1.184000e-02
2.208822e+02	1.183900e-02
2.211071e+02	1.184440e-02
2.213357e+02	1.184550e-02
2.215623e+02	1.184140e-02
2.217915e+02	1.183780e-02
2.220158e+02	1.184020e-02
2.222477e+02	1.183710e-02
2.224707e+02	1.184400e-02
2.226957e+02	1.184320e-02
2.229266e+02	1.183580e-02
2.231528e+02	1.183990e-02
2.233806e+02	1.184170e-02
2.236086e+02	1.184210e-02
2.238337e+02	1.184010e-02
2.240585e+02	1.183900e-02
2.242876e+02	1.183870e-02
2.245142e+02	1.184180e-02
2.247408e+02	1.184280e-02
2.249697e+02	1.184390e-02
2.251941e+02	1.183950e-02
2.254251e+02	1.182410e-02
2.256480e+02	1.180650e-02
2.258750e+02	1.179230e-02
2.261016e+02	1.177790e-02
2.263266e+02	1.176510e-02
2.265539e+02	1.175430e-02
2.267798e+02	1.174480e-02
2.270058e+02	1.173170e-02
2.272940e+02	1.172280e-02
2.275218e+02	1.171400e-02
2.277475e+02	1.170450e-02
2.279792e+02	1.169510e-02
2.282034e+02	1.168650e-02
2.284302e+02	1.168280e-02
2.286559e+02	1.167060e-02
2.288842e+02	1.166410e-02
2.291100e+02	1.165730e-02
2.293411e+02	1.164750e-02
2.295637e+02	1.164150e-02
2.297897e+02	1.163640e-02
2.300177e+02	1.162950e-02
2.302478e+02	1.162320e-02
2.304787e+02	1.161270e-02
2.307132e+02	1.160860e-02
2.309376e+02	1.160020e-02
2.311670e+02	1.159330e-02
2.313937e+02	1.158750e-02
2.316205e+02	1.157920e-02
2.318478e+02	1.157440e-02
2.320796e+02	1.156980e-02
2.323268e+02	1.156170e-02
2.325550e+02	1.155350e-02
2.327813e+02	1.154980e-02
2.330066e+02	1.154450e-02
2.332321e+02	1.153830e-02
2.334769e+02	1.153040e-02
2.337012e+02	1.152520e-02
2.339272e+02	1.152020e-02
2.341517e+02	1.151300e-02
2.343769e+02	1.150900e-02
2.346068e+02	1.150130e-02
2.348375e+02	1.149500e-02
2.350612e+02	1.149230e-02
2.352902e+02	1.148300e-02
2.355246e+02	1.147830e-02
2.357482e+02	1.147270e-02
2.359741e+02	1.146670e-02
2.361994e+02	1.146170e-02
2.364306e+02	1.145650e-02
2.366537e+02	1.145460e-02
2.368804e+02	1.144690e-02
2.371061e+02	1.144110e-02
2.373333e+02	1.143690e-02
2.375690e+02	1.143370e-02
2.377933e+02	1.142440e-02
2.380194e+02	1.142140e-02
2.382524e+02	1.141620e-02
2.384772e+02	1.140970e-02
2.387047e+02	1.140850e-02
2.389330e+02	1.140210e-02
2.391606e+02	1.139640e-02
2.393870e+02	1.139290e-02
2.396174e+02	1.139100e-02
2.398437e+02	1.138570e-02
2.400694e+02	1.138340e-02
2.402926e+02	1.137610e-02
2.405185e+02	1.137050e-02
2.407477e+02	1.136740e-02
2.409739e+02	1.136210e-02
2.412003e+02	1.135630e-02
2.414257e+02	1.135130e-02
2.416579e+02	1.134710e-02
2.418816e+02	1.134280e-02
2.421070e+02	1.133560e-02
2.423746e+02	1.133230e-02
2.426017e+02	1.132730e-02
2.428331e+02	1.132070e-02
2.430625e+02	1.131870e-02
2.432888e+02	1.131390e-02
2.435147e+02	1.131170e-02
2.437443e+02	1.130760e-02
2.439743e+02	1.130220e-02
2.442018e+02	1.129770e-02
2.444269e+02	1.129410e-02
2.446539e+02	1.129020e-02
2.448802e+02	1.128610e-02
2.451065e+02	1.128160e-02
2.453364e+02	1.127790e-02
2.455651e+02	1.127290e-02
2.457912e+02	1.126780e-02
2.460181e+02	1.126770e-02
2.462438e+02	1.125920e-02
2.464736e+02	1.125650e-02
2.467022e+02	1.125300e-02
2.469304e+02	1.124980e-02
2.471581e+02	1.124380e-02
2.474031e+02	1.124040e-02
2.476287e+02	1.123580e-02
2.478542e+02	1.123140e-02
2.480827e+02	1.123070e-02
2.483122e+02	1.122720e-02
2.485398e+02	1.122130e-02
2.487746e+02	1.121980e-02
2.489981e+02	1.121730e-02
2.492223e+02	1.121610e-02
2.494504e+02	1.121390e-02
2.496962e+02	1.120940e-02
2.499198e+02	1.120470e-02
2.501473e+02	1.120000e-02
2.503817e+02	1.119780e-02
2.506063e+02	1.119420e-02
2.508367e+02	1.119090e-02
2.510643e+02	1.118910e-02
2.512935e+02	1.118650e-02
2.515187e+02	1.118210e-02
2.517459e+02	1.117720e-02
2.519745e+02	1.117670e-02
2.521994e+02	1.117250e-02
2.524276e+02	1.117010e-02
2.526748e+02	1.116770e-02
2.529053e+02	1.115900e-02
2.531313e+02	1.115760e-02
2.533569e+02	1.115690e-02
2.535846e+02	1.115150e-02
2.538211e+02	1.115190e-02
2.540469e+02	1.114760e-02
2.542750e+02	1.114520e-02
2.545216e+02	1.114410e-02
2.547449e+02	1.113910e-02
2.549716e+02	1.113450e-02
2.551991e+02	1.112940e-02
2.554258e+02	1.112830e-02
2.556539e+02	1.112540e-02
2.558828e+02	1.112340e-02
2.561099e+02	1.112140e-02
2.563404e+02	1.111900e-02
2.565687e+02	1.111260e-02
2.567933e+02	1.110970e-02
2.570211e+02	1.110900e-02
2.572464e+02	1.110360e-02
2.575140e+02	1.110320e-02
2.577423e+02	1.109900e-02
2.579773e+02	1.109730e-02
2.582015e+02	1.109340e-02
2.584302e+02	1.108950e-02
2.586575e+02	1.108450e-02
2.588878e+02	1.108430e-02
2.591132e+02	1.107990e-02
2.593436e+02	1.107760e-02
2.595664e+02	1.107560e-02
2.597973e+02	1.107250e-02
2.600218e+02	1.107010e-02
2.602673e+02	1.106900e-02
2.604929e+02	1.106910e-02
2.607239e+02	1.106760e-02
2.609634e+02	1.106330e-02
2.612089e+02	1.105720e-02
2.614524e+02	1.105330e-02
2.616762e+02	1.105130e-02
2.619017e+02	1.104990e-02
2.621315e+02	1.104830e-02
2.623590e+02	1.104770e-02
2.625870e+02	1.104270e-02
2.628353e+02	1.104190e-02
2.630589e+02	1.103870e-02
2.632846e+02	1.103810e-02
2.635155e+02	1.103720e-02
2.637396e+02	1.103240e-02
2.639697e+02	1.102960e-02
2.641960e+02	1.102650e-02
2.644239e+02	1.102380e-02
2.646535e+02	1.102030e-02
2.648815e+02	1.102050e-02
2.651086e+02	1.101530e-02
2.653335e+02	1.101430e-02
2.655641e+02	1.101340e-02
2.657924e+02	1.100970e-02
2.660236e+02	1.100860e-02
2.662497e+02	1.100670e-02
2.664741e+02	1.100420e-02
2.667050e+02	1.100330e-02
2.669291e+02	1.100170e-02
2.671551e+02	1.099850e-02
2.673827e+02	1.099300e-02
2.676121e+02	1.099440e-02
2.678426e+02	1.099470e-02
2.680866e+02	1.099170e-02
2.683110e+02	1.098740e-02
2.685384e+02	1.098500e-02
2.687679e+02	1.098360e-02
2.689992e+02	1.098290e-02
2.692230e+02	1.097900e-02
2.694517e+02	1.097840e-02
2.696807e+02	1.097640e-02
2.699071e+02	1.097740e-02
2.701367e+02	1.097330e-02
2.703681e+02	1.097000e-02
2.705918e+02	1.096840e-02
2.708197e+02	1.096520e-02
2.710477e+02	1.096240e-02
2.712772e+02	1.095970e-02
2.715078e+02	1.096050e-02
2.717327e+02	1.095470e-02
2.719810e+02	1.095580e-02
2.722047e+02	1.095530e-02
2.724317e+02	1.095160e-02
2.727044e+02	1.095220e-02
2.729285e+02	1.094860e-02
2.731583e+02	1.094640e-02
2.733826e+02	1.094740e-02
2.736112e+02	1.094520e-02
2.738387e+02	1.094190e-02
2.740640e+02	1.093840e-02
2.742907e+02	1.093670e-02
2.745216e+02	1.093760e-02
2.747462e+02	1.093490e-02
2.749749e+02	1.093430e-02
2.751991e+02	1.093580e-02
2.754277e+02	1.093090e-02
2.756735e+02	1.092800e-02
2.758979e+02	1.092410e-02
2.761239e+02	1.092290e-02
2.763524e+02	1.092280e-02
2.765807e+02	1.092130e-02
2.768087e+02	1.091680e-02
2.770395e+02	1.091640e-02
2.772630e+02	1.091370e-02
2.774900e+02	1.091210e-02
2.777178e+02	1.091150e-02
2.779613e+02	1.090990e-02
2.781868e+02	1.090850e-02
2.784139e+02	1.090740e-02
2.786405e+02	1.090670e-02
2.788686e+02	1.090380e-02
2.791141e+02	1.089890e-02
2.793386e+02	1.089870e-02
2.795674e+02	1.089710e-02
2.797966e+02	1.089650e-02
2.800245e+02	1.089750e-02
2.802587e+02	1.089520e-02
2.804820e+02	1.089380e-02
2.807086e+02	1.088970e-02
2.809362e+02	1.088630e-02
2.811649e+02	1.088600e-02
2.813937e+02	1.088520e-02
2.816187e+02	1.088240e-02
2.818463e+02	1.088150e-02
2.820769e+02	1.087940e-02
2.823076e+02	1.088070e-02
2.825310e+02	1.087950e-02
2.827605e+02	1.087720e-02
2.829916e+02	1.087610e-02
2.832147e+02	1.087490e-02
2.834399e+02	1.087100e-02
2.836897e+02	1.087230e-02
2.839136e+02	1.086790e-02
2.841588e+02	1.086740e-02
2.844029e+02	1.086780e-02
2.846281e+02	1.086620e-02
2.848538e+02	1.086340e-02
2.850808e+02	1.086280e-02
2.853140e+02	1.085900e-02
2.855374e+02	1.086030e-02
2.857648e+02	1.085890e-02
2.859902e+02	1.085730e-02
2.862160e+02	1.085520e-02
2.864469e+02	1.085340e-02
2.866725e+02	1.085440e-02
2.925277e+02	1.082210e-02
2.927581e+02	1.082160e-02
2.929964e+02	1.082010e-02
2.932405e+02	1.081860e-02
2.934855e+02	1.081600e-02
2.937098e+02	1.081470e-02
2.939377e+02	1.081580e-02
2.941659e+02	1.081250e-02
2.943935e+02	1.081360e-02
2.946238e+02	1.081300e-02
2.948570e+02	1.080830e-02
2.950848e+02	1.080760e-02
2.953147e+02	1.080660e-02
2.955424e+02	1.080770e-02
2.957725e+02	1.080520e-02
2.959985e+02	1.080470e-02
2.962289e+02	1.080520e-02
2.964544e+02	1.080330e-02
2.966792e+02	1.080340e-02
2.969105e+02	1.080230e-02
2.971350e+02	1.080090e-02
2.973656e+02	1.079910e-02
2.975893e+02	1.079820e-02
2.978178e+02	1.079590e-02
2.980436e+02	1.079240e-02
2.982725e+02	1.079580e-02
2.985038e+02	1.079160e-02
2.987292e+02	1.079180e-02
2.989621e+02	1.079200e-02
2.991859e+02	1.079060e-02
2.994125e+02	1.079090e-02
2.996394e+02	1.078770e-02
2.998693e+02	1.078690e-02
3.000959e+02	1.078830e-02
3.003205e+02	1.078380e-02
3.005568e+02	1.078560e-02
3.007808e+02	1.078370e-02
3.010062e+02	1.078400e-02
3.012325e+02	1.078450e-02
3.014596e+02	1.077960e-02
3.016903e+02	1.078270e-02
3.019131e+02	1.078160e-02
3.021412e+02	1.077870e-02
3.023671e+02	1.077550e-02
3.025956e+02	1.077680e-02
3.028281e+02	1.077650e-02
3.030510e+02	1.077470e-02
3.032787e+02	1.077440e-02
3.035068e+02	1.077230e-02
3.037372e+02	1.077250e-02
3.039608e+02	1.077050e-02
3.041883e+02	1.076840e-02
3.044154e+02	1.076830e-02
3.046421e+02	1.076720e-02
3.048747e+02	1.076760e-02
3.051013e+02	1.076520e-02
3.053280e+02	1.076430e-02
3.055612e+02	1.076560e-02
3.057857e+02	1.076270e-02
3.060141e+02	1.076380e-02
3.062404e+02	1.076180e-02
3.064655e+02	1.076160e-02
3.066970e+02	1.075950e-02
3.069216e+02	1.075880e-02
3.071496e+02	1.076070e-02
3.073766e+02	1.075910e-02
3.076463e+02	1.075880e-02
3.078727e+02	1.075840e-02
3.081011e+02	1.075250e-02
3.083279e+02	1.075200e-02
3.085601e+02	1.075340e-02
3.087845e+02	1.075080e-02
3.090136e+02	1.075260e-02
3.092399e+02	1.075180e-02
3.094677e+02	1.074940e-02
3.096973e+02	1.074950e-02
3.099277e+02	1.074730e-02
3.101526e+02	1.074840e-02
3.103776e+02	1.074760e-02
3.106055e+02	1.074720e-02
3.108346e+02	1.074610e-02
3.110610e+02	1.074830e-02
3.112866e+02	1.074760e-02
3.115177e+02	1.074730e-02
3.117412e+02	1.074510e-02
3.119687e+02	1.074500e-02
3.121946e+02	1.074200e-02
3.124206e+02	1.074270e-02
3.126457e+02	1.074260e-02
3.128766e+02	1.074010e-02
3.131025e+02	1.074120e-02
3.133301e+02	1.074270e-02
3.135770e+02	1.074370e-02
3.138083e+02	1.074180e-02
3.140337e+02	1.074080e-02
3.142588e+02	1.073910e-02
3.144866e+02	1.073470e-02
3.147217e+02	1.073660e-02
3.149465e+02	1.073610e-02
3.151718e+02	1.073780e-02
3.153970e+02	1.073580e-02
3.156277e+02	1.073700e-02
3.158526e+02	1.073400e-02
3.160802e+02	1.073570e-02
3.163076e+02	1.073390e-02
3.165377e+02	1.073250e-02
3.167742e+02	1.073170e-02
3.169996e+02	1.073160e-02
3.172268e+02	1.073100e-02
3.174576e+02	1.073210e-02
3.176851e+02	1.073240e-02
3.179205e+02	1.072960e-02
3.181450e+02	1.072840e-02
3.183756e+02	1.072920e-02
3.185997e+02	1.072950e-02
3.188265e+02	1.072880e-02
3.190504e+02	1.072920e-02
3.192767e+02	1.072740e-02
3.195006e+02	1.072640e-02
3.197254e+02	1.072530e-02
3.199492e+02	1.072480e-02
3.201735e+02	1.072350e-02
3.203973e+02	1.072180e-02
3.206218e+02	1.072260e-02
3.208461e+02	1.071970e-02
3.210720e+02	1.072300e-02
3.212985e+02	1.072160e-02
3.215248e+02	1.072050e-02
3.217505e+02	1.072070e-02
3.219755e+02	1.071870e-02
3.221994e+02	1.071820e-02
3.224259e+02	1.071800e-02
3.226516e+02	1.071620e-02
3.229178e+02	1.071770e-02
3.231441e+02	1.071780e-02
3.233707e+02	1.071290e-02
3.235946e+02	1.071320e-02
3.238183e+02	1.071070e-02
3.240496e+02	1.071130e-02
3.242745e+02	1.071210e-02
3.245003e+02	1.071120e-02
3.247267e+02	1.071320e-02
3.249506e+02	1.071420e-02
3.251758e+02	1.071070e-02
3.253996e+02	1.071050e-02
3.256243e+02	1.070940e-02
3.258474e+02	1.070720e-02
3.260724e+02	1.070570e-02
3.262967e+02	1.070850e-02
3.265226e+02	1.070770e-02
3.267475e+02	1.070810e-02
3.269716e+02	1.070610e-02
3.271964e+02	1.070870e-02
3.274205e+02	1.070650e-02
3.276446e+02	1.070520e-02
3.278735e+02	1.070700e-02
3.280968e+02	1.070420e-02
3.283224e+02	1.070520e-02
3.285487e+02	1.070410e-02
3.287738e+02	1.070280e-02
3.289996e+02	1.070240e-02
3.292244e+02	1.070010e-02
3.294504e+02	1.070150e-02
3.296767e+02	1.070160e-02
3.299006e+02	1.070010e-02
3.301270e+02	1.070150e-02
3.303507e+02	1.070000e-02
3.305748e+02	1.069950e-02
3.308005e+02	1.069400e-02
3.310273e+02	1.069360e-02
3.312537e+02	1.069300e-02
3.314783e+02	1.069670e-02
3.317058e+02	1.069710e-02
3.319324e+02	1.069440e-02
3.321574e+02	1.069480e-02
3.323834e+02	1.069310e-02
3.326095e+02	1.069110e-02
3.328353e+02	1.069360e-02
3.330603e+02	1.069260e-02
3.332842e+02	1.069100e-02
3.335091e+02	1.068950e-02
3.337347e+02	1.068960e-02
3.339621e+02	1.068730e-02
3.341881e+02	1.068790e-02
3.344148e+02	1.069140e-02
3.346397e+02	1.068840e-02
3.348639e+02	1.068730e-02
3.350879e+02	1.068810e-02
3.353140e+02	1.068660e-02
3.355382e+02	1.068370e-02
3.357639e+02	1.068490e-02
3.359908e+02	1.068590e-02
3.362160e+02	1.068440e-02
3.364422e+02	1.068560e-02
3.366676e+02	1.068540e-02
3.368948e+02	1.068300e-02
3.371206e+02	1.068120e-02
3.373469e+02	1.068060e-02
3.375725e+02	1.068160e-02
3.377986e+02	1.068150e-02
3.380647e+02	1.068210e-02
3.382889e+02	1.068020e-02
3.385156e+02	1.068260e-02
3.387421e+02	1.068120e-02
3.389656e+02	1.067850e-02
3.391924e+02	1.067960e-02
3.394182e+02	1.067900e-02
3.396456e+02	1.068150e-02
3.398697e+02	1.068080e-02
3.400943e+02	1.068180e-02
3.403208e+02	1.067860e-02
3.405516e+02	1.067740e-02
3.407765e+02	1.067690e-02
3.410027e+02	1.067760e-02
3.412297e+02	1.067670e-02
3.414558e+02	1.067610e-02
3.416826e+02	1.067450e-02
3.419056e+02	1.067580e-02
3.421320e+02	1.067620e-02
3.423577e+02	1.067800e-02
3.425828e+02	1.067800e-02
3.428077e+02	1.067780e-02
3.430337e+02	1.067550e-02
3.432611e+02	1.067350e-02
3.434847e+02	1.067220e-02
3.437121e+02	1.067260e-02
3.439364e+02	1.067240e-02
3.441627e+02	1.067200e-02
3.443897e+02	1.067330e-02
3.446164e+02	1.067350e-02
3.448410e+02	1.067130e-02
3.450656e+02	1.066990e-02
3.452899e+02	1.067110e-02
3.455156e+02	1.066800e-02
3.457399e+02	1.066840e-02
3.459637e+02	1.066710e-02
3.461876e+02	1.066680e-02
3.464151e+02	1.066420e-02
3.466421e+02	1.066660e-02
3.468701e+02	1.066530e-02
3.470966e+02	1.067050e-02
3.473236e+02	1.067190e-02
3.475497e+02	1.066900e-02
3.477762e+02	1.067050e-02
3.480023e+02	1.066820e-02
3.482286e+02	1.066860e-02
3.484545e+02	1.066820e-02
3.486807e+02	1.066830e-02
3.489056e+02	1.066950e-02
3.491315e+02	1.066780e-02
3.493577e+02	1.066700e-02
3.495836e+02	1.066530e-02
3.498097e+02	1.066880e-02
3.500356e+02	1.066430e-02
3.502618e+02	1.066130e-02
3.504880e+02	1.066360e-02
3.507145e+02	1.066160e-02
3.509398e+02	1.066130e-02
3.511661e+02	1.066550e-02
3.513924e+02	1.066520e-02
3.516160e+02	1.066320e-02
3.518425e+02	1.066430e-02
3.520682e+02	1.065970e-02
3.522946e+02	1.065580e-02
3.525207e+02	1.065380e-02
3.527497e+02	1.065450e-02
3.529756e+02	1.065420e-02
3.532501e+02	1.065490e-02
3.534820e+02	1.065460e-02
3.537054e+02	1.065810e-02
3.539385e+02	1.065920e-02
3.541629e+02	1.065940e-02
3.543928e+02	1.065990e-02
3.546222e+02	1.065920e-02
3.548467e+02	1.065850e-02
3.550765e+02	1.065700e-02
3.553010e+02	1.065710e-02
3.555341e+02	1.065540e-02
3.557589e+02	1.065350e-02
3.559854e+02	1.065290e-02
3.562353e+02	1.065070e-02
3.564594e+02	1.064740e-02
3.566873e+02	1.064880e-02
3.569166e+02	1.064910e-02
3.571436e+02	1.065640e-02
3.573673e+02	1.065330e-02
3.575945e+02	1.065350e-02
3.578238e+02	1.065090e-02
3.580536e+02	1.065160e-02
3.582811e+02	1.065170e-02
3.585087e+02	1.065010e-02
3.587461e+02	1.065060e-02
3.589686e+02	1.065010e-02
3.591995e+02	1.065190e-02
3.594233e+02	1.065390e-02
3.596491e+02	1.065080e-02
3.598805e+02	1.065090e-02
3.601047e+02	1.064940e-02
3.603346e+02	1.064860e-02
3.605797e+02	1.064620e-02
3.608054e+02	1.064660e-02
3.610361e+02	1.064760e-02
3.612609e+02	1.064590e-02
3.614902e+02	1.065030e-02
3.617194e+02	1.064630e-02
3.619467e+02	1.064970e-02
3.621776e+02	1.064650e-02
3.624027e+02	1.064410e-02
3.626345e+02	1.064680e-02
3.628636e+02	1.064330e-02
3.630928e+02	1.064040e-02
3.633234e+02	1.063980e-02
3.635494e+02	1.063850e-02
3.637816e+02	1.064100e-02
3.640048e+02	1.064110e-02
3.642326e+02	1.064160e-02
3.644602e+02	1.064150e-02
3.646867e+02	1.064220e-02
3.649181e+02	1.064330e-02
3.651549e+02	1.064430e-02
3.653793e+02	1.064390e-02
3.656074e+02	1.063820e-02
3.658390e+02	1.064000e-02
3.660700e+02	1.064020e-02
3.662983e+02	1.063640e-02
3.665241e+02	1.063760e-02
3.667513e+02	1.063590e-02
3.669784e+02	1.063820e-02
3.672078e+02	1.063600e-02
3.674397e+02	1.063570e-02
3.676628e+02	1.063390e-02
3.678896e+02	1.063700e-02
3.681190e+02	1.063080e-02
3.683851e+02	1.063270e-02
3.686152e+02	1.063290e-02
3.688455e+02	1.062920e-02
3.690736e+02	1.063300e-02
3.693010e+02	1.063300e-02
3.695285e+02	1.063120e-02
3.697622e+02	1.063140e-02
3.699908e+02	1.063200e-02
3.702192e+02	1.063170e-02
3.704649e+02	1.063210e-02
3.706906e+02	1.063020e-02
3.709174e+02	1.062620e-02
3.711446e+02	1.062830e-02
3.713755e+02	1.062860e-02
3.715991e+02	1.062910e-02
3.718270e+02	1.062950e-02
3.720565e+02	1.062840e-02
3.722839e+02	1.062990e-02
3.725156e+02	1.062940e-02
3.727461e+02	1.062700e-02
3.729712e+02	1.062610e-02
3.731991e+02	1.062530e-02
3.734256e+02	1.062710e-02
3.736547e+02	1.062790e-02
3.738832e+02	1.062570e-02
3.741129e+02	1.062700e-02
3.743386e+02	1.062490e-02
3.745659e+02	1.062610e-02
3.747944e+02	1.062310e-02
3.750244e+02	1.062570e-02
3.752473e+02	1.062830e-02
3.754741e+02	1.062920e-02
3.757047e+02	1.062550e-02
3.759298e+02	1.062410e-02
3.761550e+02	1.062750e-02
3.763829e+02	1.062800e-02
3.766116e+02	1.062370e-02
3.768376e+02	1.062610e-02
3.770660e+02	1.062510e-02
3.772911e+02	1.062520e-02
3.775241e+02	1.062620e-02
3.777509e+02	1.062590e-02
3.779782e+02	1.062430e-02
3.782044e+02	1.062540e-02
3.784331e+02	1.062620e-02
3.786651e+02	1.062700e-02
3.788890e+02	1.062510e-02
3.791206e+02	1.062530e-02
3.793446e+02	1.062620e-02
3.795748e+02	1.062560e-02
3.798005e+02	1.062570e-02
3.800291e+02	1.062420e-02
3.802609e+02	1.062300e-02
3.804850e+02	1.062470e-02
3.807161e+02	1.062380e-02
3.809410e+02	1.062460e-02
3.811687e+02	1.062500e-02
3.813968e+02	1.062190e-02
3.816263e+02	1.062160e-02
3.818535e+02	1.062140e-02
3.820844e+02	1.062240e-02
3.823097e+02	1.062020e-02
3.825553e+02	1.062200e-02
3.827815e+02	1.062080e-02
3.830126e+02	1.062210e-02
3.832386e+02	1.062120e-02
3.835087e+02	1.062080e-02
3.837368e+02	1.062010e-02
3.839625e+02	1.062000e-02
3.841937e+02	1.061890e-02
3.844239e+02	1.061880e-02
3.846471e+02	1.062110e-02
3.848741e+02	1.061790e-02
3.851013e+02	1.061840e-02
3.853264e+02	1.061560e-02
3.855545e+02	1.061530e-02
3.857843e+02	1.061850e-02
3.860115e+02	1.061760e-02
3.862442e+02	1.061670e-02
3.864697e+02	1.061920e-02
3.867008e+02	1.061490e-02
3.869269e+02	1.061790e-02
3.871542e+02	1.061520e-02
3.873846e+02	1.061640e-02
3.876094e+02	1.061440e-02
3.878393e+02	1.061520e-02
3.880692e+02	1.061630e-02
3.882940e+02	1.061710e-02
3.885244e+02	1.061440e-02
3.887488e+02	1.061580e-02
3.889802e+02	1.061450e-02
3.892046e+02	1.061540e-02
3.894368e+02	1.061220e-02
3.896631e+02	1.061540e-02
3.898883e+02	1.061580e-02
3.901152e+02	1.061440e-02
3.903457e+02	1.061610e-02
3.905771e+02	1.061500e-02
3.908200e+02	1.061520e-02
3.910456e+02	1.061540e-02
3.912722e+02	1.061540e-02
3.915026e+02	1.061680e-02
3.917502e+02	1.061340e-02
3.919742e+02	1.061550e-02
3.922013e+02	1.061200e-02
3.924291e+02	1.061220e-02
3.926553e+02	1.060990e-02
3.928825e+02	1.061170e-02
3.931116e+02	1.060820e-02
3.933426e+02	1.060820e-02
3.935667e+02	1.060770e-02
3.937964e+02	1.061060e-02
3.940220e+02	1.060710e-02
3.942520e+02	1.060720e-02
3.944765e+02	1.060530e-02
3.947026e+02	1.060680e-02
3.949379e+02	1.060370e-02
3.951812e+02	1.060490e-02
3.954066e+02	1.060540e-02
3.956378e+02	1.062780e-02
3.958626e+02	1.089750e-02
3.960915e+02	1.113860e-02
3.963222e+02	1.133750e-02
3.965502e+02	1.144800e-02
3.967842e+02	1.154100e-02
3.970281e+02	1.160040e-02
3.972724e+02	1.164070e-02
3.974961e+02	1.166590e-02
3.977248e+02	1.168560e-02
3.979511e+02	1.170830e-02
3.981825e+02	1.172450e-02
3.984087e+02	1.174330e-02
3.986737e+02	1.175770e-02
3.989018e+02	1.176390e-02
3.991308e+02	1.177760e-02
3.993594e+02	1.178230e-02
3.995888e+02	1.179500e-02
3.998214e+02	1.180020e-02
4.000466e+02	1.180660e-02
4.002826e+02	1.181380e-02
4.005074e+02	1.181440e-02
4.007377e+02	1.181840e-02
4.009620e+02	1.182590e-02
4.011940e+02	1.182930e-02
4.014247e+02	1.183270e-02
4.016549e+02	1.183370e-02
4.018794e+02	1.183810e-02
4.021072e+02	1.184050e-02
4.023344e+02	1.183880e-02
4.025623e+02	1.183880e-02
4.027906e+02	1.183630e-02
4.030319e+02	1.183980e-02
4.032565e+02	1.184400e-02
4.034836e+02	1.184830e-02
4.037113e+02	1.185120e-02
4.039437e+02	1.184840e-02
4.041679e+02	1.185180e-02
4.043956e+02	1.185320e-02
4.046234e+02	1.184980e-02
4.048501e+02	1.184820e-02
4.050803e+02	1.185220e-02
4.053047e+02	1.184770e-02
4.055376e+02	1.185160e-02
4.057606e+02	1.185100e-02
4.059946e+02	1.185070e-02
4.062375e+02	1.185190e-02
4.064629e+02	1.185230e-02
4.066956e+02	1.185050e-02
4.069250e+02	1.184830e-02
4.071554e+02	1.184830e-02
4.073792e+02	1.185130e-02
4.076120e+02	1.185230e-02
4.078437e+02	1.185050e-02
4.080676e+02	1.184900e-02
4.083031e+02	1.185160e-02
4.085308e+02	1.185220e-02
4.087637e+02	1.184850e-02
4.089878e+02	1.184930e-02
4.092204e+02	1.185230e-02
4.094444e+02	1.185040e-02
4.096742e+02	1.184770e-02
4.099087e+02	1.184940e-02
4.101363e+02	1.185210e-02
4.103676e+02	1.185020e-02
4.106107e+02	1.185050e-02
4.108544e+02	1.185500e-02
4.110784e+02	1.185720e-02
4.113094e+02	1.185460e-02
4.115436e+02	1.185290e-02
4.117682e+02	1.185390e-02
4.119985e+02	1.185040e-02
4.122302e+02	1.184720e-02
4.124662e+02	1.184980e-02
4.127099e+02	1.184770e-02
4.129332e+02	1.184680e-02
4.131577e+02	1.185040e-02
4.133910e+02	1.185310e-02
4.136229e+02	1.184980e-02
4.139079e+02	1.184590e-02
4.141319e+02	1.184420e-02
4.143647e+02	1.184320e-02
4.145895e+02	1.184750e-02
4.148249e+02	1.184320e-02
4.150704e+02	1.184280e-02
4.153139e+02	1.183920e-02
4.155386e+02	1.183960e-02
4.157713e+02	1.184080e-02
4.160157e+02	1.183730e-02
4.162595e+02	1.183950e-02
4.164826e+02	1.183870e-02
4.167083e+02	1.183670e-02
4.169367e+02	1.184560e-02
4.171610e+02	1.184240e-02
4.173915e+02	1.184300e-02
4.176171e+02	1.183770e-02
4.178470e+02	1.183690e-02
4.180820e+02	1.184180e-02
4.183068e+02	1.184600e-02
4.185346e+02	1.183760e-02
4.187636e+02	1.183940e-02
4.189943e+02	1.184080e-02
4.192206e+02	1.184210e-02
4.194476e+02	1.184020e-02
4.196772e+02	1.184450e-02
4.199044e+02	1.184390e-02
4.201346e+02	1.184630e-02
4.203595e+02	1.184850e-02
4.205875e+02	1.185250e-02
4.208167e+02	1.184670e-02
4.210466e+02	1.184600e-02
4.212805e+02	1.184310e-02
4.215036e+02	1.184190e-02
4.217323e+02	1.184340e-02
4.219622e+02	1.184490e-02
4.221883e+02	1.184760e-02
4.224180e+02	1.184710e-02
4.226501e+02	1.184970e-02
4.228736e+02	1.184930e-02
4.231005e+02	1.185050e-02
4.233286e+02	1.184820e-02
4.235567e+02	1.184870e-02
4.237843e+02	1.184250e-02
4.240132e+02	1.183600e-02
4.242608e+02	1.183800e-02
4.244853e+02	1.183770e-02
4.247148e+02	1.184150e-02
4.249459e+02	1.183890e-02
4.251707e+02	1.184250e-02
4.254067e+02	1.184220e-02
4.256323e+02	1.184390e-02
4.258594e+02	1.184020e-02
4.260898e+02	1.184200e-02
4.263157e+02	1.184010e-02
4.265427e+02	1.184000e-02
4.267709e+02	1.183960e-02
4.269976e+02	1.183900e-02
4.272314e+02	1.184070e-02
4.274540e+02	1.184600e-02
4.276805e+02	1.184490e-02
4.279080e+02	1.184420e-02
4.281365e+02	1.184280e-02
4.283652e+02	1.184560e-02
4.285946e+02	1.184080e-02
4.288237e+02	1.184110e-02
4.290927e+02	1.184090e-02
4.293272e+02	1.184670e-02
4.295517e+02	1.184420e-02
4.297794e+02	1.184280e-02
4.300065e+02	1.184540e-02
4.302375e+02	1.184670e-02
4.304741e+02	1.184400e-02
4.306988e+02	1.184470e-02
4.309240e+02	1.184590e-02
4.311513e+02	1.184300e-02
4.313792e+02	1.184170e-02
4.316119e+02	1.184300e-02
4.318570e+02	1.184390e-02
4.320799e+02	1.184750e-02
4.323082e+02	1.184700e-02
4.325370e+02	1.184630e-02
4.327677e+02	1.184620e-02
4.329947e+02	1.184810e-02
4.332267e+02	1.184900e-02
4.334513e+02	1.184680e-02
4.336787e+02	1.184180e-02
4.339079e+02	1.184340e-02
4.341365e+02	1.184420e-02
4.343878e+02	1.184700e-02
4.346202e+02	1.184670e-02
4.348438e+02	1.184690e-02
4.350728e+02	1.184460e-02
4.353029e+02	1.184750e-02
4.355281e+02	1.184320e-02
4.357586e+02	1.183950e-02
4.359820e+02	1.184110e-02
4.362105e+02	1.184590e-02
4.364447e+02	1.184650e-02
4.366700e+02	1.184690e-02
4.368967e+02	1.184840e-02
4.371279e+02	1.185190e-02
4.373566e+02	1.185210e-02
4.375804e+02	1.185030e-02
4.378093e+02	1.184640e-02
4.380356e+02	1.184630e-02
4.382636e+02	1.184210e-02
4.384963e+02	1.184490e-02
4.387221e+02	1.184640e-02
4.389531e+02	1.185030e-02
4.391778e+02	1.184930e-02
4.394103e+02	1.184490e-02
4.396562e+02	1.184640e-02
4.398794e+02	1.184430e-02
4.401088e+02	1.184030e-02
4.403385e+02	1.184210e-02
4.405637e+02	1.184010e-02
4.407925e+02	1.183940e-02
4.410216e+02	1.183810e-02
4.412494e+02	1.184410e-02
4.414846e+02	1.183880e-02
4.417101e+02	1.183440e-02
4.419391e+02	1.183460e-02
4.421652e+02	1.183750e-02
4.423957e+02	1.183090e-02
4.426218e+02	1.183040e-02
4.428517e+02	1.182910e-02
4.430804e+02	1.182850e-02
4.433072e+02	1.183210e-02
4.435352e+02	1.183720e-02
4.437714e+02	1.183550e-02
4.439939e+02	1.183280e-02
4.442606e+02	1.183140e-02
4.444901e+02	1.182770e-02
4.447254e+02	1.182700e-02
4.449534e+02	1.183030e-02
4.451817e+02	1.183110e-02
4.454089e+02	1.182800e-02
4.456416e+02	1.182800e-02
4.458859e+02	1.183400e-02
4.461302e+02	1.183310e-02
4.463546e+02	1.183200e-02
4.465862e+02	1.183280e-02
4.468187e+02	1.183800e-02
4.470428e+02	1.183950e-02
4.472740e+02	1.183670e-02
4.475046e+02	1.183370e-02
4.477291e+02	1.183070e-02
4.479582e+02	1.183450e-02
4.481873e+02	1.183580e-02
4.484165e+02	1.183610e-02
4.486414e+02	1.183800e-02
4.488694e+02	1.184130e-02
4.490986e+02	1.183950e-02
4.493272e+02	1.184100e-02
4.495593e+02	1.183780e-02
4.497835e+02	1.183770e-02
4.500091e+02	1.183220e-02
4.502360e+02	1.183210e-02
4.504666e+02	1.183030e-02
4.506981e+02	1.183100e-02
4.509214e+02	1.183420e-02
4.511503e+02	1.183280e-02
4.513781e+02	1.183660e-02
4.516089e+02	1.183640e-02
4.518368e+02	1.183790e-02
4.520640e+02	1.183540e-02
4.522897e+02	1.183390e-02
4.525162e+02	1.183610e-02
4.527399e+02	1.183210e-02
4.529692e+02	1.183610e-02
4.531943e+02	1.184190e-02
4.534211e+02	1.183930e-02
4.536508e+02	1.183900e-02
4.538802e+02	1.183790e-02
4.541072e+02	1.184320e-02
4.543429e+02	1.184000e-02
4.545660e+02	1.184110e-02
4.547962e+02	1.183870e-02
4.550198e+02	1.183420e-02
4.552474e+02	1.183570e-02
4.554772e+02	1.183400e-02
4.557068e+02	1.184100e-02
4.559307e+02	1.183930e-02
4.561652e+02	1.184010e-02
4.563910e+02	1.184030e-02
4.566376e+02	1.183750e-02
4.568684e+02	1.183730e-02
4.570918e+02	1.183400e-02
4.573189e+02	1.183390e-02
4.575471e+02	1.183110e-02
4.577868e+02	1.183320e-02
4.580102e+02	1.183710e-02
4.582367e+02	1.184130e-02
4.584665e+02	1.183940e-02
4.586987e+02	1.183890e-02
4.589226e+02	1.184170e-02
4.591495e+02	1.183870e-02
4.594208e+02	1.183690e-02
4.596476e+02	1.183450e-02
4.598791e+02	1.183500e-02
4.601035e+02	1.183340e-02
4.603350e+02	1.183640e-02
4.605583e+02	1.183900e-02
4.607845e+02	1.183580e-02
4.610106e+02	1.183560e-02
4.612426e+02	1.183800e-02
4.614856e+02	1.183720e-02
4.617314e+02	1.183200e-02
4.619548e+02	1.183350e-02
4.621829e+02	1.183220e-02
4.624138e+02	1.183230e-02
4.626374e+02	1.183490e-02
4.628696e+02	1.183830e-02
4.630951e+02	1.183390e-02
4.633233e+02	1.183630e-02
4.635498e+02	1.183810e-02
4.637806e+02	1.183940e-02
4.640057e+02	1.183800e-02
4.642346e+02	1.183360e-02
4.644636e+02	1.183120e-02
4.646916e+02	1.182810e-02
4.649206e+02	1.183230e-02
4.651534e+02	1.183490e-02
4.653759e+02	1.183300e-02
4.656019e+02	1.183040e-02
4.658294e+02	1.182640e-02
4.660564e+02	1.182990e-02
4.662845e+02	1.183130e-02
4.665113e+02	1.182600e-02
4.667616e+02	1.182550e-02
4.669856e+02	1.182620e-02
4.672161e+02	1.182430e-02
4.674400e+02	1.182780e-02
4.676673e+02	1.182820e-02
4.679055e+02	1.183010e-02
4.681310e+02	1.182740e-02
4.683606e+02	1.182770e-02
4.685866e+02	1.183180e-02
4.688152e+02	1.183010e-02
4.690440e+02	1.182580e-02
4.692717e+02	1.182950e-02
4.694996e+02	1.182850e-02
4.697287e+02	1.183030e-02
4.699577e+02	1.183230e-02
4.701836e+02	1.183320e-02
4.704109e+02	1.183170e-02
4.706375e+02	1.182890e-02
4.708670e+02	1.182780e-02
4.710977e+02	1.182880e-02
4.713418e+02	1.182900e-02
4.715649e+02	1.182840e-02
4.717981e+02	1.182510e-02
4.720217e+02	1.182080e-02
4.722477e+02	1.182680e-02
4.724751e+02	1.182810e-02
4.727016e+02	1.182710e-02
4.729296e+02	1.182570e-02
4.731579e+02	1.182930e-02
4.733861e+02	1.183480e-02
4.736140e+02	1.183300e-02
4.738493e+02	1.183030e-02
4.740734e+02	1.182880e-02
4.743003e+02	1.182940e-02
4.745656e+02	1.182920e-02
4.747936e+02	1.182620e-02
4.750210e+02	1.183280e-02
4.752482e+02	1.183180e-02
4.754797e+02	1.183060e-02
4.757043e+02	1.182970e-02
4.759322e+02	1.183160e-02
4.761613e+02	1.182770e-02
4.764007e+02	1.182650e-02
4.766239e+02	1.182980e-02
4.768713e+02	1.182900e-02
4.770985e+02	1.183070e-02
4.773256e+02	1.183180e-02
4.775528e+02	1.183460e-02
4.777804e+02	1.183140e-02
4.780113e+02	1.183260e-02
4.782356e+02	1.183490e-02
4.784627e+02	1.183540e-02
4.786922e+02	1.183420e-02
4.789187e+02	1.183160e-02
4.791496e+02	1.183140e-02
4.793725e+02	1.182890e-02
4.796004e+02	1.183290e-02
4.798343e+02	1.183540e-02
4.800985e+02	1.183680e-02
4.803259e+02	1.183960e-02
4.805579e+02	1.183980e-02
4.807835e+02	1.184050e-02
4.810115e+02	1.183350e-02
4.812388e+02	1.183370e-02
4.814718e+02	1.183100e-02
4.816961e+02	1.183230e-02
4.819270e+02	1.183400e-02
4.821515e+02	1.183190e-02
4.823766e+02	1.183130e-02
4.826025e+02	1.182910e-02
4.828328e+02	1.183660e-02
4.830597e+02	1.183440e-02
4.832862e+02	1.183490e-02
4.835122e+02	1.183070e-02
4.837446e+02	1.183190e-02
4.839880e+02	1.183270e-02
4.842146e+02	1.183430e-02
4.844481e+02	1.183660e-02
4.846707e+02	1.183880e-02
4.848984e+02	1.183680e-02
4.851205e+02	1.183720e-02
4.853523e+02	1.183750e-02
4.855768e+02	1.183670e-02
4.858071e+02	1.183770e-02
4.860323e+02	1.183120e-02
4.862572e+02	1.183350e-02
4.864882e+02	1.183120e-02
4.867124e+02	1.183810e-02
4.869429e+02	1.183690e-02
4.871675e+02	1.183630e-02
4.873957e+02	1.183750e-02
4.876267e+02	1.183640e-02
4.878517e+02	1.183790e-02
4.880777e+02	1.183340e-02
4.883056e+02	1.183030e-02
4.885350e+02	1.183360e-02
4.887620e+02	1.183000e-02
4.889929e+02	1.183120e-02
4.892171e+02	1.183510e-02
4.894456e+02	1.183440e-02
4.897120e+02	1.183270e-02
4.899382e+02	1.183640e-02
4.901609e+02	1.183700e-02
4.903929e+02	1.183870e-02
4.906174e+02	1.183680e-02
4.908467e+02	1.183260e-02
4.910787e+02	1.183150e-02
4.913036e+02	1.183050e-02
4.915354e+02	1.183320e-02
4.917590e+02	1.183270e-02
4.919848e+02	1.183320e-02
4.922114e+02	1.183310e-02
4.924432e+02	1.182760e-02
4.926672e+02	1.183350e-02
4.928964e+02	1.183210e-02
4.931217e+02	1.183080e-02
4.933526e+02	1.183150e-02
4.935771e+02	1.182930e-02
4.938116e+02	1.183120e-02
4.940366e+02	1.183170e-02
4.942655e+02	1.182970e-02
4.944931e+02	1.183170e-02
4.947206e+02	1.183050e-02
4.949505e+02	1.183110e-02
4.951767e+02	1.183220e-02
4.954044e+02	1.183110e-02
4.956294e+02	1.182880e-02
4.958587e+02	1.182880e-02
4.960850e+02	1.182740e-02
4.963121e+02	1.182920e-02
4.965387e+02	1.182760e-02
4.967706e+02	1.182580e-02
4.969951e+02	1.182740e-02
4.972249e+02	1.182560e-02
4.974492e+02	1.182660e-02
4.976756e+02	1.182760e-02
4.979088e+02	1.182550e-02
4.981589e+02	1.182840e-02
4.983853e+02	1.182230e-02
4.986115e+02	1.182530e-02
4.988380e+02	1.183060e-02
4.990687e+02	1.182810e-02
4.992933e+02	1.182870e-02
4.995205e+02	1.183030e-02
4.997486e+02	1.182780e-02
4.999796e+02	1.182590e-02
5.002046e+02	1.182730e-02
5.004346e+02	1.183110e-02
5.006581e+02	1.182990e-02
5.008875e+02	1.182740e-02
5.011166e+02	1.182790e-02
5.013518e+02	1.182920e-02
5.015756e+02	1.182700e-02
5.018056e+02	1.182610e-02
5.020366e+02	1.182620e-02
5.022616e+02	1.182580e-02
5.024945e+02	1.182390e-02
5.027182e+02	1.182430e-02
5.029461e+02	1.182000e-02
5.031747e+02	1.182400e-02
5.034025e+02	1.182370e-02
5.036283e+02	1.182500e-02
5.038560e+02	1.182420e-02
5.040844e+02	1.182320e-02
5.043147e+02	1.182660e-02
5.045397e+02	1.182620e-02
5.048127e+02	1.182740e-02
5.050358e+02	1.182290e-02
5.052629e+02	1.182450e-02
5.054962e+02	1.182050e-02
5.057202e+02	1.181880e-02
5.059505e+02	1.182150e-02
5.061746e+02	1.182270e-02
5.064025e+02	1.182430e-02
5.066297e+02	1.182440e-02
5.068575e+02	1.182640e-02
5.070911e+02	1.182620e-02
5.073151e+02	1.182480e-02
5.075444e+02	1.182430e-02
5.077717e+02	1.182250e-02
5.080028e+02	1.182620e-02
5.082274e+02	1.182690e-02
5.084661e+02	1.182830e-02
5.086894e+02	1.182640e-02
5.089161e+02	1.182820e-02
5.091477e+02	1.182910e-02
5.093722e+02	1.182600e-02
5.096037e+02	1.182980e-02
5.098391e+02	1.183150e-02
5.100624e+02	1.183350e-02
5.102905e+02	1.182790e-02
5.105380e+02	1.182880e-02
5.107612e+02	1.183240e-02
5.109915e+02	1.183420e-02
5.112157e+02	1.183660e-02
5.114466e+02	1.183650e-02
5.116716e+02	1.183260e-02
5.119016e+02	1.183060e-02
5.121300e+02	1.183050e-02
5.123596e+02	1.183240e-02
5.125857e+02	1.182940e-02
5.128186e+02	1.183260e-02
5.130440e+02	1.183700e-02
5.132714e+02	1.183190e-02
5.134979e+02	1.183330e-02
5.137269e+02	1.183160e-02
5.139577e+02	1.183270e-02
5.141819e+02	1.182200e-02
5.144096e+02	1.182450e-02
5.146373e+02	1.182750e-02
5.148712e+02	1.182980e-02
5.150956e+02	1.182880e-02
5.153282e+02	1.182650e-02
5.155508e+02	1.182380e-02
5.157785e+02	1.182370e-02
5.160044e+02	1.182630e-02
5.162323e+02	1.182860e-02
5.164647e+02	1.182810e-02
5.166900e+02	1.182480e-02
5.169173e+02	1.182460e-02
5.171451e+02	1.182720e-02
5.173799e+02	1.183010e-02
5.176039e+02	1.182830e-02
5.178346e+02	1.182930e-02
5.180583e+02	1.182550e-02
5.182859e+02	1.183120e-02
5.185176e+02	1.183520e-02
5.187412e+02	1.183470e-02
5.189704e+02	1.183020e-02
5.191975e+02	1.183330e-02
5.194278e+02	1.183010e-02
5.196675e+02	1.182860e-02
5.199312e+02	1.183480e-02
5.201625e+02	1.183070e-02
5.203865e+02	1.183470e-02
5.206137e+02	1.183590e-02
5.208411e+02	1.183510e-02
5.210707e+02	1.183680e-02
5.212957e+02	1.182800e-02
5.215251e+02	1.182080e-02
5.217566e+02	1.182520e-02
5.219815e+02	1.182710e-02
5.222149e+02	1.182880e-02
5.224467e+02	1.182770e-02
5.226720e+02	1.183200e-02
5.228993e+02	1.183470e-02
5.231286e+02	1.183290e-02
5.233574e+02	1.183510e-02
5.236027e+02	1.183200e-02
5.238262e+02	1.182710e-02
5.240575e+02	1.182670e-02
5.242812e+02	1.182750e-02
5.245128e+02	1.182800e-02
5.247376e+02	1.182710e-02
5.249645e+02	1.182820e-02
5.251915e+02	1.183040e-02
5.254194e+02	1.182650e-02
5.256500e+02	1.182870e-02
5.258748e+02	1.182880e-02
5.261037e+02	1.182940e-02
5.263305e+02	1.182830e-02
5.266025e+02	1.183180e-02
5.268266e+02	1.183040e-02
5.270534e+02	1.183100e-02
5.272825e+02	1.183260e-02
5.275111e+02	1.183200e-02
5.277372e+02	1.183130e-02
5.279664e+02	1.183190e-02
5.281949e+02	1.183220e-02
5.284227e+02	1.183190e-02
5.286555e+02	1.182920e-02
5.288791e+02	1.183270e-02
5.291063e+02	1.183450e-02
5.293380e+02	1.183130e-02
5.295645e+02	1.183330e-02
5.297956e+02	1.183310e-02
5.300213e+02	1.183410e-02
5.302485e+02	1.183200e-02
5.304793e+02	1.183240e-02
5.307077e+02	1.183140e-02
5.309366e+02	1.182810e-02
5.311652e+02	1.183310e-02
5.313956e+02	1.183220e-02
5.316399e+02	1.183130e-02
5.318676e+02	1.183410e-02
5.320977e+02	1.182900e-02
5.323284e+02	1.182730e-02
5.325530e+02	1.182970e-02
5.327888e+02	1.183090e-02
5.330125e+02	1.183140e-02
5.332396e+02	1.183180e-02
5.334757e+02	1.183430e-02
5.337000e+02	1.183250e-02
5.339313e+02	1.183060e-02
5.341543e+02	1.183200e-02
5.343816e+02	1.183020e-02
5.346098e+02	1.182760e-02
5.348415e+02	1.182770e-02
5.351071e+02	1.182900e-02
5.353362e+02	1.182470e-02
5.355658e+02	1.182540e-02
5.357965e+02	1.181970e-02
5.360198e+02	1.182010e-02
5.362473e+02	1.182380e-02
5.364749e+02	1.182710e-02
5.367076e+02	1.183040e-02
5.369357e+02	1.182900e-02
5.371684e+02	1.183120e-02
5.373916e+02	1.183390e-02
5.376234e+02	1.183180e-02
5.378473e+02	1.183310e-02
5.380786e+02	1.183310e-02
5.383038e+02	1.183070e-02
5.385326e+02	1.182780e-02
5.387597e+02	1.182850e-02
5.389886e+02	1.183220e-02
5.392228e+02	1.182960e-02
5.394479e+02	1.183060e-02
5.396759e+02	1.182770e-02
5.398996e+02	1.182470e-02
5.401312e+02	1.182720e-02
5.403557e+02	1.182510e-02
5.405890e+02	1.181530e-02
5.408129e+02	1.182010e-02
5.410423e+02	1.181910e-02
5.412723e+02	1.182180e-02
5.414966e+02	1.182410e-02
5.417245e+02	1.182900e-02
5.419513e+02	1.182610e-02
5.421804e+02	1.182690e-02
5.424106e+02	1.182660e-02
5.426353e+02	1.182680e-02
5.428648e+02	1.182610e-02
5.430927e+02	1.182540e-02
5.433249e+02	1.182480e-02
5.435496e+02	1.182760e-02
5.437826e+02	1.182880e-02
5.440081e+02	1.183520e-02
5.442347e+02	1.183330e-02
5.444647e+02	1.183760e-02
5.446960e+02	1.183760e-02
5.449192e+02	1.183710e-02
5.451494e+02	1.183620e-02
5.453722e+02	1.182970e-02
5.456046e+02	1.183240e-02
5.458500e+02	1.183220e-02
5.460731e+02	1.183440e-02
5.463025e+02	1.183140e-02
5.465346e+02	1.182970e-02
5.467596e+02	1.183350e-02
5.469984e+02	1.183140e-02
5.472244e+02	1.182590e-02
5.474526e+02	1.182580e-02
5.476800e+02	1.182410e-02
5.479077e+02	1.182680e-02
5.481376e+02	1.182410e-02
5.483661e+02	1.182440e-02
5.485938e+02	1.182630e-02
5.488252e+02	1.182880e-02
5.490492e+02	1.183100e-02
5.492766e+02	1.183100e-02
5.495044e+02	1.183060e-02
5.497317e+02	1.183080e-02
5.499625e+02	1.183110e-02
5.502463e+02	1.182500e-02
5.504705e+02	1.182530e-02
5.507016e+02	1.182610e-02
5.509669e+02	1.182750e-02
5.511909e+02	1.183010e-02
5.514183e+02	1.182950e-02
5.516523e+02	1.182910e-02
5.518768e+02	1.182890e-02
5.521087e+02	1.183360e-02
5.523320e+02	1.183340e-02
5.525616e+02	1.183070e-02
5.527889e+02	1.182760e-02
5.530167e+02	1.182850e-02
5.532466e+02	1.182870e-02
5.534762e+02	1.182780e-02
5.537044e+02	1.182700e-02
5.539379e+02	1.182620e-02
5.541617e+02	1.182090e-02
5.543946e+02	1.182420e-02
5.546179e+02	1.182440e-02
5.548502e+02	1.182880e-02
5.550760e+02	1.182670e-02
5.553046e+02	1.182760e-02
5.555418e+02	1.182720e-02
5.557661e+02	1.182860e-02
5.560129e+02	1.182710e-02
5.562589e+02	1.182710e-02
5.564811e+02	1.182710e-02
5.567097e+02	1.182730e-02
5.569347e+02	1.183020e-02
5.571634e+02	1.183240e-02
5.573911e+02	1.182600e-02
5.576193e+02	1.182550e-02
5.578481e+02	1.183080e-02
5.580769e+02	1.183010e-02
5.583033e+02	1.183000e-02
5.585346e+02	1.182810e-02
5.587596e+02	1.182490e-02
5.589892e+02	1.182400e-02
5.592221e+02	1.182680e-02
5.594480e+02	1.182640e-02
5.596796e+02	1.182790e-02
5.599046e+02	1.182670e-02
5.601322e+02	1.182220e-02
5.603566e+02	1.182210e-02
5.605878e+02	1.182310e-02
5.608205e+02	1.182350e-02
5.610447e+02	1.181980e-02
5.612740e+02	1.182480e-02
5.615063e+02	1.182600e-02
5.617306e+02	1.182680e-02
5.619610e+02	1.182780e-02
5.621843e+02	1.182690e-02
5.624137e+02	1.182850e-02
5.626410e+02	1.182530e-02
5.628740e+02	1.182160e-02
5.631033e+02	1.181860e-02
5.633298e+02	1.182000e-02
5.635609e+02	1.182160e-02
5.637843e+02	1.182590e-02
5.640126e+02	1.182860e-02
5.642428e+02	1.182560e-02
5.644652e+02	1.182540e-02
5.646997e+02	1.182770e-02
5.649249e+02	1.182650e-02
5.651556e+02	1.183050e-02
5.654196e+02	1.182590e-02
5.656475e+02	1.182290e-02
5.658733e+02	1.182340e-02
5.661024e+02	1.182110e-02
5.663320e+02	1.182400e-02
5.665615e+02	1.182470e-02
5.667906e+02	1.182730e-02
5.670165e+02	1.182920e-02
5.672436e+02	1.183170e-02
5.674710e+02	1.182980e-02
5.676971e+02	1.182770e-02
5.679236e+02	1.182720e-02
5.681514e+02	1.182990e-02
5.683795e+02	1.182350e-02
5.686098e+02	1.182320e-02
5.688337e+02	1.182350e-02
5.690625e+02	1.182460e-02
5.692907e+02	1.182630e-02
5.695195e+02	1.182810e-02
5.697489e+02	1.182560e-02
5.699783e+02	1.182320e-02
5.702292e+02	1.182670e-02
5.704531e+02	1.182200e-02
5.706808e+02	1.182690e-02
5.709116e+02	1.182760e-02
5.711443e+02	1.183300e-02
5.713696e+02	1.183190e-02
5.715965e+02	1.183070e-02
5.718273e+02	1.183090e-02
5.720555e+02	1.183230e-02
5.722857e+02	1.183200e-02
5.725108e+02	1.182920e-02
5.727387e+02	1.183630e-02
5.729648e+02	1.183330e-02
5.731960e+02	1.182870e-02
5.734214e+02	1.183090e-02
5.736516e+02	1.182840e-02
5.738753e+02	1.182920e-02
5.741021e+02	1.183180e-02
5.743343e+02	1.183010e-02
5.745785e+02	1.182930e-02
5.748018e+02	1.183120e-02
5.750310e+02	1.182780e-02
5.752619e+02	1.182870e-02
5.754852e+02	1.182850e-02
5.757145e+02	1.182790e-02
5.759416e+02	1.182960e-02
5.761684e+02	1.182610e-02
5.763999e+02	1.182790e-02
5.766245e+02	1.182770e-02
5.768530e+02	1.182790e-02
5.770837e+02	1.182460e-02
5.773284e+02	1.182410e-02
5.775522e+02	1.182150e-02
5.777826e+02	1.182220e-02
5.780117e+02	1.182080e-02
5.782379e+02	1.182500e-02
5.784680e+02	1.182660e-02
5.786978e+02	1.182040e-02
5.789275e+02	1.182280e-02
5.791576e+02	1.181970e-02
5.793880e+02	1.181800e-02
5.796209e+02	1.181410e-02
5.798648e+02	1.181780e-02
5.800885e+02	1.181690e-02
5.803202e+02	1.181870e-02
5.805911e+02	1.182040e-02
5.808251e+02	1.182160e-02
5.810556e+02	1.182330e-02
5.812794e+02	1.182560e-02
5.815019e+02	1.182440e-02
5.817327e+02	1.182440e-02
5.819577e+02	1.182480e-02
5.821859e+02	1.182510e-02
5.824150e+02	1.182720e-02
5.826500e+02	1.182670e-02
5.828733e+02	1.182500e-02
5.831016e+02	1.182530e-02
5.833311e+02	1.182330e-02
5.835635e+02	1.182590e-02
5.837954e+02	1.182680e-02
5.840204e+02	1.182730e-02
5.842513e+02	1.182290e-02
5.844745e+02	1.182590e-02
5.847161e+02	1.182540e-02
5.849408e+02	1.182700e-02
5.851711e+02	1.182720e-02
5.854028e+02	1.182990e-02
5.856266e+02	1.182890e-02
5.858545e+02	1.183160e-02
5.860823e+02	1.182920e-02
5.863152e+02	1.182770e-02
5.865449e+02	1.182830e-02
5.867744e+02	1.182610e-02
5.870051e+02	1.182680e-02
5.872365e+02	1.182620e-02
5.874815e+02	1.182660e-02
5.877051e+02	1.182570e-02
5.879328e+02	1.182610e-02
5.881629e+02	1.182580e-02
5.883963e+02	1.182530e-02
5.886252e+02	1.182750e-02
5.888548e+02	1.182800e-02
5.890824e+02	1.182190e-02
5.893118e+02	1.182240e-02
5.895427e+02	1.182490e-02
5.897653e+02	1.182260e-02
5.899939e+02	1.182030e-02
5.902240e+02	1.182720e-02
5.904517e+02	1.182590e-02
5.906854e+02	1.182990e-02
5.909110e+02	1.183030e-02
5.911406e+02	1.183290e-02
5.913706e+02	1.182740e-02
5.915999e+02	1.182350e-02
5.918316e+02	1.182330e-02
5.920556e+02	1.182330e-02
5.922881e+02	1.182100e-02
5.925537e+02	1.182430e-02
5.927781e+02	1.182420e-02
5.930096e+02	1.182220e-02
5.932436e+02	1.182310e-02
5.934678e+02	1.182810e-02
5.937028e+02	1.182300e-02
5.939309e+02	1.182460e-02
5.941586e+02	1.182480e-02
5.943894e+02	1.182520e-02
5.946141e+02	1.182020e-02
5.948450e+02	1.182160e-02
5.950696e+02	1.182600e-02
5.952998e+02	1.182350e-02
5.955315e+02	1.182200e-02
5.958036e+02	1.182570e-02
5.960329e+02	1.182330e-02
5.962662e+02	1.182150e-02
5.964906e+02	1.182130e-02
5.967177e+02	1.182190e-02
5.969464e+02	1.181810e-02
5.971757e+02	1.181920e-02
5.974054e+02	1.182310e-02
5.976335e+02	1.182040e-02
5.978648e+02	1.181930e-02
5.980901e+02	1.182570e-02
5.983175e+02	1.182660e-02
5.985495e+02	1.182500e-02
5.987746e+02	1.182410e-02
5.990072e+02	1.182160e-02
5.992311e+02	1.182240e-02
5.994619e+02	1.182420e-02
5.996938e+02	1.182420e-02
5.999232e+02	1.182800e-02
6.001557e+02	1.182680e-02
6.003804e+02	1.182370e-02
6.006096e+02	1.182560e-02
6.008428e+02	1.182580e-02
6.010701e+02	1.181940e-02
6.012998e+02	1.181570e-02
6.015317e+02	1.181800e-02
6.017560e+02	1.181680e-02
6.019897e+02	1.181580e-02
6.022138e+02	1.181860e-02
6.024418e+02	1.182090e-02
6.026739e+02	1.182460e-02
6.029039e+02	1.182130e-02
6.031294e+02	1.181920e-02
6.033594e+02	1.182030e-02
6.035948e+02	1.181320e-02
6.038177e+02	1.181410e-02
6.040472e+02	1.181160e-02
6.042779e+02	1.181340e-02
6.045077e+02	1.181240e-02
6.047403e+02	1.181460e-02
6.049686e+02	1.181450e-02
6.051980e+02	1.181420e-02
6.054317e+02	1.181830e-02
6.056610e+02	1.181680e-02
6.058862e+02	1.181450e-02
6.061137e+02	1.181380e-02
6.063455e+02	1.181380e-02
6.065784e+02	1.181400e-02
6.068028e+02	1.181400e-02
6.070309e+02	1.181660e-02
6.072634e+02	1.181690e-02
6.074883e+02	1.181360e-02
6.077214e+02	1.181530e-02
6.079447e+02	1.179480e-02
6.081741e+02	1.177930e-02
6.084009e+02	1.176460e-02
6.086347e+02	1.175200e-02
6.088578e+02	1.174350e-02
6.090923e+02	1.172970e-02
6.093156e+02	1.171820e-02
6.095431e+02	1.171210e-02
6.097746e+02	1.170100e-02
6.100041e+02	1.169440e-02
6.102281e+02	1.168380e-02
6.104586e+02	1.167520e-02
6.106919e+02	1.166590e-02
6.109556e+02	1.165820e-02
6.111868e+02	1.164860e-02
6.114115e+02	1.164180e-02
6.116439e+02	1.163220e-02
6.118674e+02	1.162710e-02
6.120981e+02	1.161890e-02
6.123257e+02	1.161110e-02
6.125585e+02	1.160420e-02
6.128039e+02	1.159760e-02
6.130359e+02	1.158850e-02
6.132586e+02	1.158190e-02
6.134885e+02	1.157750e-02
6.137210e+02	1.156950e-02
6.139437e+02	1.156190e-02
6.141728e+02	1.155490e-02
6.144024e+02	1.154870e-02
6.146378e+02	1.154300e-02
6.148625e+02	1.153680e-02
6.150916e+02	1.153110e-02
6.153197e+02	1.152640e-02
6.155521e+02	1.151480e-02
6.157752e+02	1.151230e-02
6.159991e+02	1.150630e-02
6.162323e+02	1.150210e-02
6.164556e+02	1.149320e-02
6.166887e+02	1.149100e-02
6.169137e+02	1.148420e-02
6.171463e+02	1.147810e-02
6.173778e+02	1.147260e-02
6.176049e+02	1.146790e-02
6.178357e+02	1.146200e-02
6.180607e+02	1.145290e-02
6.182901e+02	1.144910e-02
6.185238e+02	1.144830e-02
6.187478e+02	1.144060e-02
6.189808e+02	1.143450e-02
6.192057e+02	1.142930e-02
6.194359e+02	1.142450e-02
6.196598e+02	1.141730e-02
6.198908e+02	1.141440e-02
6.201353e+02	1.140870e-02
6.203585e+02	1.140400e-02
6.205918e+02	1.139790e-02
6.208153e+02	1.139450e-02
6.210510e+02	1.139190e-02
6.212748e+02	1.138630e-02
6.215096e+02	1.137990e-02
6.217342e+02	1.137360e-02
6.219649e+02	1.136910e-02
6.221896e+02	1.136690e-02
6.224186e+02	1.136140e-02
6.226519e+02	1.135600e-02
6.228749e+02	1.135000e-02
6.231043e+02	1.134870e-02
6.233280e+02	1.134560e-02
6.235573e+02	1.133920e-02
6.237868e+02	1.133590e-02
6.240198e+02	1.133110e-02
6.242447e+02	1.132760e-02
6.244737e+02	1.131870e-02
6.246991e+02	1.131620e-02
6.249293e+02	1.131140e-02
6.251575e+02	1.130620e-02
6.253901e+02	1.130120e-02
6.256134e+02	1.129750e-02
6.258427e+02	1.129520e-02
6.261164e+02	1.128770e-02
6.263456e+02	1.128400e-02
6.265788e+02	1.127820e-02
6.268101e+02	1.127590e-02
6.270341e+02	1.127240e-02
6.272618e+02	1.126830e-02
6.274927e+02	1.126440e-02
6.277232e+02	1.125910e-02
6.279486e+02	1.125380e-02
6.281892e+02	1.125140e-02
6.284144e+02	1.125080e-02
6.286440e+02	1.124450e-02
6.288771e+02	1.124070e-02
6.291011e+02	1.123410e-02
6.293356e+02	1.123040e-02
6.295707e+02	1.122750e-02
6.298148e+02	1.122380e-02
6.300388e+02	1.122110e-02
6.302661e+02	1.121610e-02
6.304989e+02	1.121410e-02
6.307250e+02	1.120630e-02
6.309574e+02	1.120540e-02
6.311884e+02	1.119740e-02
6.314116e+02	1.119600e-02
6.316409e+02	1.119350e-02
6.318698e+02	1.119050e-02
6.320945e+02	1.118690e-02
6.323210e+02	1.118490e-02
6.325505e+02	1.118040e-02
6.327817e+02	1.117790e-02
6.330151e+02	1.117300e-02
6.332597e+02	1.116730e-02
6.334828e+02	1.116950e-02
6.337131e+02	1.116420e-02
6.339388e+02	1.115990e-02
6.341697e+02	1.115920e-02
6.343940e+02	1.115620e-02
6.346232e+02	1.115350e-02
6.348559e+02	1.114590e-02
6.350804e+02	1.114420e-02
6.353137e+02	1.114180e-02
6.355387e+02	1.113480e-02
6.357679e+02	1.113540e-02
6.360017e+02	1.112910e-02
6.362245e+02	1.112400e-02
6.364594e+02	1.112270e-02
6.366848e+02	1.112000e-02
6.369174e+02	1.111700e-02
6.371407e+02	1.111400e-02
6.373698e+02	1.111040e-02
6.375988e+02	1.110900e-02
6.378306e+02	1.110530e-02
6.380540e+02	1.110280e-02
6.382884e+02	1.109980e-02
6.385122e+02	1.109650e-02
6.387410e+02	1.109330e-02
6.389739e+02	1.109210e-02
6.391977e+02	1.109320e-02
6.394268e+02	1.108920e-02
6.396546e+02	1.108310e-02
6.398865e+02	1.108090e-02
6.401376e+02	1.107690e-02
6.403665e+02	1.107260e-02
6.405972e+02	1.107200e-02
6.408224e+02	1.107330e-02
6.410520e+02	1.106740e-02
6.413251e+02	1.106240e-02
6.415481e+02	1.105950e-02
6.417787e+02	1.105930e-02
6.420034e+02	1.105230e-02
6.422333e+02	1.105290e-02
6.424606e+02	1.104440e-02
6.426936e+02	1.104410e-02
6.429232e+02	1.104170e-02
6.431534e+02	1.103800e-02
6.433874e+02	1.103650e-02
6.436115e+02	1.103550e-02
6.438441e+02	1.103290e-02
6.440757e+02	1.103290e-02
6.443117e+02	1.102860e-02
6.445364e+02	1.102630e-02
6.447656e+02	1.102650e-02
6.449949e+02	1.102170e-02
6.452271e+02	1.101910e-02
6.454580e+02	1.101880e-02
6.456825e+02	1.101490e-02
6.459121e+02	1.101280e-02
6.461452e+02	1.100850e-02
6.463884e+02	1.100930e-02
6.466134e+02	1.100800e-02
6.468462e+02	1.100510e-02
6.470701e+02	1.100230e-02
6.472998e+02	1.099490e-02
6.475315e+02	1.099380e-02
6.477637e+02	1.099230e-02
6.479876e+02	1.099250e-02
6.482206e+02	1.099090e-02
6.484441e+02	1.098920e-02
6.486710e+02	1.098510e-02
6.489013e+02	1.098220e-02
6.491323e+02	1.098060e-02
6.493575e+02	1.098030e-02
6.495900e+02	1.097600e-02
6.498130e+02	1.097460e-02
6.500424e+02	1.097140e-02
6.502746e+02	1.097050e-02
6.505074e+02	1.096680e-02
6.507302e+02	1.096500e-02
6.509600e+02	1.096780e-02
6.511949e+02	1.096300e-02
6.514192e+02	1.096130e-02
6.516491e+02	1.095850e-02
6.518796e+02	1.095680e-02
6.521108e+02	1.095310e-02
6.523408e+02	1.095080e-02
6.525663e+02	1.095050e-02
6.527971e+02	1.094740e-02
6.530278e+02	1.094620e-02
6.532538e+02	1.094520e-02
6.534836e+02	1.094480e-02
6.537113e+02	1.094140e-02
6.539425e+02	1.093720e-02
6.541708e+02	1.093830e-02
6.544015e+02	1.093540e-02
6.546301e+02	1.093490e-02
6.548623e+02	1.093520e-02
6.550856e+02	1.093230e-02
6.553153e+02	1.093040e-02
6.555468e+02	1.092970e-02
6.557722e+02	1.092650e-02
6.560049e+02	1.092290e-02
6.562291e+02	1.092190e-02
6.564989e+02	1.091560e-02
6.567280e+02	1.091620e-02
6.569525e+02	1.091640e-02
6.571828e+02	1.091500e-02
6.574289e+02	1.091290e-02
6.576529e+02	1.090860e-02
6.578851e+02	1.090530e-02
6.581098e+02	1.090450e-02
6.583443e+02	1.090370e-02
6.585907e+02	1.090310e-02
6.588140e+02	1.089990e-02
6.590447e+02	1.089780e-02
6.592767e+02	1.089750e-02
6.595007e+02	1.089550e-02
6.597301e+02	1.089670e-02
6.599600e+02	1.089360e-02
6.601917e+02	1.089270e-02
6.604239e+02	1.088930e-02
6.606489e+02	1.089000e-02
6.608798e+02	1.088640e-02
6.611037e+02	1.088450e-02
6.613331e+02	1.088020e-02
6.615642e+02	1.088090e-02
6.617971e+02	1.087940e-02
6.620207e+02	1.087840e-02
6.622544e+02	1.087970e-02
6.624782e+02	1.088040e-02
6.627064e+02	1.087850e-02
6.629398e+02	1.087610e-02
6.631626e+02	1.087550e-02
6.633982e+02	1.087420e-02
6.636220e+02	1.087050e-02
6.638529e+02	1.087010e-02
6.640777e+02	1.086980e-02
6.643104e+02	1.086560e-02
6.645346e+02	1.086550e-02
6.647650e+02	1.086430e-02
6.649966e+02	1.086210e-02
6.652256e+02	1.086380e-02
6.654768e+02	1.085930e-02
6.657012e+02	1.085850e-02
6.659299e+02	1.085880e-02
6.661637e+02	1.085580e-02
6.663885e+02	1.085420e-02
6.666189e+02	1.085010e-02
6.668631e+02	1.085040e-02
6.670877e+02	1.084990e-02
6.673245e+02	1.084800e-02
6.675497e+02	1.084550e-02
6.677821e+02	1.084580e-02
6.680058e+02	1.084220e-02
6.682374e+02	1.084240e-02
6.684612e+02	1.084280e-02
6.686907e+02	1.083840e-02
6.689227e+02	1.083810e-02
6.691461e+02	1.083740e-02
6.693769e+02	1.083690e-02
6.696102e+02	1.083630e-02
6.698350e+02	1.083270e-02
6.700678e+02	1.082950e-02
6.702918e+02	1.082890e-02
6.705237e+02	1.082790e-02
6.707690e+02	1.082850e-02
6.709925e+02	1.082720e-02
6.712257e+02	1.082490e-02
6.714483e+02	1.082370e-02
6.717261e+02	1.082320e-02
6.719519e+02	1.082490e-02
6.721857e+02	1.082440e-02
6.724176e+02	1.082140e-02
6.726403e+02	1.082030e-02
6.728735e+02	1.081860e-02
6.730983e+02	1.081490e-02
6.733286e+02	1.081630e-02
6.735615e+02	1.081440e-02
6.737867e+02	1.081430e-02
6.740197e+02	1.081220e-02
6.742440e+02	1.080930e-02
6.744747e+02	1.080990e-02
6.747118e+02	1.080780e-02
6.749363e+02	1.080800e-02
6.751720e+02	1.080740e-02
6.753978e+02	1.080710e-02
6.756270e+02	1.080440e-02
6.758611e+02	1.080170e-02
6.760837e+02	1.080140e-02
6.763133e+02	1.080090e-02
6.765436e+02	1.080040e-02
6.767654e+02	1.080060e-02
6.769995e+02	1.079750e-02
6.772237e+02	1.079560e-02
6.774583e+02	1.079550e-02
6.777031e+02	1.079490e-02
6.779268e+02	1.079360e-02
6.781598e+02	1.079410e-02
6.783857e+02	1.079210e-02
6.786367e+02	1.079150e-02
6.788678e+02	1.078810e-02
6.790929e+02	1.078850e-02
6.793226e+02	1.078740e-02
6.795561e+02	1.078800e-02
6.797802e+02	1.078450e-02
6.800094e+02	1.078360e-02
6.802430e+02	1.078080e-02
6.804757e+02	1.078070e-02
6.807193e+02	1.078080e-02
6.809428e+02	1.077800e-02
6.811727e+02	1.077790e-02
6.814056e+02	1.077690e-02
6.816306e+02	1.077630e-02
6.818664e+02	1.077650e-02
6.820901e+02	1.077570e-02
6.823197e+02	1.077470e-02
6.825505e+02	1.076940e-02
6.827743e+02	1.077180e-02
6.830049e+02	1.076950e-02
6.832307e+02	1.076960e-02
6.834607e+02	1.076930e-02
6.836977e+02	1.076960e-02
6.839207e+02	1.076880e-02
6.841485e+02	1.076570e-02
6.843782e+02	1.076820e-02
6.846081e+02	1.076730e-02
6.848322e+02	1.076570e-02
6.850620e+02	1.076460e-02
6.852916e+02	1.076330e-02
6.855218e+02	1.076260e-02
6.857467e+02	1.076250e-02
6.859822e+02	1.076020e-02
6.862099e+02	1.076230e-02
6.864475e+02	1.075870e-02
6.866709e+02	1.075830e-02
6.869464e+02	1.075690e-02
6.871737e+02	1.075530e-02
6.874038e+02	1.075470e-02
6.876348e+02	1.075360e-02
6.878607e+02	1.075330e-02
6.880915e+02	1.075020e-02
6.883177e+02	1.075300e-02
6.885538e+02	1.074990e-02
6.887780e+02	1.074760e-02
6.890077e+02	1.074850e-02
6.892369e+02	1.074680e-02
6.894682e+02	1.074670e-02
6.896911e+02	1.074760e-02
6.899199e+02	1.074580e-02
6.901499e+02	1.074320e-02
6.903834e+02	1.074340e-02
6.906057e+02	1.074230e-02
6.908381e+02	1.074390e-02
6.910638e+02	1.074150e-02
6.912989e+02	1.074150e-02
6.915238e+02	1.073750e-02
6.917520e+02	1.073750e-02
6.919833e+02	1.073830e-02
6.922077e+02	1.073870e-02
6.924395e+02	1.073450e-02
6.926651e+02	1.073320e-02
6.928955e+02	1.073090e-02
6.931266e+02	1.073030e-02
6.933613e+02	1.073160e-02
6.935848e+02	1.073190e-02
6.938326e+02	1.073130e-02
6.940564e+02	1.072590e-02
6.942901e+02	1.072910e-02
6.945335e+02	1.072930e-02
6.947593e+02	1.072630e-02
6.949903e+02	1.072450e-02
6.952147e+02	1.072740e-02
6.954436e+02	1.072920e-02
6.956727e+02	1.072740e-02
6.959027e+02	1.072660e-02
6.961378e+02	1.072670e-02
6.963614e+02	1.072460e-02
6.965917e+02	1.072300e-02
6.968201e+02	1.072320e-02
6.970516e+02	1.072290e-02
6.972807e+02	1.072340e-02
6.975100e+02	1.072100e-02
6.977409e+02	1.072060e-02
6.979632e+02	1.072050e-02
6.981964e+02	1.071890e-02
6.984217e+02	1.071700e-02
6.986514e+02	1.071640e-02
6.988840e+02	1.071720e-02
6.991073e+02	1.071600e-02
6.993357e+02	1.071570e-02
6.995639e+02	1.071400e-02
6.997972e+02	1.071110e-02
7.000205e+02	1.071170e-02
7.002536e+02	1.071220e-02
7.004773e+02	1.070810e-02
7.007070e+02	1.070950e-02
7.009378e+02	1.070810e-02
7.011614e+02	1.070860e-02
7.013926e+02	1.070850e-02
7.016175e+02	1.071130e-02
7.018487e+02	1.070740e-02
7.021129e+02	1.070760e-02
7.023424e+02	1.070540e-02
7.025711e+02	1.070500e-02
7.028005e+02	1.070520e-02
7.030400e+02	1.070410e-02
7.032641e+02	1.070580e-02
7.034947e+02	1.070410e-02
7.037238e+02	1.070310e-02
7.039498e+02	1.070360e-02
7.041787e+02	1.070360e-02
7.044046e+02	1.070360e-02
7.046337e+02	1.070230e-02
7.048655e+02	1.070130e-02
7.050957e+02	1.070060e-02
7.053259e+02	1.070170e-02
7.055588e+02	1.069940e-02
7.057835e+02	1.069970e-02
7.060129e+02	1.069710e-02
7.062398e+02	1.069880e-02
7.064707e+02	1.069770e-02
7.067017e+02	1.069690e-02
7.069291e+02	1.069430e-02
7.071617e+02	1.069650e-02
7.073952e+02	1.069520e-02
7.076195e+02	1.069720e-02
7.078501e+02	1.069550e-02
7.080798e+02	1.069520e-02
7.083118e+02	1.069240e-02
7.085555e+02	1.069370e-02
7.087783e+02	1.069070e-02
7.090056e+02	1.069180e-02
7.092367e+02	1.069020e-02
7.094597e+02	1.069000e-02
7.096918e+02	1.069010e-02
7.099167e+02	1.068830e-02
7.101557e+02	1.068900e-02
7.103825e+02	1.068910e-02
7.106146e+02	1.068700e-02
7.108395e+02	1.068600e-02
7.110693e+02	1.068620e-02
7.113000e+02	1.068660e-02
7.115239e+02	1.068540e-02
7.117577e+02	1.068500e-02
7.119821e+02	1.068390e-02
7.122185e+02	1.068500e-02
7.124420e+02	1.068310e-02
7.126795e+02	1.068160e-02
7.129034e+02	1.068340e-02
7.131400e+02	1.068070e-02
7.133830e+02	1.068030e-02
7.136088e+02	1.068020e-02
7.138400e+02	1.068150e-02
7.140643e+02	1.067860e-02
7.142938e+02	1.067730e-02
7.145247e+02	1.067800e-02
7.147487e+02	1.067740e-02
7.149819e+02	1.067670e-02
7.152062e+02	1.067420e-02
7.154359e+02	1.067860e-02
7.156685e+02	1.067740e-02
7.159122e+02	1.067700e-02
7.161373e+02	1.067620e-02
7.163676e+02	1.067660e-02
7.165975e+02	1.067540e-02
7.168296e+02	1.067300e-02
7.170644e+02	1.067610e-02
7.173280e+02	1.067370e-02
7.175633e+02	1.067450e-02
7.177862e+02	1.067350e-02
7.180197e+02	1.067300e-02
7.182638e+02	1.067160e-02
7.184884e+02	1.066890e-02
7.187185e+02	1.067180e-02
7.189488e+02	1.067020e-02
7.191807e+02	1.067130e-02
7.194189e+02	1.066990e-02
7.196632e+02	1.067100e-02
7.199075e+02	1.066940e-02
7.201531e+02	1.066900e-02
7.203776e+02	1.066760e-02
7.206076e+02	1.066720e-02
7.208397e+02	1.066650e-02
7.210653e+02	1.066710e-02
7.213036e+02	1.066680e-02
7.215286e+02	1.066650e-02
7.217636e+02	1.066510e-02
7.219879e+02	1.066440e-02
7.222211e+02	1.066470e-02
7.224520e+02	1.066310e-02
7.226757e+02	1.066450e-02
7.229098e+02	1.066380e-02
7.231416e+02	1.066550e-02
7.233668e+02	1.066780e-02
7.236028e+02	1.066520e-02
7.238365e+02	1.066420e-02
7.240600e+02	1.066110e-02
7.242917e+02	1.066020e-02
7.245362e+02	1.066180e-02
7.247594e+02	1.065980e-02
7.249891e+02	1.066320e-02
7.252148e+02	1.066080e-02
7.254451e+02	1.065990e-02
7.256760e+02	1.066130e-02
7.259007e+02	1.066020e-02
7.261353e+02	1.065890e-02
7.263811e+02	1.065740e-02
7.266038e+02	1.065910e-02
7.268353e+02	1.065640e-02
7.270593e+02	1.065770e-02
7.272944e+02	1.065620e-02
7.275181e+02	1.065770e-02
7.277487e+02	1.065830e-02
7.279732e+02	1.065710e-02
7.282015e+02	1.065760e-02
7.284368e+02	1.065690e-02
7.286810e+02	1.065680e-02
7.289047e+02	1.065400e-02
7.291378e+02	1.065530e-02
7.293708e+02	1.065350e-02
7.296165e+02	1.065400e-02
7.298411e+02	1.065290e-02
7.300766e+02	1.065480e-02
7.303016e+02	1.065190e-02
7.305338e+02	1.065230e-02
7.307578e+02	1.065280e-02
7.309884e+02	1.065250e-02
7.312173e+02	1.065080e-02
7.314469e+02	1.064880e-02
7.316756e+02	1.064780e-02
7.319048e+02	1.064840e-02
7.321379e+02	1.064760e-02
7.324028e+02	1.064710e-02
7.326316e+02	1.064810e-02
7.328618e+02	1.064990e-02
7.330932e+02	1.065020e-02
7.333178e+02	1.064910e-02
7.335502e+02	1.064780e-02
7.337808e+02	1.064560e-02
7.340110e+02	1.064670e-02
7.342422e+02	1.064400e-02
7.344663e+02	1.064730e-02
7.346955e+02	1.064650e-02
7.349292e+02	1.064630e-02
7.351515e+02	1.064570e-02
7.353820e+02	1.064610e-02
7.356180e+02	1.064410e-02
7.358617e+02	1.064530e-02
7.360853e+02	1.064440e-02
7.363149e+02	1.064650e-02
7.365407e+02	1.064470e-02
7.367708e+02	1.064470e-02
7.370068e+02	1.064210e-02
7.372379e+02	1.064140e-02
7.374614e+02	1.064150e-02
7.376943e+02	1.064240e-02
7.379189e+02	1.064080e-02
7.381516e+02	1.064020e-02
7.384150e+02	1.064130e-02
7.386387e+02	1.064140e-02
7.388754e+02	1.064140e-02
7.391007e+02	1.063910e-02
7.393301e+02	1.063760e-02
7.395618e+02	1.063950e-02
7.397928e+02	1.063770e-02
7.400265e+02	1.063790e-02
7.402557e+02	1.063620e-02
7.404883e+02	1.063830e-02
7.407138e+02	1.064010e-02
7.409498e+02	1.063780e-02
7.411753e+02	1.063500e-02
7.414052e+02	1.063610e-02
7.416346e+02	1.063610e-02
7.418703e+02	1.063570e-02
7.420953e+02	1.063290e-02
7.423308e+02	1.063660e-02
7.425549e+02	1.063580e-02
7.427908e+02	1.063510e-02
7.430138e+02	1.063350e-02
7.432461e+02	1.063130e-02
7.434689e+02	1.063300e-02
7.437000e+02	1.063080e-02
7.439303e+02	1.063390e-02
7.441646e+02	1.063290e-02
7.443878e+02	1.063090e-02
7.446209e+02	1.063290e-02
7.448651e+02	1.063170e-02
7.450909e+02	1.063300e-02
7.453278e+02	1.063260e-02
7.455517e+02	1.062880e-02
7.457828e+02	1.063330e-02
7.460051e+02	1.063160e-02
