Pos [°2Th]	Iobs [cts]
199973	0
200233	-850352
200493	83230
200753	-131623
201013	66146
201273	-314053
201533	-107580
201793	-557447
202053	99405
202313	677886
202573	157669
202833	553921
203093	-415761
203353	1416738
203613	174468
203873	-196515
204133	518428
204393	-52979
204653	201620
204913	1144810
205173	498481
205433	926866
205693	348466
205953	-4358
206213	-78364
206473	-27145
206733	-128361
206993	93934
207253	257977
207513	-163147
207773	-433131
208033	-399983
208293	295418
208553	519598
208813	-449464
209073	-247174
209333	-205121
209593	-200802
209853	-17525
210113	664878
210373	1370740
210633	803426
210893	412069
211153	639370
211413	162390
211673	494936
211933	350164
212193	-145742
212453	-54913
212713	115136
212973	463129
213233	258713
213493	-325749
213753	-321026
214013	193265
214273	37842
214533	-269854
214793	108301
215053	123860
215313	-261353
215573	-621104
215833	-409099
216093	505568
216353	396582
216613	-481990
216873	606334
217133	658429
217393	67884
217653	-184666
217913	126495
218173	-19375
218433	-57129
218693	75899
218953	122256
219213	-93762
219473	-440785
219733	-54047
219993	984286
220253	272161
220513	190609
220773	-90685
221033	10247
221293	228570
221553	-45273
221813	-540649
222073	-410238
222333	220742
222593	608306
222853	-567370
223113	-2704
223373	33097
223633	353057
223893	936510
224153	734014
224413	504597
224673	-278270
224933	821673
225193	-111628
225453	-252647
225713	-305117
225973	1323084
226233	1526938
226493	940436
226753	792334
227013	-204191
227273	493161
227533	221032
227793	907658
228053	647045
228313	806578
228573	1267552
228833	188537
229093	-489707
229353	-413237
229613	369387
229873	1183283
230133	719815
230393	1058017
230653	724910
230913	471820
231173	-288456
231433	315657
231693	-45948
231953	309903
232213	749822
232473	-153506
232733	-909777
232993	596326
233253	-50752
233513	352212
233773	121559
234033	883963
234293	858170
234553	245779
234813	507048
235073	270506
235333	438780
235593	272632
235853	969610
236113	1347953
236373	1312308
236633	1319240
236893	1586973
237153	2058563
237413	1927902
237673	2262848
237933	2688556
238193	3244593
238453	3984264
238713	4114965
238973	5004954
239233	5836647
239493	5937877
239753	7365842
240013	8747780
240273	9711698
240533	11367100
240793	12180010
241053	12833390
241313	13770460
241573	15042060
241833	16760280
242093	17884240
242353	19529730
242613	20459400
242873	21538400
243133	23122880
243393	23303390
243653	23800760
243913	24850360
244173	25287360
244433	25504420
244693	24222220
244953	22318450
245213	22380480
245473	22140320
245733	20633590
245993	20376020
246253	19902480
246513	19362240
246773	17026310
247033	16969310
247293	18001100
247553	16922500
247813	18482700
248073	19463270
248333	18601170
248593	19236060
248853	20966680
249113	22033760
249373	23017770
249633	23184900
249893	23583240
250153	24784790
250413	23831510
250673	25010320
250933	25141760
251193	21961940
251453	21881060
251713	20016130
251973	18205190
252233	16760640
252493	14420270
252753	12316450
253013	11277370
253273	8592334
253533	7976030
253793	6768552
254053	5957772
254313	4589828
254573	4124813
254833	3962391
255093	3229214
255353	1902314
255613	2389334
255873	2009693
256133	947429
256393	1173719
256653	1074700
256913	791887
257173	525449
257433	395079
257693	1162987
257953	-126465
258213	456840
258473	187830
258733	428236
258993	309122
259253	381453
259513	486181
259773	281397
260033	298824
260293	173803
260553	-624190
260813	-368342
261073	-10432
261333	-364833
261593	-697403
261853	-579657
262113	188958
262373	-118869
262633	366864
262893	410280
263153	584476
263413	485434
263673	-129769
263933	-49644
264193	258606
264453	146849
264713	-180884
264973	-138743
265233	321428
265493	517633
265753	762189
266013	606713
266273	396090
266533	856139
266793	910325
267053	896939
267313	289758
267573	-80251
267833	1492594
268093	2923496
268353	2989148
268613	2757276
268873	2537143
269133	2070549
269393	2544349
269653	2729997
269913	3164968
270173	3254875
270433	3125312
270693	3454780
270953	3973415
271213	3998628
271473	4565835
271733	5109523
271993	5559745
272253	6037916
272513	7298786
272773	7674960
273033	7931627
273293	8869870
273553	10591430
273813	11868730
274073	13199700
274333	13855070
274593	14109880
274853	17706920
275113	20521100
275373	23015490
275633	25383700
275893	29361350
276153	33931160
276413	36670910
276673	40417910
276933	45647540
277193	50929360
277453	57801260
277713	63104570
277973	68085390
278233	71603650
278493	75632060
278753	80301700
279013	80613920
279273	81522490
279533	80147520
279793	76792680
280053	72914190
280313	69981380
280573	64852830
280833	59225600
281093	54311750
281353	47825750
281613	41427910
281873	36023710
282133	32337500
282393	28249780
282653	24649520
282913	21600980
283173	18276170
283433	16595820
283693	14549000
283953	12262200
284213	10758740
284473	9510802
284733	8597201
284993	7604239
285253	6174820
285513	5873346
285773	5278772
286033	3821179
286293	3255311
286553	2946635
286813	3694276
287073	3513553
287333	2746991
287593	3212267
287853	3115178
288113	2562766
288373	1323278
288633	1377987
288893	1232082
289153	1028298
289413	625894
289673	91527
289933	563719
290193	748101
290453	589427
290713	39539
290973	-437402
291233	33591
291493	401563
291753	420751
292013	231235
292273	2603
292533	168533
292793	-35196
293053	-150164
293313	503978
293573	405121
293833	-359340
294093	-440153
294353	-84488
294613	-12275
294873	21701
295133	225098
295393	-128645
295653	-92599
295913	-92262
296173	181550
296433	106540
296693	-154486
296953	425784
297213	210545
297473	105371
297733	-66768
297993	238174
298253	-343761
298513	-157683
298773	-329237
299033	-240884
299293	156882
299553	614932
299813	22768
300073	-410487
300333	170975
300593	189129
300853	-182029
301113	208077
301373	119452
301633	-91738
301893	-349579
302153	437338
302413	323177
302673	610224
302933	-218008
303193	-466294
303453	268980
303713	777229
303973	632382
304233	453149
304493	143540
304753	293355
305013	-41327
305273	330647
305533	223046
305793	442754
306053	6208
306313	-566252
306573	-119354
306833	-158852
307093	-386531
307353	103981
307613	514114
307873	131219
308133	726396
308393	-310173
308653	453319
308913	294309
309173	97349
309433	-580533
309693	699185
309953	229466
310213	388560
310473	933404
310733	629479
310993	95630
311253	78551
311513	44095
311773	367138
312033	-340102
312293	150758
312553	94223
312813	-210114
313073	-43519
313333	581307
313593	-92083
313853	40986
314113	42051
314373	74086
314633	100891
314893	-18484
315153	-173468
315413	-232375
315673	-239324
315933	-12006
316193	475673
316453	569229
316713	104584
316973	140427
317233	-165195
317493	-458386
317753	-593767
318013	-538617
318273	21316
318533	275705
318793	117061
319053	-323173
319313	-181427
319573	231272
319833	294362
320093	489818
320353	532777
320613	368939
320873	375588
321133	-113010
321393	-103436
321653	330390
321913	325397
322173	566176
322433	140352
322693	-175218
322953	-200108
323213	49979
323473	412004
323733	235507
323993	627574
324253	380869
324513	-72098
324773	-99037
325033	20573
325293	6203
325553	-42430
325813	-9400
326073	-135497
326333	-75214
326593	-36275
326853	230661
327113	554727
327373	623062
327633	-50018
327893	550337
328153	102799
328413	447268
328673	-202852
328933	-239469
329193	64649
329453	486223
329713	-77325
329973	118914
330233	231224
330493	-219513
330753	27587
331013	127532
331273	670709
331533	313294
331793	130152
332053	-480828
332313	-127523
332573	699761
332833	499639
333093	323302
333353	16452
333613	-15227
333873	88734
334133	-147370
334393	-307918
334653	163687
334913	393584
335173	-212583
335433	304275
335693	-437772
335953	-136392
336213	256534
336473	-206383
336733	454884
336993	-262816
337253	375747
337513	196889
337773	1334994
338033	481486
338293	-282865
338553	-446035
338813	-541091
339073	-105329
339333	38308
339593	78096
339853	509660
340113	679314
340373	494640
340633	214407
340893	228252
341153	189798
341413	13755
341673	-199575
341933	-81493
342193	-63961
342453	-8609
342713	-40455
342973	68107
343233	153251
343493	-216350
343753	161877
344013	389169
344273	-71783
344533	-47070
344793	-193852
345053	-219261
345313	230972
345573	179429
345833	-83698
346093	-324895
346353	-518344
346613	-12450
346873	449402
347133	363251
347393	381178
347653	533538
347913	925808
348173	979120
348433	512321
348693	791381
348953	1194127
349213	1926143
349473	1552754
349733	1914181
349993	2417298
350253	3124059
350513	2940375
350773	3334571
351033	4467652
351293	5090509
351553	5026280
351813	4904134
352073	6310648
352333	5612507
352593	4327270
352853	5534291
353113	5511486
353373	4495702
353633	5482704
353893	5051408
354153	4306437
354413	3775954
354673	3215474
354933	3304952
355193	2738200
355453	1492919
355713	2226473
355973	2019612
356233	2275320
356493	1805789
356753	992059
357013	1441777
357273	1635866
357533	655340
357793	638609
358053	847476
358313	525265
358573	80491
358833	643521
359093	159528
359353	252694
359613	-83828
359873	819918
360133	-293185
360393	-327662
360653	431014
360913	-252201
361173	165811
361433	-134378
361693	132491
361953	-332291
362213	70179
362473	692153
362733	188532
362993	-188455
363253	-145891
363513	873082
363773	544806
364033	-104759
364293	-139691
364553	-155260
364813	308653
365073	1111853
365333	1422694
365593	1013559
365853	524573
366113	34825
366373	-126394
366633	-143795
366893	109635
367153	468380
367413	449806
367673	22555
367933	178719
368193	338962
368453	83298
368713	543539
368973	568446
369233	435284
369493	319809
369753	526091
370013	1012338
370273	965567
370533	585404
370793	241181
371053	424742
371313	510404
371573	583340
371833	704571
372093	600972
372353	418761
372613	184659
372873	634391
373133	703534
373393	571224
373653	306924
373913	454977
374173	288051
374433	-173009
374693	-237199
374953	188784
375213	410691
375473	925806
375733	1145568
375993	504668
376253	320097
376513	-5153
376773	248473
377033	843680
377293	442368
377553	941252
377813	170759
378073	847024
378333	-346451
378593	15114
378853	293062
379113	253922
379373	-649704
379633	-76468
379893	696582
380153	456679
380413	762043
380673	335621
380933	34069
381193	582694
381453	961827
381713	453076
381973	-349683
382233	463000
382493	164753
382753	1064529
383013	239149
383273	262198
383533	245834
383793	978005
384053	-255390
384313	-187452
384573	-27695
384833	767478
385093	42027
385353	275700
385613	-395149
385873	149199
386133	608372
386393	230927
386653	29014
386913	-267374
387173	-8853
387433	371349
387693	-133014
387953	236619
388213	184362
388473	232046
388733	309137
388993	419741
389253	-259323
389513	121952
389773	498035
390033	540859
390293	697353
390553	662705
390813	457091
391073	285086
391333	-335572
391593	-186573
391853	341202
392113	136425
392373	398500
392633	270884
392893	453159
393153	482766
393413	292295
393673	282966
393933	481630
394193	66825
394453	46494
394713	915313
394973	2881249
395233	2071285
395493	48193
395753	329214
396013	1724573
396273	1844086
396533	733728
396793	303922
397053	321985
397313	303848
397573	75132
397833	-216651
398093	-352187
398353	-48664
398613	155139
398873	-314270
399133	124176
399393	412674
399653	128069
399913	149274
400173	76808
400433	-86614
400693	-103501
400953	433075
401213	403313
401473	14455
401733	-40955
401993	-187324
402253	-94035
402513	261987
402773	196217
403033	-9740
403293	-358040
403553	-351426
403813	297288
404073	486422
404333	-141543
404593	-310736
404853	-300866
405113	-638896
405373	895446
405633	118643
405893	343838
406153	465021
406413	466789
406673	851311
406933	807368
407193	560374
407453	400684
407713	122527
407973	-25562
408233	127822
408493	197478
408753	713375
409013	24779
409273	357363
409533	1086525
409793	206080
410053	-389378
410313	-291638
410573	-65926
410833	448949
411093	-203924
411353	-196990
411613	-487844
411873	868010
412133	51501
412393	-431427
412653	-358696
412913	-462230
413173	301136
413433	-25152
413693	-242429
413953	-167291
414213	80814
414473	758817
414733	181924
414993	-530778
415253	-235688
415513	-206331
415773	-8054
416033	-328474
416293	31569
416553	290773
416813	-138779
417073	-105077
417333	-344192
417593	-220223
417853	196573
418113	438892
418373	889304
418633	234019
418893	101396
419153	34007
419413	294182
419673	366393
419933	319617
420193	18012
420453	-338788
420713	-58303
420973	664770
421233	593711
421493	434427
421753	347890
422013	168395
422273	-61710
422533	-330423
422793	59261
423053	694659
423313	423029
423573	250265
423833	756687
424093	680527
424353	328565
424613	445104
424873	736872
425133	707736
425393	584264
425653	328921
425913	33908
426173	133373
426433	-100091
426693	92706
426953	35923
427213	-78376
427473	142593
427733	317948
427993	397276
428253	-247637
428513	-61016
428773	102427
429033	366466
429293	-56241
429553	6944
429813	43814
430073	268114
430333	210487
430593	563964
430853	741439
431113	-225850
431373	635137
431633	257185
431893	372502
432153	895266
432413	1578143
432673	881197
432933	996634
433193	1695356
433453	1719436
433713	1925333
433973	1083049
434233	2348375
434493	3151054
434753	3139871
435013	3458612
435273	4407482
435533	4808193
435793	5022749
436053	5227404
436313	6922575
436573	7545008
436833	7751788
437093	9021012
437353	10920570
437613	12347370
437873	13742260
438133	16667960
438393	19014200
438653	20140420
438913	25088170
439173	24979690
439433	28282720
439693	31532160
439953	34125100
440213	38060790
440473	38669900
440733	39949300
440993	41164160
441253	41850830
441513	42314220
441773	40280900
442033	38703730
442293	35860350
442553	34008150
442813	31498630
443073	29167600
443333	26589900
443593	23303450
443853	21056930
444113	19774720
444373	17316540
444633	15680450
444893	14832190
445153	14017600
445413	13070000
445673	12828510
445933	12173570
446193	12079900
446453	13073550
446713	13900670
446973	14578650
447233	15276120
447493	16380520
447753	16709010
448013	18239960
448273	19930950
448533	20414000
448793	21758950
449053	24339540
449313	26707110
449573	27979600
449833	29752800
450093	31805370
450353	33328710
450613	34361850
450873	35382740
451133	36385760
451393	36652630
451653	37372780
451913	37084490
452173	36025000
452433	34960340
452693	34150140
452953	31477520
453213	29313000
453473	27951400
453733	25156980
453993	23500350
454253	21088320
454513	19333750
454773	18792810
455033	16259610
455293	14757230
455553	13050310
455813	11787850
456073	10605620
456333	8877485
456593	7712016
456853	6942862
457113	6743964
457373	6115092
457633	4668432
457893	4249965
458153	4012655
458413	3420538
458673	3550119
458933	2434884
459193	2841114
459453	2151188
459713	1235506
459973	2182811
460233	1585028
460493	841638
460753	858516
461013	626080
461273	744209
461533	575810
461793	759299
462053	314380
462313	611847
462573	-380944
462833	112102
463093	715264
463353	856083
463613	310083
463873	-495275
464133	-304481
464393	259967
464653	671340
464913	602132
465173	-284520
465433	-380807
465693	402363
465953	408466
466213	795961
466473	431939
466733	388014
466993	-205409
467253	252986
467513	-681911
467773	-60010
468033	-290603
468293	124205
468553	-3766
468813	433817
469073	503554
469333	349387
469593	-143167
469853	112966
470113	-288555
470373	-431822
470633	497428
470893	464174
471153	335785
471413	60273
471673	64476
471933	279514
472193	43557
472453	208894
472713	293139
472973	300245
473233	559792
473493	229197
473753	11718
474013	234043
474273	190926
474533	-38102
474793	115653
475053	10861
475313	157559
475573	557138
475833	426746
476093	233353
476353	221224
476613	304464
476873	280130
477133	403289
477393	80998
477653	-135930
477913	-4511
478173	180094
478433	508938
478693	480616
478953	415298
479213	945951
479473	264232
479733	-100256
479993	272325
480253	386769
480513	-64956
480773	333677
481033	-176730
481293	-612833
481553	-109567
481813	202065
482073	453847
482333	-9022
482593	175446
482853	106269
483113	-265600
483373	358214
483633	720004
483893	-73295
484153	420320
484413	825200
484673	485701
484933	265074
485193	156945
485453	-15582
485713	-103969
485973	765951
486233	731865
486493	-10037
486753	-53750
487013	-426907
487273	221274
487533	641165
487793	-296830
488053	712854
488313	-532739
488573	667422
488833	-153429
489093	21347
489353	76989
489613	468002
489873	1024554
490133	440543
490393	153821
490653	432210
490913	239456
491173	-140369
491433	60799
491693	43925
491953	-14726
492213	-369962
492473	62327
492733	67946
492993	335905
493253	301512
493513	-300289
493773	-46641
494033	209002
494293	442799
494553	401883
494813	452317
495073	523922
495333	-385656
495593	-446057
495853	190267
496113	8540
496373	507154
496633	639053
496893	498040
497153	283255
497413	524688
497673	-92032
497933	-46757
498193	16656
498453	-69903
498713	220038
498973	588722
499233	654234
499493	569098
499753	178710