1.54056
5   0   4.4
5.02   0   4.4
5.04   0   4.4
5.06   0   4.4
5.08   0   4.4
5.1   0   4.4
5.12   0   4.4
5.14   0   4.4
5.16   0   4.4
5.18   0   4.4
5.2   0   4.4
5.22   0   4.4
5.24   0   4.4
5.26   0   4.4
5.28   0   4.4
5.3   0   4.4
5.32   0   4.4
5.34   0   4.4
5.36   0   4.4
5.38   0   4.4
5.4   0   4.4
5.42   0   4.4
5.44   0   4.4
5.46   0   4.4
5.48   0   4.4
5.5   0   4.4
5.52   0   4.4
5.54   0   4.4
5.56   0   4.4
5.58   0   4.4
5.6   0   4.4
5.62   0   4.4
5.64   0   4.4
5.66   0   4.4
5.68   0   4.4
5.7   0   4.4
5.72   0   4.4
5.74   0   4.4
5.76   0   4.4
5.78   0   4.4
5.8   0   4.4
5.82   0   4.4
5.84   0   4.4
5.86   0   4.4
5.88   0   4.4
5.9   0   4.4
5.92   0   4.4
5.94   0   4.4
5.96   0   4.4
5.98   0   4.4
6   0   4.4
6.02   0   4.4
6.04   0   4.4
6.06   0   4.4
6.08   0   4.4
6.1   0   4.4
6.12   0   4.4
6.14   0   4.4
6.16   0   4.4
6.18   0   4.4
6.2   0   4.4
6.22   0   4.4
6.24   0   4.4
6.26   0   4.4
6.28   0   4.4
6.3   0   4.4
6.32   0   4.4
6.34   0   4.4
6.36   0   4.4
6.38   0   4.4
6.4   0   4.4
6.42   0   4.4
6.44   0   4.4
6.46   0   4.4
6.48   0   4.4
6.5   0   4.4
6.52   0   4.4
6.54   0   4.4
6.56   0   4.4
6.58   0   4.4
6.6   0   4.4
6.62   0   4.4
6.64   0   4.4
6.66   0   4.4
6.68   0   4.4
6.7   0   4.4
6.72   0   4.4
6.74   0   4.4
6.76   0   4.4
6.78   0   4.4
6.8   0   4.4
6.82   0   4.4
6.84   0   4.4
6.86   0   4.4
6.88   0   4.4
6.9   0   4.4
6.92   0   4.4
6.94   0   4.4
6.96   0   4.4
6.98   0   4.4
7   0   4.4
7.02   0   4.4
7.04   0   4.4
7.06   0   4.4
7.08   0   4.4
7.1   0   4.4
7.12   0   4.4
7.14   0   4.4
7.16   0   4.4
7.18   0   4.4
7.2   0   4.4
7.22   0   4.4
7.24   0   4.4
7.26   0   4.4
7.28   0   4.4
7.3   0   4.4
7.32   0   4.4
7.34   0   4.4
7.36   0   4.4
7.38   0   4.4
7.4   0   4.4
7.42   0   4.4
7.44   0   4.4
7.46   0   4.4
7.48   0   4.4
7.5   0   4.4
7.52   0   4.4
7.54   0   4.4
7.56   0   4.4
7.58   0   4.4
7.6   0   4.4
7.62   0   4.4
7.64   0   4.4
7.66   0   4.4
7.68   0   4.4
7.7   0   4.4
7.72   0   4.4
7.74   0   4.4
7.76   0   4.4
7.78   0   4.4
7.8   0   4.4
7.82   0   4.4
7.84   0   4.4
7.86   0   4.4
7.88   0   4.4
7.9   0   4.4
7.92   0   4.4
7.94   0   4.4
7.96   0   4.4
7.98   0   4.4
8   0   4.4
8.02   0   4.4
8.04   0   4.4
8.06   0   4.4
8.08   0   4.4
8.1   0   4.4
8.12   0   4.4
8.14   0   4.4
8.16   0   4.4
8.18   0   4.4
8.2   0   4.4
8.22   0   4.4
8.24   0   4.4
8.26   0   4.4
8.28   0   4.4
8.3   0   4.4
8.32   0   4.4
8.34   0   4.4
8.36   0   4.4
8.38   0   4.4
8.4   0   4.4
8.42   0   4.4
8.44   0   4.4
8.46   0   4.4
8.48   0   4.4
8.5   0   4.4
8.52   0   4.4
8.54   0   4.4
8.56   0   4.4
8.58   0   4.4
8.6   0   4.4
8.62   0   4.4
8.64   0   4.4
8.66   0   4.4
8.68   0   4.4
8.7   0   4.4
8.72   0   4.4
8.74   0   4.4
8.76   0   4.4
8.78   0   4.4
8.8   0   4.4
8.82   0   4.4
8.84   0   4.4
8.86   0   4.4
8.88   0   4.4
8.9   0   4.4
8.92   0   4.4
8.94   0   4.4
8.96   0   4.4
8.98   0   4.4
9   0   4.4
9.02   0   4.4
9.04   0   4.4
9.06   0   4.4
9.08   0   4.4
9.1   0   4.4
9.12   0   4.4
9.14   0   4.4
9.16   0   4.4
9.18   0   4.4
9.2   0   4.4
9.22   0   4.4
9.24   0   4.4
9.26   0   4.4
9.28   0   4.4
9.3   0   4.4
9.32   0   4.4
9.34   0   4.4
9.36   0   4.4
9.38   0   4.4
9.4   0   4.4
9.42   0   4.4
9.44   0   4.4
9.46   0   4.4
9.48   0   4.4
9.5   0   4.4
9.52   0   4.4
9.54   0   4.4
9.56   0   4.4
9.58   0   4.4
9.6   0   4.4
9.62   0   4.4
9.64   0   4.4
9.66   0   4.4
9.68   0   4.4
9.7   0   4.4
9.72   0   4.4
9.74   0   4.4
9.76   0   4.4
9.78   0   4.4
9.8   0   4.4
9.82   0   4.4
9.84   0   4.4
9.86   0   4.4
9.88   0   4.4
9.9   0   4.4
9.92   0   4.4
9.94   0   4.4
9.96   0   4.4
9.98   0   4.4
10   0   4.4
10.02   0   4.4
10.04   0   4.4
10.06   0   4.4
10.08   0   4.4
10.1   0   4.4
10.12   0   4.4
10.14   0   4.4
10.16   0   4.4
10.18   0   4.4
10.2   0   4.4
10.22   0   4.4
10.24   0   4.4
10.26   0   4.4
10.28   0   4.4
10.3   0   4.4
10.32   0   4.4
10.34   0   4.4
10.36   0   4.4
10.38   0   4.4
10.4   0   4.4
10.42   0   4.4
10.44   0   4.4
10.46   0   4.4
10.48   0   4.4
10.5   0   4.4
10.52   0   4.4
10.54   0   4.4
10.56   0   4.4
10.58   0   4.4
10.6   0   4.4
10.62   0   4.4
10.64   1.10717e-031   4.4
10.66   1.13849e-031   4.4
10.68   1.17116e-031   4.4
10.7   1.20525e-031   4.4
10.72   1.24085e-031   4.4
10.74   1.27806e-031   4.4
10.76   1.31696e-031   4.4
10.78   1.35767e-031   4.4
10.8   1.40029e-031   4.4
10.82   1.44495e-031   4.4
10.84   1.49178e-031   4.4
10.86   1.54092e-031   4.4
10.88   1.59253e-031   4.4
10.9   1.64678e-031   4.4
10.92   1.70384e-031   4.4
10.94   1.76392e-031   4.4
10.96   1.82723e-031   4.4
10.98   1.89401e-031   4.4
11   1.96452e-031   4.4
11.02   2.03904e-031   4.4
11.04   2.11787e-031   4.4
11.06   2.20136e-031   4.4
11.08   2.28988e-031   4.4
11.1   2.38385e-031   4.4
11.12   2.48372e-031   4.4
11.14   2.58999e-031   4.4
11.16   2.70322e-031   4.4
11.18   2.82404e-031   4.4
11.2   2.95313e-031   4.4
11.22   3.09127e-031   4.4
11.24   3.23932e-031   4.4
11.26   3.39825e-031   4.4
11.28   3.56916e-031   4.4
11.3   3.75328e-031   4.4
11.32   3.952e-031   4.4
11.34   4.1669e-031   4.4
11.36   4.39979e-031   4.4
11.38   4.65272e-031   4.4
11.4   4.92808e-031   4.4
11.42   5.22857e-031   4.4
11.44   5.55735e-031   4.4
11.46   5.91807e-031   4.4
11.48   6.315e-031   4.4
11.5   6.75314e-031   4.4
11.52   7.23838e-031   4.4
11.54   7.77771e-031   4.4
11.56   8.37944e-031   4.4
11.58   9.05355e-031   4.4
11.6   9.81209e-031   4.4
11.62   1.06697e-030   4.4
11.64   1.16444e-030   4.4
11.66   1.27583e-030   4.4
11.68   1.40391e-030   4.4
11.7   1.55217e-030   4.4
11.72   1.72505e-030   4.4
11.74   1.92828e-030   4.4
11.76   2.16935e-030   4.4
11.78   2.45815e-030   4.4
11.8   2.80801e-030   4.4
11.82   3.23723e-030   4.4
11.84   3.77132e-030   4.4
11.86   4.44679e-030   4.4
11.88   5.31724e-030   4.4
11.9   6.46446e-030   4.4
11.92   8.02145e-030   4.4
11.94   1.02265e-029   4.4
11.96   1.35471e-029   4.4
11.98   1.89053e-029   4.4
12   2.79278e-029   4.4
12.02   4.29083e-029   4.4
12.04   6.58043e-029   4.4
12.06   9.4074e-029   4.4
12.08   1.11464e-028   4.4
12.1   9.95714e-029   4.4
12.12   7.16706e-029   4.4
12.14   4.71036e-029   4.4
12.16   3.05432e-029   4.4
12.18   2.04547e-029   4.4
12.2   1.44773e-029   4.4
12.22   1.08196e-029   4.4
12.24   8.42684e-030   4.4
12.26   6.75669e-030   4.4
12.28   5.53554e-030   4.4
12.3   4.61411e-030   4.4
12.32   3.90223e-030   4.4
12.34   3.34147e-030   4.4
12.36   2.8923e-030   4.4
12.38   2.52722e-030   4.4
12.4   2.22664e-030   4.4
12.42   1.97631e-030   4.4
12.44   1.76569e-030   4.4
12.46   1.58686e-030   4.4
12.48   1.43375e-030   4.4
12.5   1.30168e-030   4.4
12.52   1.18698e-030   4.4
12.54   1.08674e-030   4.4
12.56   9.98642e-031   4.4
12.58   9.20804e-031   4.4
12.6   8.51699e-031   4.4
12.62   7.90069e-031   4.4
12.64   7.34879e-031   4.4
12.66   6.85262e-031   4.4
12.68   6.40494e-031   4.4
12.7   5.99966e-031   4.4
12.72   5.63158e-031   4.4
12.74   5.29631e-031   4.4
12.76   4.99006e-031   4.4
12.78   4.70958e-031   4.4
12.8   4.45206e-031   4.4
12.82   4.21507e-031   4.4
12.84   3.99649e-031   4.4
12.86   3.79445e-031   4.4
12.88   3.60734e-031   4.4
12.9   3.43372e-031   4.4
12.92   3.27232e-031   4.4
12.94   3.12203e-031   4.4
12.96   2.98185e-031   4.4
12.98   2.85089e-031   4.4
13   2.72837e-031   4.4
13.02   2.61357e-031   4.4
13.04   2.50586e-031   4.4
13.06   2.40467e-031   4.4
13.08   2.30949e-031   4.4
13.1   2.21984e-031   4.4
13.12   2.1353e-031   4.4
13.14   2.0555e-031   4.4
13.16   1.98009e-031   4.4
13.18   1.90875e-031   4.4
13.2   1.8412e-031   4.4
13.22   1.77717e-031   4.4
13.24   1.71642e-031   4.4
13.26   1.65873e-031   4.4
13.28   1.60389e-031   4.4
13.3   1.55174e-031   4.4
13.32   1.50208e-031   4.4
13.34   1.45477e-031   4.4
13.36   1.40966e-031   4.4
13.38   1.36661e-031   4.4
13.4   1.3255e-031   4.4
13.42   1.28622e-031   4.4
13.44   1.24866e-031   4.4
13.46   1.21273e-031   4.4
13.48   1.17832e-031   4.4
13.5   1.14535e-031   4.4
13.52   1.11375e-031   4.4
13.54   0   4.4
13.56   0   4.4
13.58   0   4.4
13.6   0   4.4
13.62   0   4.4
13.64   0   4.4
13.66   0   4.4
13.68   0   4.4
13.7   0   4.4
13.72   0   4.4
13.74   0   4.4
13.76   0   4.4
13.78   0   4.4
13.8   0   4.4
13.82   0   4.4
13.84   0   4.4
13.86   0   4.4
13.88   0   4.4
13.9   0   4.4
13.92   0   4.4
13.94   0   4.4
13.96   0   4.4
13.98   0   4.4
14   0   4.4
14.02   0   4.4
14.04   0   4.4
14.06   0   4.4
14.08   0   4.4
14.1   0   4.4
14.12   0   4.4
14.14   0   4.4
14.16   0   4.4
14.18   0   4.4
14.2   0   4.4
14.22   0   4.4
14.24   0   4.4
14.26   0   4.4
14.28   0   4.4
14.3   0   4.4
14.32   0   4.4
14.34   0   4.4
14.36   0   4.4
14.38   0   4.4
14.4   0   4.4
14.42   0   4.4
14.44   0   4.4
14.46   0   4.4
14.48   0   4.4
14.5   0   4.4
14.52   0   4.4
14.54   0   4.4
14.56   0   4.4
14.58   0   4.4
14.6   0   4.4
14.62   0   4.4
14.64   0   4.4
14.66   0   4.4
14.68   0   4.4
14.7   0   4.4
14.72   0   4.4
14.74   0   4.4
14.76   0   4.4
14.78   0   4.4
14.8   0   4.4
14.82   0   4.4
14.84   0   4.4
14.86   0   4.4
14.88   0   4.4
14.9   0   4.4
14.92   0   4.4
14.94   0   4.4
14.96   0   4.4
14.98   0   4.4
15   0   4.4
15.02   0   4.4
15.04   0   4.4
15.06   0   4.4
15.08   0   4.4
15.1   0   4.4
15.12   0   4.4
15.14   0   4.4
15.16   0   4.4
15.18   0   4.4
15.2   0   4.4
15.22   0   4.4
15.24   0   4.4
15.26   0   4.4
15.28   0   4.4
15.3   0   4.4
15.32   0   4.4
15.34   0   4.4
15.36   0   4.4
15.38   0   4.4
15.4   0   4.4
15.42   0   4.4
15.44   0   4.4
15.46   0   4.4
15.48   0   4.4
15.5   0   4.4
15.52   0   4.4
15.54   0   4.4
15.56   0   4.4
15.58   0   4.4
15.6   0   4.4
15.62   0   4.4
15.64   0   4.4
15.66   0   4.4
15.68   0   4.4
15.7   0   4.4
15.72   0   4.4
15.74   0   4.4
15.76   0   4.4
15.78   0   4.4
15.8   0   4.4
15.82   0   4.4
15.84   0   4.4
15.86   0   4.4
15.88   0   4.4
15.9   0   4.4
15.92   0   4.4
15.94   0   4.4
15.96   0   4.4
15.98   0   4.4
16   0   4.4
16.02   0   4.4
16.04   0   4.4
16.06   0   4.4
16.08   0   4.4
16.1   0   4.4
16.12   0   4.4
16.14   0   4.4
16.16   0   4.4
16.18   0   4.4
16.2   0   4.4
16.22   0   4.4
16.24   0   4.4
16.26   0   4.4
16.28   0   4.4
16.3   0   4.4
16.32   0   4.4
16.34   0   4.4
16.36   0   4.4
16.38   0   4.4
16.4   0   4.4
16.42   0   4.4
16.44   0   4.4
16.46   0   4.4
16.48   0   4.4
16.5   0   4.4
16.52   0   4.4
16.54   0   4.4
16.56   0   4.4
16.58   0   4.4
16.6   0   4.4
16.62   0   4.4
16.64   0   4.4
16.66   0   4.4
16.68   0   4.4
16.7   0   4.4
16.72   0   4.4
16.74   0   4.4
16.76   0   4.4
16.78   0   4.4
16.8   0   4.4
16.82   0   4.4
16.84   0   4.4
16.86   0   4.4
16.88   0   4.4
16.9   0   4.4
16.92   0   4.4
16.94   0   4.4
16.96   0   4.4
16.98   0   4.4
17   0   4.4
17.02   0   4.4
17.04   0   4.4
17.06   0   4.4
17.08   0   4.4
17.1   0   4.4
17.12   0   4.4
17.14   0   4.4
17.16   0   4.4
17.18   0   4.4
17.2   0   4.4
17.22   0   4.4
17.24   0   4.4
17.26   0   4.4
17.28   0   4.4
17.3   0   4.4
17.32   0   4.4
17.34   0   4.4
17.36   0   4.4
17.38   0   4.4
17.4   0   4.4
17.42   0   4.4
17.44   0   4.4
17.46   0   4.4
17.48   0   4.4
17.5   0   4.4
17.52   0   4.4
17.54   0   4.4
17.56   0   4.4
17.58   0   4.4
17.6   0   4.4
17.62   0   4.4
17.64   0   4.4
17.66   0   4.4
17.68   0   4.4
17.7   0   4.4
17.72   0   4.4
17.74   0   4.4
17.76   0   4.4
17.78   0   4.4
17.8   0   4.4
17.82   0   4.4
17.84   0   4.4
17.86   0   4.4
17.88   0   4.4
17.9   0   4.4
17.92   0   4.4
17.94   0   4.4
17.96   0   4.4
17.98   0   4.4
18   0   4.4
18.02   0   4.4
18.04   0   4.4
18.06   0   4.4
18.08   0   4.4
18.1   0   4.4
18.12   0   4.4
18.14   0   4.4
18.16   0   4.4
18.18   0   4.4
18.2   0   4.4
18.22   0   4.4
18.24   0   4.4
18.26   0   4.4
18.28   0   4.4
18.3   0   4.4
18.32   0   4.4
18.34   0   4.4
18.36   0   4.4
18.38   0   4.4
18.4   0   4.4
18.42   0   4.4
18.44   0   4.4
18.46   0   4.4
18.48   0   4.4
18.5   0   4.4
18.52   0   4.4
18.54   0   4.4
18.56   0   4.4
18.58   0   4.4
18.6   0   4.4
18.62   0   4.4
18.64   0   4.4
18.66   0   4.4
18.68   0   4.4
18.7   0   4.4
18.72   0   4.4
18.74   0   4.4
18.76   0   4.4
18.78   0   4.4
18.8   0   4.4
18.82   0   4.4
18.84   0   4.4
18.86   0   4.4
18.88   0   4.4
18.9   0   4.4
18.92   0   4.4
18.94   0   4.4
18.96   0   4.4
18.98   0   4.4
19   0   4.4
19.02   0   4.4
19.04   0   4.4
19.06   0   4.4
19.08   0   4.4
19.1   0   4.4
19.12   0   4.4
19.14   0   4.4
19.16   0   4.4
19.18   0   4.4
19.2   0   4.4
19.22   0   4.4
19.24   0   4.4
19.26   0   4.4
19.28   0   4.4
19.3   0   4.4
19.32   0   4.4
19.34   0   4.4
19.36   0   4.4
19.38   0   4.4
19.4   0   4.4
19.42   0   4.4
19.44   0   4.4
19.46   0   4.4
19.48   0   4.4
19.5   0   4.4
19.52   0   4.4
19.54   0   4.4
19.56   0   4.4
19.58   0   4.4
19.6   0   4.4
19.62   0   4.4
19.64   0   4.4
19.66   0   4.4
19.68   0   4.4
19.7   0   4.4
19.72   0   4.4
19.74   0   4.4
19.76   0   4.4
19.78   0   4.4
19.8   0   4.4
19.82   0   4.4
19.84   0   4.4
19.86   0   4.4
19.88   0   4.4
19.9   0   4.4
19.92   0   4.4
19.94   0   4.4
19.96   0   4.4
19.98   0   4.4
20   0   4.4
20.02   0   4.4
20.04   0   4.4
20.06   0   4.4
20.08   0   4.4
20.1   0   4.4
20.12   0   4.4
20.14   0   4.4
20.16   0   4.4
20.18   0   4.4
20.2   0   4.4
20.22   0   4.4
20.24   0   4.4
20.26   0   4.4
20.28   0   4.4
20.3   0   4.4
20.32   0   4.4
20.34   0   4.4
20.36   0   4.4
20.38   0   4.4
20.4   0   4.4
20.42   0   4.4
20.44   0   4.4
20.46   0   4.4
20.48   0   4.4
20.5   0   4.4
20.52   0   4.4
20.54   0   4.4
20.56   0   4.4
20.58   0   4.4
20.6   0   4.4
20.62   0   4.4
20.64   0   4.4
20.66   0   4.4
20.68   0   4.4
20.7   0   4.4
20.72   0   4.4
20.74   0   4.4
20.76   0   4.4
20.78   0   4.4
20.8   0   4.4
20.82   0   4.4
20.84   0   4.4
20.86   0   4.4
20.88   0   4.4
20.9   0   4.4
20.92   0   4.4
20.94   0   4.4
20.96   0   4.4
20.98   0   4.4
21   0   4.4
21.02   0   4.4
21.04   0   4.4
21.06   0   4.4
21.08   0   4.4
21.1   0   4.4
21.12   0   4.4
21.14   0   4.4
21.16   0   4.4
21.18   0   4.4
21.2   0   4.4
21.22   0   4.4
21.24   0   4.4
21.26   0   4.4
21.28   0   4.4
21.3   0   4.4
21.32   0   4.4
21.34   0   4.4
21.36   0   4.4
21.38   0   4.4
21.4   0   4.4
21.42   0   4.4
21.44   0   4.4
21.46   0   4.4
21.48   0   4.4
21.5   0   4.4
21.52   0   4.4
21.54   0   4.4
21.56   0   4.4
21.58   0   4.4
21.6   0   4.4
21.62   0   4.4
21.64   0   4.4
21.66   0   4.4
21.68   0   4.4
21.7   0   4.4
21.72   0   4.4
21.74   0   4.4
21.76   0   4.4
21.78   0   4.4
21.8   0   4.4
21.82   0   4.4
21.84   0   4.4
21.86   0   4.4
21.88   0   4.4
21.9   0   4.4
21.92   0   4.4
21.94   0   4.4
21.96   0   4.4
21.98   0   4.4
22   0   4.4
22.02   0   4.4
22.04   0   4.4
22.06   0   4.4
22.08   0   4.4
22.1   0   4.4
22.12   0   4.4
22.14   0   4.4
22.16   0   4.4
22.18   0   4.4
22.2   0   4.4
22.22   0   4.4
22.24   0   4.4
22.26   0   4.4
22.28   0   4.4
22.3   0   4.4
22.32   0   4.4
22.34   0   4.4
22.36   0   4.4
22.38   0   4.4
22.4   0   4.4
22.42   0   4.4
22.44   0   4.4
22.46   0   4.4
22.48   0   4.4
22.5   0   4.4
22.52   0   4.4
22.54   0   4.4
22.56   0   4.4
22.58   0   4.4
22.6   0   4.4
22.62   0   4.4
22.64   0   4.4
22.66   0   4.4
22.68   0   4.4
22.7   0   4.4
22.72   0   4.4
22.74   0   4.4
22.76   0   4.4
22.78   0   4.4
22.8   0   4.4
22.82   0   4.4
22.84   0   4.4
22.86   4.18412   4.4
22.88   4.30256   4.4
22.9   4.4261   4.4
22.92   4.55503   4.4
22.94   4.68968   4.4
22.96   4.83039   4.4
22.98   4.97752   4.4
23   5.13147   4.4
23.02   5.29267   4.4
23.04   5.46159   4.4
23.06   5.63872   4.4
23.08   5.82461   4.4
23.1   6.01983   4.4
23.12   6.22504   4.4
23.14   6.4409   4.4
23.16   6.66819   4.4
23.18   6.90772   4.4
23.2   7.16038   4.4
23.22   7.42714   4.4
23.24   7.70909   4.4
23.26   8.00739   4.4
23.28   11.4337   4.4
23.3   11.8569   4.4
23.32   12.3046   4.4
23.34   12.7787   4.4
23.36   13.2813   4.4
23.38   13.8148   4.4
23.4   14.3818   4.4
23.42   14.9853   4.4
23.44   15.6285   4.4
23.46   16.3151   4.4
23.48   17.049   4.4
23.5   17.8349   4.4
23.52   18.6778   4.4
23.54   19.5836   4.42533
23.56   20.5587   4.53417
23.58   21.6105   4.64871
23.6   22.7476   4.76945
23.62   23.9796   4.89689
23.64   25.3174   5.03164
23.66   26.774   5.17436
23.68   28.3641   5.32579
23.7   30.1048   5.48678
23.72   32.0163   5.65829
23.74   34.1221   5.84141
23.76   36.45   6.03738
23.78   39.0332   6.24766
23.8   41.9112   6.47389
23.82   45.1317   6.71801
23.84   48.7524   6.98229
23.86   52.8439   7.26938
23.88   57.4933   7.58243
23.9   62.8088   7.9252
23.92   68.9267   8.30221
23.94   76.02   8.71894
23.96   84.3113   9.18212
23.98   94.0909   9.70005
24   105.743   10.2831
24.02   119.782   10.9445
24.04   136.917   11.7011
24.06   158.132   12.575
24.08   184.837   13.5955
24.1   219.101   14.8021
24.12   264.085   16.2507
24.14   324.942   18.0261
24.16   410.936   20.2716
24.18   540.273   23.2438
24.2   748.765   27.3636
24.22   1099.11   33.1528
24.24   1678.58   40.9704
24.26   2558.43   50.5809
24.28   3628   60.2329
24.3   4248.36   65.1794
24.32   3758.11   61.3034
24.34   2703.76   51.9976
24.36   1793.91   42.3546
24.38   1187.14   34.4549
24.4   821.87   28.6683
24.42   609.65   24.6911
24.44   484.524   22.0119
24.46   408.281   20.206
24.48   361.83   19.0218
24.5   336.241   18.3369
24.52   327.648   18.1011
24.54   335.244   18.3097
24.56   361.049   19.0013
24.58   411.276   20.2799
24.6   500.131   22.3636
24.62   656.488   25.622
24.64   930.007   30.496
24.66   1386.26   37.2325
24.68   2067.22   45.4667
24.7   2839.57   53.2876
24.72   3160.15   56.2152
24.74   2664.9   51.6227
24.76   1871.91   43.2655
24.78   1231.21   35.0886
24.8   811.697   28.4903
24.82   558.291   23.6282
24.84   407.005   20.1744
24.86   312.563   17.6795
24.88   249.325   15.79
24.9   204.288   14.2929
24.92   170.811   13.0695
24.94   145.178   12.049
24.96   125.096   11.1846
24.98   109.061   10.4432
25   96.0433   9.80017
25.02   85.3225   9.23702
25.04   76.3804   8.73959
25.06   68.8375   8.29683
25.08   62.4109   7.90006
25.1   56.8864   7.5423
25.12   52.0988   7.21795
25.14   47.9197   6.92241
25.16   44.2477   6.6519
25.18   41.0019   6.40327
25.2   38.117   6.1739
25.22   35.5401   5.96155
25.24   33.2277   5.76435
25.26   31.1438   5.58066
25.28   29.2584   5.4091
25.3   27.5464   5.24847
25.32   25.9866   5.0977
25.34   24.561   4.9559
25.36   23.2542   4.82226
25.38   22.053   4.69606
25.4   20.946   4.57668
25.42   19.9234   4.46356
25.44   18.9765   4.4
25.46   18.0979   4.4
25.48   17.281   4.4
25.5   16.5201   4.4
25.52   15.8099   4.4
25.54   15.1459   4.4
25.56   14.5243   4.4
25.58   13.9412   4.4
25.6   13.3936   4.4
25.62   12.8785   4.4
25.64   12.3934   4.4
25.66   11.9359   4.4
25.68   11.504   4.4
25.7   11.0956   4.4
25.72   10.7092   4.4
25.74   10.3431   4.4
25.76   5.91125   4.4
25.78   5.69125   4.4
25.8   5.4833   4.4
25.82   5.28653   4.4
25.84   5.10017   4.4
25.86   4.92348   4.4
25.88   4.75581   4.4
25.9   4.59655   4.4
25.92   4.44516   4.4
25.94   4.30112   4.4
25.96   4.16397   4.4
25.98   4.03327   4.4
26   3.90863   4.4
26.02   3.78967   4.4
26.04   3.67607   4.4
26.06   3.56749   4.4
26.08   3.46365   4.4
26.1   3.36427   4.4
26.12   3.26911   4.4
26.14   12.9249   4.4
26.16   13.1103   4.4
26.18   10.3043   4.4
26.2   10.601   4.4
26.22   10.9108   4.4
26.24   11.2343   4.4
26.26   11.5725   4.4
26.28   11.9261   4.4
26.3   12.2962   4.4
26.32   12.6838   4.4
26.34   13.09   4.4
26.36   13.516   4.4
26.38   13.9631   4.4
26.4   14.4327   4.4
26.42   14.9265   4.4
26.44   15.446   4.4
26.46   15.9931   4.4
26.48   16.5698   4.4
26.5   17.1782   4.4
26.52   17.8207   4.4
26.54   18.5   4.4
26.56   19.2188   4.4
26.58   19.9802   4.46992
26.6   20.7878   4.55937
26.62   21.6454   4.65246
26.64   22.557   4.74942
26.66   23.5274   4.85051
26.68   24.5618   4.95599
26.7   25.6658   5.06615
26.72   26.8459   5.18131
26.74   28.1092   5.30181
26.76   29.4637   5.42805
26.78   30.9184   5.56043
26.8   32.4834   5.69942
26.82   34.1701   5.84552
26.84   35.9915   5.99929
26.86   37.9623   6.16136
26.88   40.0992   6.33239
26.9   42.4214   6.51317
26.92   44.951   6.70455
26.94   47.7133   6.90748
26.96   50.7376   7.12304
26.98   54.0583   7.35244
27   57.7152   7.59705
27.02   61.755   7.85844
27.04   66.2332   8.13838
27.06   71.2151   8.43891
27.08   76.7792   8.76238
27.1   83.0195   9.1115
27.12   90.0496   9.48945
27.14   98.0081   9.8999
27.16   107.065   10.3472
27.18   117.432   10.8366
27.2   129.372   11.3742
27.22   143.217   11.9674
27.24   159.395   12.6252
27.26   178.455   13.3587
27.28   201.117   14.1816
27.3   228.341   15.111
27.32   261.424   16.1686
27.34   302.15   17.3825
27.36   353.027   18.789
27.38   417.664   20.4368
27.4   501.402   22.392
27.42   612.502   24.7488
27.44   764.693   27.6531
27.46   983.248   31.3568
27.48   1318.33   36.3088
27.5   1867.2   43.2111
27.52   2793.65   52.855
27.54   4310.51   65.6545
27.56   6546.06   80.9077
27.58   9037.32   95.0648
27.6   10000   100
27.62   8351.36   91.3858
27.64   5813.03   76.2432
27.66   3785.95   61.5301
27.68   2466.55   49.6643
27.7   1673.38   40.9069
27.72   1201.98   34.6695
27.74   909.068   30.1507
27.76   713.993   26.7207
27.78   575.958   23.9991
27.8   474.104   21.7739
27.82   396.742   19.9184
27.84   336.658   18.3483
27.86   289.116   17.0034
27.88   250.885   15.8394
27.9   219.705   14.8224
27.92   193.954   13.9267
27.94   172.45   13.132
27.96   154.314   12.4223
27.98   138.88   11.7847
28   125.64   11.2089
28.02   114.2   10.6864
28.04   104.247   10.2101
28.06   95.5364   9.77427
28.08   87.87   9.3739
28.1   81.0879   9.00488
28.12   75.0595   8.66369
28.14   69.6775   8.3473
28.16   64.8528   8.05312
28.18   60.5112   7.7789
28.2   56.5906   7.52267
28.22   53.0382   7.28273
28.24   49.8095   7.05758
28.26   46.8663   6.8459
28.28   44.1761   6.64651
28.3   41.7106   6.45838
28.32   39.4457   6.28058
28.34   37.36   6.11228
28.36   35.4353   5.95276
28.38   33.6554   5.80133
28.4   32.0061   5.65739
28.42   30.475   5.52042
28.44   29.0511   5.38991
28.46   27.7246   5.26542
28.48   26.4868   5.14654
28.5   25.3301   5.0329
28.52   24.2474   4.92416
28.54   23.2326   4.82002
28.56   22.2801   4.72018
28.58   21.385   4.6244
28.6   20.5428   4.53241
28.62   19.7493   4.44401
28.64   19.0008   4.4
28.66   18.2941   4.4
28.68   17.6261   4.4
28.7   16.9939   4.4
28.72   16.3952   4.4
28.74   15.8275   4.4
28.76   15.2888   4.4
28.78   14.7771   4.4
28.8   14.2907   4.4
28.82   13.8279   4.4
28.84   13.3872   4.4
28.86   12.9672   4.4
28.88   12.5667   4.4
28.9   12.1844   4.4
28.92   11.8193   4.4
28.94   11.4704   4.4
28.96   11.1367   4.4
28.98   10.8173   4.4
29   10.5115   4.4
29.02   10.2185   4.4
29.04   9.93751   4.4
29.06   0   4.4
29.08   0   4.4
29.1   0   4.4
29.12   0   4.4
29.14   0   4.4
29.16   0   4.4
29.18   0   4.4
29.2   0   4.4
29.22   0   4.4
29.24   0   4.4
29.26   0   4.4
29.28   0   4.4
29.3   0   4.4
29.32   0   4.4
29.34   0   4.4
29.36   0   4.4
29.38   0   4.4
29.4   0   4.4
29.42   0   4.4
29.44   0   4.4
29.46   0   4.4
29.48   0   4.4
29.5   0   4.4
29.52   0   4.4
29.54   0   4.4
29.56   0   4.4
29.58   0   4.4
29.6   0   4.4
29.62   0   4.4
29.64   0   4.4
29.66   0   4.4
29.68   0   4.4
29.7   0   4.4
29.72   0   4.4
29.74   0   4.4
29.76   0   4.4
29.78   0   4.4
29.8   0   4.4
29.82   0   4.4
29.84   0   4.4
29.86   0   4.4
29.88   0   4.4
29.9   0   4.4
29.92   0   4.4
29.94   0   4.4
29.96   0   4.4
29.98   0   4.4
30   0   4.4
30.02   0   4.4
30.04   0   4.4
30.06   0   4.4
30.08   0   4.4
30.1   0   4.4
30.12   0   4.4
30.14   0   4.4
30.16   0   4.4
30.18   0   4.4
30.2   0   4.4
30.22   0   4.4
30.24   0   4.4
30.26   0   4.4
30.28   0   4.4
30.3   0   4.4
30.32   0   4.4
30.34   0   4.4
30.36   0   4.4
30.38   0   4.4
30.4   0   4.4
30.42   0   4.4
30.44   0   4.4
30.46   0   4.4
30.48   0   4.4
30.5   0   4.4
30.52   0   4.4
30.54   0   4.4
30.56   0   4.4
30.58   0   4.4
30.6   0   4.4
30.62   0   4.4
30.64   0   4.4
30.66   0   4.4
30.68   0   4.4
30.7   0   4.4
30.72   0   4.4
30.74   0   4.4
30.76   0   4.4
30.78   0   4.4
30.8   0   4.4
30.82   0   4.4
30.84   0   4.4
30.86   0   4.4
30.88   0   4.4
30.9   0   4.4
30.92   0   4.4
30.94   0   4.4
30.96   0   4.4
30.98   0   4.4
31   0   4.4
31.02   0   4.4
31.04   0   4.4
31.06   0   4.4
31.08   0   4.4
31.1   0   4.4
31.12   0   4.4
31.14   0   4.4
31.16   0   4.4
31.18   0   4.4
31.2   0   4.4
31.22   0   4.4
31.24   0   4.4
31.26   0   4.4
31.28   0   4.4
31.3   0   4.4
31.32   0   4.4
31.34   0   4.4
31.36   0   4.4
31.38   0   4.4
31.4   0   4.4
31.42   0   4.4
31.44   0   4.4
31.46   0   4.4
31.48   0   4.4
31.5   0   4.4
31.52   0   4.4
31.54   0   4.4
31.56   0   4.4
31.58   0   4.4
31.6   0   4.4
31.62   0   4.4
31.64   0   4.4
31.66   0   4.4
31.68   0   4.4
31.7   0   4.4
31.72   0   4.4
31.74   0   4.4
31.76   0   4.4
31.78   0   4.4
31.8   0   4.4
31.82   0   4.4
31.84   0   4.4
31.86   0   4.4
31.88   0   4.4
31.9   0   4.4
31.92   0   4.4
31.94   0   4.4
31.96   0   4.4
31.98   0   4.4
32   0   4.4
32.02   0   4.4
32.04   0   4.4
32.06   0   4.4
32.08   0   4.4
32.1   0   4.4
32.12   0   4.4
32.14   0   4.4
32.16   0   4.4
32.18   0   4.4
32.2   0   4.4
32.22   0   4.4
32.24   0   4.4
32.26   0   4.4
32.28   0   4.4
32.3   0   4.4
32.32   0   4.4
32.34   0   4.4
32.36   0   4.4
32.38   0   4.4
32.4   0   4.4
32.42   0   4.4
32.44   0   4.4
32.46   0   4.4
32.48   0   4.4
32.5   0   4.4
32.52   0   4.4
32.54   0   4.4
32.56   0   4.4
32.58   0   4.4
32.6   0   4.4
32.62   0   4.4
32.64   0   4.4
32.66   0   4.4
32.68   0   4.4
32.7   0   4.4
32.72   0   4.4
32.74   0   4.4
32.76   0   4.4
32.78   0   4.4
32.8   0   4.4
32.82   0   4.4
32.84   0   4.4
32.86   0   4.4
32.88   0   4.4
32.9   0   4.4
32.92   0   4.4
32.94   0   4.4
32.96   0   4.4
32.98   0   4.4
33   0   4.4
33.02   0   4.4
33.04   0   4.4
33.06   0   4.4
33.08   0   4.4
33.1   0   4.4
33.12   0   4.4
33.14   0   4.4
33.16   0   4.4
33.18   0   4.4
33.2   0   4.4
33.22   0   4.4
33.24   0   4.4
33.26   0   4.4
33.28   0   4.4
33.3   0   4.4
33.32   0   4.4
33.34   0   4.4
33.36   0   4.4
33.38   0   4.4
33.4   0   4.4
33.42   0   4.4
33.44   0   4.4
33.46   0   4.4
33.48   0   4.4
33.5   0.655624   4.4
33.52   0.674227   4.4
33.54   0.693633   4.4
33.56   0.713888   4.4
33.58   0.735044   4.4
33.6   0.757153   4.4
33.62   0.780275   4.4
33.64   0.804472   4.4
33.66   0.829811   4.4
33.68   0.856366   4.4
33.7   0.884216   4.4
33.72   0.913446   4.4
33.74   0.944148   4.4
33.76   0.976425   4.4
33.78   1.01038   4.4
33.8   1.04614   4.4
33.82   1.08384   4.4
33.84   1.1236   4.4
33.86   1.16559   4.4
33.88   1.20998   4.4
33.9   1.25696   4.4
33.92   1.30671   4.4
33.94   1.35949   4.4
33.96   1.41552   4.4
33.98   1.47508   4.4
34   1.53848   4.4
34.02   1.60605   4.4
34.04   1.67817   4.4
34.06   1.75526   4.4
34.08   1.83777   4.4
34.1   1.92624   4.4
34.12   2.02124   4.4
34.14   2.12343   4.4
34.16   2.23357   4.4
34.18   2.35249   4.4
34.2   2.48115   4.4
34.22   2.62065   4.4
34.24   2.77222   4.4
34.26   2.93731   4.4
34.28   3.11758   4.4
34.3   3.31492   4.4
34.32   3.53157   4.4
34.34   3.77011   4.4
34.36   4.03361   4.4
34.38   4.32565   4.4
34.4   4.65049   4.4
34.42   5.01323   4.4
34.44   5.41997   4.4
34.46   5.87809   4.4
34.48   6.39661   4.4
34.5   6.98656   4.4
34.52   7.66163   4.4
34.54   8.43892   4.4
34.56   9.34003   4.4
34.58   10.3925   4.4
34.6   11.6321   4.4
34.62   13.1053   4.4
34.64   14.8742   4.4
34.66   17.0226   4.4
34.68   19.6659   4.43462
34.7   22.9657   4.79225
34.72   27.1547   5.21101
34.74   32.5766   5.70759
34.76   39.7616   6.30568
34.78   49.588   7.04188
34.8   63.6645   7.979
34.82   85.1797   9.22928
34.84   120.337   10.9698
34.86   179.673   13.4042
34.88   277.084   16.6458
34.9   421.631   20.5337
34.92   585.92   24.2058
34.94   656.216   25.6167
34.96   554.087   23.539
34.98   387.663   19.6892
35   252.792   15.8994
35.02   164.529   12.8269
35.04   111.365   10.553
35.06   79.7938   8.93274
35.08   60.2305   7.76083
35.1   47.2407   6.87319
35.12   38.0696   6.17006
35.14   31.3125   5.59576
35.16   26.1859   5.11721
35.18   22.2077   4.7125
35.2   19.0623   4.4
35.22   16.5346   4.4
35.24   14.4742   4.4
35.26   12.7735   4.4
35.28   11.354   4.4
35.3   10.1572   4.4
35.32   9.13916   4.4
35.34   8.26613   4.4
35.36   7.51194   4.4
35.38   6.85604   4.4
35.4   6.28214   4.4
35.42   5.77715   4.4
35.44   5.33051   4.4
35.46   4.93358   4.4
35.48   4.57928   4.4
35.5   4.26172   4.4
35.52   3.97601   4.4
35.54   3.71803   4.4
35.56   3.48432   4.4
35.58   3.27193   4.4
35.6   3.07835   4.4
35.62   2.90143   4.4
35.64   2.7393   4.4
35.66   2.59038   4.4
35.68   2.45326   4.4
35.7   2.32673   4.4
35.72   2.20973   4.4
35.74   2.10133   4.4
35.76   2.0007   4.4
35.78   1.90713   4.4
35.8   1.81996   4.4
35.82   1.73863   4.4
35.84   1.66262   4.4
35.86   1.59149   4.4
35.88   1.52482   4.4
35.9   1.46226   4.4
35.92   1.40346   4.4
35.94   1.34814   4.4
35.96   1.29602   4.4
35.98   1.24686   4.4
36   1.20045   4.4
36.02   1.15658   4.4
36.04   1.11507   4.4
36.06   1.07575   4.4
36.08   1.03847   4.4
36.1   1.0031   4.4
36.12   0.969507   4.4
36.14   0.93757   4.4
36.16   0.907185   4.4
36.18   0.878253   4.4
36.2   0.850682   4.4
36.22   0.824389   4.4
36.24   0.799295   4.4
36.26   0.77533   4.4
36.28   0.752426   4.4
36.3   0.730522   4.4
36.32   0.70956   4.4
36.34   0.689487   4.4
36.36   0.670254   4.4
36.38   0.651814   4.4
36.4   1.10209e-030   4.4
36.42   1.21643e-030   4.4
36.44   1.34941e-030   4.4
36.46   1.50529e-030   4.4
36.48   1.68958e-030   4.4
36.5   1.90959e-030   4.4
36.52   2.17506e-030   4.4
36.54   2.49927e-030   4.4
36.56   2.90065e-030   4.4
36.58   3.40531e-030   4.4
36.6   4.05123e-030   4.4
36.62   4.89549e-030   4.4
36.64   6.02852e-030   4.4
36.66   7.60662e-030   4.4
36.68   9.92864e-030   4.4
36.7   1.35907e-029   4.4
36.72   1.97e-029   4.4
36.74   2.99668e-029   4.4
36.76   4.62607e-029   4.4
36.78   6.84724e-029   4.4
36.8   8.79187e-029   4.4
36.82   8.66864e-029   4.4
36.84   6.62032e-029   4.4
36.86   4.43936e-029   4.4
36.88   2.87393e-029   4.4
36.9   1.89604e-029   4.4
36.92   1.3153e-029   4.4
36.94   9.6588e-030   4.4
36.96   7.42827e-030   4.4
36.98   5.90299e-030   4.4
37   4.80321e-030   4.4
37.02   3.98135e-030   4.4
37.04   3.35117e-030   4.4
37.06   2.8579e-030   4.4
37.08   2.46496e-030   4.4
37.1   2.14713e-030   4.4
37.12   1.88656e-030   4.4
37.14   1.67037e-030   4.4
37.16   1.4891e-030   4.4
37.18   1.33565e-030   4.4
37.2   1.20464e-030   4.4
37.22   1.09191e-030   4.4
37.24   9.94232e-031   4.4
37.26   9.09047e-031   4.4
37.28   8.34322e-031   4.4
37.3   7.68416e-031   4.4
37.32   7.09998e-031   4.4
37.34   6.57979e-031   4.4
37.36   6.1146e-031   4.4
37.38   5.69694e-031   4.4
37.4   5.32056e-031   4.4
37.42   4.9802e-031   4.4
37.44   4.67142e-031   4.4
37.46   4.39044e-031   4.4
37.48   4.13403e-031   4.4
37.5   3.8994e-031   4.4
37.52   3.68417e-031   4.4
37.54   3.48625e-031   4.4
37.56   3.30383e-031   4.4
37.58   3.13535e-031   4.4
37.6   2.97942e-031   4.4
37.62   2.83483e-031   4.4
37.64   2.7005e-031   4.4
37.66   2.57548e-031   4.4
37.68   2.45894e-031   4.4
37.7   2.35013e-031   4.4
37.72   2.24837e-031   4.4
37.74   2.15308e-031   4.4
37.76   2.06372e-031   4.4
37.78   1.9798e-031   4.4
37.8   1.90089e-031   4.4
37.82   1.82661e-031   4.4
37.84   1.75659e-031   4.4
37.86   1.69052e-031   4.4
37.88   1.6281e-031   4.4
37.9   1.56908e-031   4.4
37.92   1.51321e-031   4.4
37.94   1.46027e-031   4.4
37.96   1.41005e-031   4.4
37.98   1.36238e-031   4.4
38   1.31709e-031   4.4
38.02   1.27402e-031   4.4
38.04   1.23302e-031   4.4
38.06   1.19397e-031   4.4
38.08   1.15675e-031   4.4
38.1   1.12124e-031   4.4
38.12   1.08734e-031   4.4
38.14   1.05495e-031   4.4
38.16   1.02399e-031   4.4
38.18   9.94371e-032   4.4
38.2   9.66018e-032   4.4
38.22   9.3886e-032   4.4
38.24   9.12831e-032   4.4
38.26   8.8787e-032   4.4
38.28   8.63917e-032   4.4
38.3   0   4.4
38.32   0   4.4
38.34   0   4.4
38.36   0   4.4
38.38   0   4.4
38.4   0   4.4
38.42   0   4.4
38.44   0   4.4
38.46   0   4.4
38.48   0   4.4
38.5   0   4.4
38.52   0   4.4
38.54   0   4.4
38.56   0   4.4
38.58   0   4.4
38.6   0   4.4
38.62   0   4.4
38.64   0   4.4
38.66   0   4.4
38.68   0   4.4
38.7   0   4.4
38.72   0   4.4
38.74   0   4.4
38.76   0   4.4
38.78   0   4.4
38.8   0   4.4
38.82   0   4.4
38.84   0   4.4
38.86   0   4.4
38.88   0   4.4
38.9   0   4.4
38.92   0   4.4
38.94   0   4.4
38.96   0   4.4
38.98   0   4.4
39   0   4.4
39.02   0   4.4
39.04   0   4.4
39.06   0   4.4
39.08   0   4.4
39.1   0   4.4
39.12   0   4.4
39.14   0   4.4
39.16   0   4.4
39.18   0   4.4
39.2   0   4.4
39.22   0   4.4
39.24   0   4.4
39.26   0   4.4
39.28   0   4.4
39.3   0   4.4
39.32   0   4.4
39.34   0   4.4
39.36   0   4.4
39.38   0   4.4
39.4   0   4.4
39.42   0   4.4
39.44   0   4.4
39.46   0   4.4
39.48   0   4.4
39.5   0   4.4
39.52   0   4.4
39.54   0   4.4
39.56   0   4.4
39.58   0   4.4
39.6   0   4.4
39.62   0   4.4
39.64   0   4.4
39.66   0   4.4
39.68   0   4.4
39.7   0   4.4
39.72   0   4.4
39.74   0   4.4
39.76   0   4.4
39.78   0   4.4
39.8   0   4.4
39.82   0   4.4
39.84   0   4.4
39.86   0   4.4
39.88   0   4.4
39.9   0   4.4
39.92   0   4.4
39.94   0   4.4
39.96   0   4.4
39.98   0   4.4
40   0   4.4
40.02   0   4.4
40.04   0   4.4
40.06   0   4.4
40.08   0   4.4
40.1   0   4.4
40.12   0   4.4
40.14   0   4.4
40.16   0   4.4
40.18   0   4.4
40.2   0   4.4
40.22   0   4.4
40.24   0   4.4
40.26   0   4.4
40.28   0   4.4
40.3   0   4.4
40.32   0   4.4
40.34   0   4.4
40.36   0   4.4
40.38   0   4.4
40.4   0   4.4
40.42   0   4.4
40.44   0   4.4
40.46   0   4.4
40.48   0   4.4
40.5   0   4.4
40.52   0   4.4
40.54   0   4.4
40.56   0   4.4
40.58   0   4.4
40.6   0   4.4
40.62   0   4.4
40.64   0   4.4
40.66   0   4.4
40.68   0   4.4
40.7   0   4.4
40.72   0   4.4
40.74   0   4.4
40.76   0   4.4
40.78   0   4.4
40.8   0   4.4
40.82   0   4.4
40.84   0   4.4
40.86   0   4.4
40.88   0   4.4
40.9   0   4.4
40.92   0   4.4
40.94   0   4.4
40.96   0   4.4
40.98   0   4.4
41   0   4.4
41.02   0   4.4
41.04   0   4.4
41.06   0   4.4
41.08   0   4.4
41.1   0   4.4
41.12   0   4.4
41.14   0   4.4
41.16   0   4.4
41.18   0   4.4
41.2   0   4.4
41.22   0   4.4
41.24   0   4.4
41.26   0   4.4
41.28   0   4.4
41.3   0   4.4
41.32   0   4.4
41.34   0   4.4
41.36   0   4.4
41.38   0   4.4
41.4   0   4.4
41.42   0   4.4
41.44   0   4.4
41.46   0   4.4
41.48   0   4.4
41.5   0   4.4
41.52   0   4.4
41.54   0   4.4
41.56   0   4.4
41.58   0   4.4
41.6   0   4.4
41.62   0   4.4
41.64   0   4.4
41.66   0   4.4
41.68   0   4.4
41.7   0   4.4
41.72   0   4.4
41.74   0   4.4
41.76   0   4.4
41.78   0   4.4
41.8   0   4.4
41.82   0   4.4
41.84   0   4.4
41.86   0   4.4
41.88   0   4.4
41.9   0   4.4
41.92   0   4.4
41.94   0   4.4
41.96   0   4.4
41.98   0   4.4
42   0   4.4
42.02   0   4.4
42.04   0   4.4
42.06   0   4.4
42.08   4.02588   4.4
42.1   4.13997   4.4
42.12   4.25897   4.4
42.14   4.38317   4.4
42.16   4.51288   4.4
42.18   4.64844   4.4
42.2   4.79019   4.4
42.22   4.93853   4.4
42.24   5.09386   4.4
42.26   5.25663   4.4
42.28   5.42733   4.4
42.3   5.60647   4.4
42.32   5.79462   4.4
42.34   5.9924   4.4
42.36   6.20048   4.4
42.38   6.41958   4.4
42.4   6.65049   4.4
42.42   6.89408   4.4
42.44   7.15129   4.4
42.46   7.42316   4.4
42.48   7.71082   4.4
42.5   8.01552   4.4
42.52   8.33862   4.4
42.54   8.68165   4.4
42.56   9.04626   4.4
42.58   9.43431   4.4
42.6   9.84786   4.4
42.62   10.2892   4.4
42.64   10.7608   4.4
42.66   11.2656   4.4
42.68   11.8067   4.4
42.7   12.3876   4.4
42.72   13.0125   4.4
42.74   13.6859   4.4
42.76   14.4128   4.4
42.78   15.199   4.4
42.8   16.0514   4.4
42.82   16.9773   4.4
42.84   17.9856   4.4
42.86   19.0863   4.4
42.88   20.291   4.50455
42.9   21.6131   4.64899
42.92   23.0686   4.80297
42.94   24.6757   4.96747
42.96   26.4564   5.14358
42.98   28.4364   5.33258
43   30.6466   5.53594
43.02   33.1239   5.75533
43.04   35.913   5.99274
43.06   39.0683   6.25046
43.08   42.6565   6.53119
43.1   46.7602   6.83814
43.12   51.4824   7.17512
43.14   56.9533   7.54674
43.16   63.3388   7.95857
43.18   70.8529   8.41742
43.2   79.7758   8.93173
43.22   90.4792   9.51206
43.24   103.465   10.1718
43.26   119.42   10.928
43.28   139.312   11.803
43.3   164.521   12.8266
43.32   197.088   14.0388
43.34   240.141   15.4965
43.36   298.821   17.2864
43.38   382.456   19.5565
43.4   513.789   22.6669
43.42   720.349   26.8393
43.44   1068.66   32.6904
43.46   1643.42   40.5392
43.48   2507.86   50.0786
43.5   3528.85   59.4041
43.52   4051.61   63.6523
43.54   3504.65   59.2001
43.56   2482.37   49.8234
43.58   1625.7   40.3199
43.6   1058.28   32.5312
43.62   715.028   26.74
43.64   511.545   22.6174
43.66   386.251   19.6533
43.68   303.672   17.4262
43.7   245.73   15.6758
43.72   203.252   14.2567
43.74   171.173   13.0833
43.76   146.4   12.0996
43.78   126.917   11.2658
43.8   111.357   10.5526
43.82   98.7643   9.93802
43.84   88.4578   9.4052
43.86   79.9418   8.94102
43.88   72.849   8.53516
43.9   66.9034   8.17945
43.92   61.8944   7.8673
43.94   57.6596   7.59339
43.96   54.0725   7.3534
43.98   51.0334   7.14377
44   48.4638   6.96159
44.02   46.3009   6.80447
44.04   44.4948   6.67044
44.06   43.0059   6.55789
44.08   41.8028   6.46551
44.1   40.8608   6.39225
44.12   40.1612   6.33729
44.14   39.6903   6.30003
44.16   39.4387   6.28003
44.18   39.4013   6.27705
44.2   39.5766   6.291
44.22   39.9672   6.32196
44.24   40.5794   6.37019
44.26   41.4236   6.43612
44.28   42.515   6.52035
44.3   43.8736   6.62371
44.32   45.5253   6.74725
44.34   47.5033   6.89226
44.36   49.8489   7.06038
44.38   52.6141   7.25356
44.4   55.8636   7.47419
44.42   59.6786   7.72519
44.44   64.1615   8.01009
44.46   69.442   8.33319
44.48   75.686   8.69977
44.5   83.1078   9.11635
44.52   91.9876   9.59102
44.54   102.696   10.1339
44.56   115.733   10.7579
44.58   131.781   11.4796
44.6   151.79   12.3203
44.62   177.118   13.3086
44.64   209.746   14.4826
44.66   252.682   15.896
44.68   310.757   17.6283
44.7   392.496   19.8115
44.72   514.458   22.6817
44.74   709.522   26.6368
44.76   1037.08   32.2037
44.78   1584.4   39.8046
44.8   2435.84   49.3543
44.82   3537.76   59.479
44.84   4345.53   65.9206
44.86   4046.84   63.6148
44.88   2982.74   54.6144
44.9   1976.3   44.4556
44.92   1281.11   35.7925
44.94   853.427   29.2135
44.96   599.966   24.4942
44.98   442.128   21.0268
45   342.557   18.5083
45.02   273.646   16.5422
45.04   223.549   14.9516
45.06   185.899   13.6345
45.08   156.904   12.5261
45.1   134.125   11.5812
45.12   115.921   10.7667
45.14   101.156   10.0576
45.16   89.0208   9.43509
45.18   78.9309   8.88431
45.2   70.4539   8.39368
45.22   63.2653   7.95395
45.24   57.118   7.55765
45.26   51.8211   7.19869
45.28   47.2253   6.87206
45.3   43.2125   6.57362
45.32   39.6886   6.29989
45.34   36.5774   6.04792
45.36   33.8171   5.81525
45.38   31.3571   5.59974
45.4   29.1553   5.39957
45.42   27.1771   5.21316
45.44   25.3931   5.03915
45.46   23.7788   4.87635
45.48   22.3134   4.7237
45.5   20.9791   4.5803
45.52   19.7609   4.44532
45.54   18.6455   4.4
45.56   17.6219   4.4
45.58   16.6802   4.4
45.6   15.8119   4.4
45.62   15.0095   4.4
45.64   14.2667   4.4
45.66   13.5776   4.4
45.68   12.9372   4.4
45.7   12.341   4.4
45.72   11.785   4.4
45.74   11.2658   4.4
45.76   10.7801   4.4
45.78   10.3251   4.4
45.8   9.89828   4.4
45.82   9.49738   4.4
45.84   9.12033   4.4
45.86   8.76528   4.4
45.88   8.43055   4.4
45.9   8.11462   4.4
45.92   7.81611   4.4
45.94   7.53376   4.4
45.96   7.26643   4.4
45.98   7.01308   4.4
46   6.77273   4.4
46.02   6.54453   4.4
46.04   6.32766   4.4
46.06   6.12139   4.4
46.08   5.92504   4.4
46.1   5.73798   4.4
46.12   5.55964   4.4
46.14   5.38948   4.4
46.16   5.22701   4.4
46.18   5.07178   4.4
46.2   4.92336   4.4
46.22   4.78135   4.4
46.24   4.6454   4.4
46.26   4.51516   4.4
46.28   4.39033   4.4
46.3   4.27059   4.4
46.32   1.46527e-014   4.4
46.34   1.40779e-014   4.4
46.36   1.35363e-014   4.4
46.38   1.30252e-014   4.4
46.4   1.25426e-014   4.4
46.42   1.20863e-014   4.4
46.44   1.16544e-014   4.4
46.46   1.12452e-014   4.4
46.48   1.08573e-014   4.4
46.5   1.0489e-014   4.4
46.52   1.01391e-014   4.4
46.54   9.8065e-015   4.4
46.56   9.48995e-015   4.4
46.58   9.18848e-015   4.4
46.6   8.90114e-015   4.4
46.62   8.62706e-015   4.4
46.64   8.36545e-015   4.4
46.66   8.11555e-015   4.4
46.68   7.87668e-015   4.4
46.7   7.6482e-015   4.4
46.72   7.42951e-015   4.4
46.74   7.22007e-015   4.4
46.76   7.01935e-015   4.4
46.78   6.82689e-015   4.4
46.8   6.64224e-015   4.4
46.82   0   4.4
46.84   0   4.4
46.86   0   4.4
46.88   0   4.4
46.9   0   4.4
46.92   0   4.4
46.94   0   4.4
46.96   0   4.4
46.98   0   4.4
47   0   4.4
47.02   0   4.4
47.04   0   4.4
47.06   0   4.4
47.08   0   4.4
47.1   0   4.4
47.12   0   4.4
47.14   0   4.4
47.16   0   4.4
47.18   0   4.4
47.2   0   4.4
47.22   0   4.4
47.24   0   4.4
47.26   0   4.4
47.28   0   4.4
47.3   0   4.4
47.32   0   4.4
47.34   0   4.4
47.36   0   4.4
47.38   0   4.4
47.4   0   4.4
47.42   0   4.4
47.44   0   4.4
47.46   0   4.4
47.48   0   4.4
47.5   0   4.4
47.52   0   4.4
47.54   0   4.4
47.56   0   4.4
47.58   0   4.4
47.6   0   4.4
47.62   0   4.4
47.64   0   4.4
47.66   0   4.4
47.68   0   4.4
47.7   0   4.4
47.72   0   4.4
47.74   0   4.4
47.76   0   4.4
47.78   0   4.4
47.8   0   4.4
47.82   0   4.4
47.84   0   4.4
47.86   0   4.4
47.88   0   4.4
47.9   0   4.4
47.92   0   4.4
47.94   0   4.4
47.96   0   4.4
47.98   0   4.4
48   0   4.4
48.02   0   4.4
48.04   0   4.4
48.06   0   4.4
48.08   0   4.4
48.1   0   4.4
48.12   0   4.4
48.14   0   4.4
48.16   0   4.4
48.18   0   4.4
48.2   0   4.4
48.22   0   4.4
48.24   0   4.4
48.26   0   4.4
48.28   0   4.4
48.3   0   4.4
48.32   0.40131   4.4
48.34   0.412435   4.4
48.36   0.42403   4.4
48.38   0.43612   4.4
48.4   0.448734   4.4
48.42   0.461904   4.4
48.44   0.475661   4.4
48.46   0.490042   4.4
48.48   0.505085   4.4
48.5   0.520831   4.4
48.52   0.537325   4.4
48.54   0.554615   4.4
48.56   0.572752   4.4
48.58   0.591793   4.4
48.6   0.611799   4.4
48.62   0.632836   4.4
48.64   0.654976   4.4
48.66   0.678298   4.4
48.68   0.702888   4.4
48.7   0.728838   4.4
48.72   0.756252   4.4
48.74   0.78524   4.4
48.76   0.815927   4.4
48.78   0.848446   4.4
48.8   0.882948   4.4
48.82   0.919595   4.4
48.84   0.95857   4.4
48.86   1.00007   4.4
48.88   1.04433   4.4
48.9   1.09159   4.4
48.92   1.14212   4.4
48.94   1.19625   4.4
48.96   1.2543   4.4
48.98   1.31669   4.4
49   1.38384   4.4
49.02   1.45626   4.4
49.04   1.5345   4.4
49.06   1.61921   4.4
49.08   1.71112   4.4
49.1   1.81107   4.4
49.12   1.92003   4.4
49.14   2.0391   4.4
49.16   2.16957   4.4
49.18   2.31296   4.4
49.2   2.471   4.4
49.22   2.64577   4.4
49.24   2.8397   4.4
49.26   3.0557   4.4
49.28   3.29723   4.4
49.3   3.56846   4.4
49.32   3.87445   4.4
49.34   4.22139   4.4
49.36   4.61687   4.4
49.38   5.07034   4.4
49.4   5.59366   4.4
49.42   6.20184   4.4
49.44   6.91414   4.4
49.46   7.75554   4.4
49.48   8.75895   4.4
49.5   9.96831   4.4
49.52   11.4433   4.4
49.54   13.2668   4.4
49.56   15.5556   4.4
49.58   18.4794   4.4
49.6   22.2921   4.72146
49.62   27.3933   5.23386
49.64   34.4665   5.87082
49.66   44.8068   6.69379
49.68   60.999   7.81019
49.7   87.9049   9.37576
49.72   133.215   11.5419
49.74   205.782   14.3451
49.76   306.996   17.5213
49.78   402.396   20.0598
49.8   408.747   20.2175
49.82   318.691   17.8519
49.84   215.405   14.6767
49.86   139.542   11.8128
49.88   91.7173   9.57692
49.9   63.2553   7.95332
49.92   46.1976   6.79688
49.94   35.3858   5.9486
49.96   28.0403   5.29531
49.98   22.7678   4.77156
50   18.8396   4.4
