Tiempo	Corriente
8.748830e-01	1.078240e-02
1.115752e+00	1.077600e-02
1.363584e+00	1.077190e-02
1.610139e+00	1.076860e-02
1.852256e+00	1.076450e-02
2.097865e+00	1.076530e-02
2.341952e+00	1.076420e-02
2.566303e+00	1.076210e-02
2.792457e+00	1.076230e-02
3.017016e+00	1.076200e-02
3.243912e+00	1.076320e-02
3.470594e+00	1.076060e-02
3.697765e+00	1.076050e-02
3.924102e+00	1.075880e-02
4.151610e+00	1.075710e-02
4.378919e+00	1.076020e-02
4.620697e+00	1.076000e-02
4.845075e+00	1.075650e-02
5.076661e+00	1.075950e-02
5.299153e+00	1.075840e-02
5.524599e+00	1.075770e-02
5.749986e+00	1.075680e-02
6.015764e+00	1.075440e-02
6.243881e+00	1.075140e-02
6.473256e+00	1.075270e-02
6.701071e+00	1.075500e-02
6.933089e+00	1.075500e-02
7.175470e+00	1.075410e-02
7.400128e+00	1.075750e-02
7.631966e+00	1.075900e-02
7.856775e+00	1.075920e-02
8.083227e+00	1.075540e-02
8.309568e+00	1.075510e-02
8.536051e+00	1.075700e-02
8.763404e+00	1.075630e-02
8.988440e+00	1.075790e-02
9.221157e+00	1.075610e-02
9.465635e+00	1.075550e-02
9.699907e+00	1.075490e-02
9.935760e+00	1.075770e-02
1.016009e+01	1.075620e-02
1.039084e+01	1.075550e-02
1.061465e+01	1.075350e-02
1.084353e+01	1.075390e-02
1.107252e+01	1.075470e-02
1.130175e+01	1.075510e-02
1.153398e+01	1.075710e-02
1.175883e+01	1.075560e-02
1.198764e+01	1.075810e-02
1.221860e+01	1.075570e-02
1.244163e+01	1.075490e-02
1.267309e+01	1.075340e-02
1.289757e+01	1.075580e-02
1.312677e+01	1.075560e-02
1.335240e+01	1.075530e-02
1.358521e+01	1.075640e-02
1.381105e+01	1.075610e-02
1.404443e+01	1.075480e-02
1.427359e+01	1.075750e-02
1.450457e+01	1.075610e-02
1.472794e+01	1.075630e-02
1.495666e+01	1.076260e-02
1.518592e+01	1.077900e-02
1.541697e+01	1.079370e-02
1.568279e+01	1.081000e-02
1.591198e+01	1.082900e-02
1.613663e+01	1.084470e-02
1.636768e+01	1.085970e-02
1.661197e+01	1.087620e-02
1.683478e+01	1.089070e-02
1.706351e+01	1.090800e-02
1.729600e+01	1.091950e-02
1.752090e+01	1.093380e-02
1.775236e+01	1.094710e-02
1.797774e+01	1.095680e-02
1.820719e+01	1.096740e-02
1.843222e+01	1.098030e-02
1.866192e+01	1.099240e-02
1.888693e+01	1.100620e-02
1.911648e+01	1.101340e-02
1.934260e+01	1.102280e-02
1.957165e+01	1.103390e-02
1.980335e+01	1.104160e-02
2.002631e+01	1.105240e-02
2.025792e+01	1.105730e-02
2.048127e+01	1.106560e-02
2.070991e+01	1.107410e-02
2.093484e+01	1.108260e-02
2.116366e+01	1.109080e-02
2.139257e+01	1.109660e-02
2.162346e+01	1.110200e-02
2.184596e+01	1.110950e-02
2.207665e+01	1.111610e-02
2.232094e+01	1.112300e-02
2.254506e+01	1.112790e-02
2.277420e+01	1.113300e-02
2.299967e+01	1.113580e-02
2.322886e+01	1.113860e-02
2.345612e+01	1.114270e-02
2.368480e+01	1.114760e-02
2.391357e+01	1.115420e-02
2.414284e+01	1.116070e-02
2.436814e+01	1.116340e-02
2.459873e+01	1.116770e-02
2.483000e+01	1.117240e-02
2.505305e+01	1.117640e-02
2.528607e+01	1.117970e-02
2.551067e+01	1.118540e-02
2.574114e+01	1.118460e-02
2.596458e+01	1.118830e-02
2.619578e+01	1.119260e-02
2.641875e+01	1.119790e-02
2.665074e+01	1.120040e-02
2.687402e+01	1.120350e-02
2.710541e+01	1.120640e-02
2.732878e+01	1.120720e-02
2.756014e+01	1.121080e-02
2.778435e+01	1.121430e-02
2.801351e+01	1.121630e-02
2.823873e+01	1.121670e-02
2.847004e+01	1.122070e-02
2.869373e+01	1.122350e-02
2.892313e+01	1.122540e-02
2.914794e+01	1.123100e-02
2.937926e+01	1.122960e-02
2.960365e+01	1.123120e-02
2.983412e+01	1.123460e-02
3.007775e+01	1.123730e-02
3.030122e+01	1.123920e-02
3.053265e+01	1.123820e-02
3.079588e+01	1.124170e-02
3.102740e+01	1.124530e-02
3.125193e+01	1.124610e-02
3.148072e+01	1.124710e-02
3.170679e+01	1.124910e-02
3.193807e+01	1.124920e-02
3.216293e+01	1.125400e-02
3.239368e+01	1.125090e-02
3.261740e+01	1.125650e-02
3.284643e+01	1.125790e-02
3.307538e+01	1.125860e-02
3.330076e+01	1.126400e-02
3.353167e+01	1.126130e-02
3.375610e+01	1.126430e-02
3.398484e+01	1.126320e-02
3.420992e+01	1.126240e-02
3.443877e+01	1.126410e-02
3.466962e+01	1.126930e-02
3.493376e+01	1.127080e-02
3.515765e+01	1.127200e-02
3.538680e+01	1.127050e-02
3.561761e+01	1.127130e-02
3.584130e+01	1.127150e-02
3.607007e+01	1.127560e-02
3.629893e+01	1.127610e-02
3.652937e+01	1.127690e-02
3.675432e+01	1.127760e-02
3.698393e+01	1.128130e-02
3.721440e+01	1.128130e-02
3.743817e+01	1.128190e-02
3.766967e+01	1.128340e-02
3.789237e+01	1.128440e-02
3.812099e+01	1.128560e-02
3.834974e+01	1.128730e-02
3.858070e+01	1.128630e-02
3.880362e+01	1.128970e-02
3.903514e+01	1.129140e-02
3.926048e+01	1.129200e-02
3.948999e+01	1.129160e-02
3.971513e+01	1.129350e-02
3.994768e+01	1.129440e-02
4.017062e+01	1.129300e-02
4.039927e+01	1.129390e-02
4.062779e+01	1.129540e-02
4.085867e+01	1.129840e-02
4.108378e+01	1.130060e-02
4.131475e+01	1.129920e-02
4.153732e+01	1.133700e-02
4.176884e+01	1.131650e-02
4.199237e+01	1.130880e-02
4.222180e+01	1.130760e-02
4.245279e+01	1.130600e-02
4.267556e+01	1.130710e-02
4.290522e+01	1.130770e-02
4.313491e+01	1.130960e-02
4.336078e+01	1.131110e-02
4.359249e+01	1.131390e-02
4.381597e+01	1.131480e-02
4.404779e+01	1.131340e-02
4.427734e+01	1.131680e-02
4.450872e+01	1.131770e-02
4.473356e+01	1.131580e-02
4.496482e+01	1.131920e-02
4.518929e+01	1.131740e-02
4.542052e+01	1.131830e-02
4.564443e+01	1.131650e-02
4.591730e+01	1.131520e-02
4.614061e+01	1.131590e-02
4.637172e+01	1.131370e-02
4.659561e+01	1.131430e-02
4.682672e+01	1.131170e-02
4.704966e+01	1.130930e-02
4.728066e+01	1.130800e-02
4.750563e+01	1.130700e-02
4.773478e+01	1.130890e-02
4.796569e+01	1.130790e-02
4.819092e+01	1.130510e-02
4.842027e+01	1.130520e-02
4.865122e+01	1.130380e-02
4.887633e+01	1.130090e-02
4.910737e+01	1.130420e-02
4.933217e+01	1.130280e-02
4.956322e+01	1.130360e-02
4.978795e+01	1.130650e-02
5.002293e+01	1.131130e-02
5.024766e+01	1.131110e-02
5.047598e+01	1.131400e-02
5.070738e+01	1.131350e-02
5.093171e+01	1.131360e-02
5.116268e+01	1.130940e-02
5.138560e+01	1.131220e-02
5.161691e+01	1.131340e-02
5.184007e+01	1.131160e-02
5.206907e+01	1.131350e-02
5.229958e+01	1.131350e-02
5.252853e+01	1.131610e-02
5.275741e+01	1.131280e-02
5.298872e+01	1.131310e-02
5.321137e+01	1.131300e-02
5.343994e+01	1.131300e-02
5.366909e+01	1.131430e-02
5.390060e+01	1.131750e-02
5.412335e+01	1.131880e-02
5.435224e+01	1.132140e-02
5.458323e+01	1.132120e-02
5.480567e+01	1.132390e-02
5.503444e+01	1.132800e-02
5.526526e+01	1.132640e-02
5.549035e+01	1.132400e-02
5.571957e+01	1.132420e-02
5.594477e+01	1.132610e-02
5.617424e+01	1.132730e-02
5.639912e+01	1.132890e-02
5.662955e+01	1.132820e-02
5.685513e+01	1.132500e-02
5.708476e+01	1.132410e-02
5.731580e+01	1.132570e-02
5.753852e+01	1.132680e-02
5.777021e+01	1.132610e-02
5.799502e+01	1.132310e-02
5.822372e+01	1.132490e-02
5.844830e+01	1.132440e-02
5.867701e+01	1.132370e-02
5.890579e+01	1.132820e-02
5.913739e+01	1.133230e-02
5.936166e+01	1.132830e-02
5.959054e+01	1.133060e-02
5.981562e+01	1.133020e-02
6.004689e+01	1.133010e-02
6.027056e+01	1.133140e-02
6.049966e+01	1.132920e-02
6.072467e+01	1.133210e-02
6.099583e+01	1.133190e-02
6.121870e+01	1.133070e-02
6.145421e+01	1.133340e-02
6.167774e+01	1.133330e-02
6.190681e+01	1.133480e-02
6.213774e+01	1.133240e-02
6.236328e+01	1.133300e-02
6.259425e+01	1.133530e-02
6.281684e+01	1.133550e-02
6.304647e+01	1.133410e-02
6.327769e+01	1.133660e-02
6.350082e+01	1.133540e-02
6.373181e+01	1.136180e-02
6.395515e+01	1.134660e-02
6.418367e+01	1.134300e-02
6.441259e+01	1.134120e-02
6.463785e+01	1.134620e-02
6.486680e+01	1.134390e-02
6.509180e+01	1.134540e-02
6.532309e+01	1.134380e-02
6.554766e+01	1.134310e-02
6.577819e+01	1.134250e-02
6.600046e+01	1.134600e-02
6.622959e+01	1.134340e-02
6.646073e+01	1.134230e-02
6.668495e+01	1.135300e-02
6.691393e+01	1.135020e-02
6.713961e+01	1.136150e-02
6.737089e+01	1.136070e-02
6.759427e+01	1.136110e-02
6.782529e+01	1.136090e-02
6.804834e+01	1.135950e-02
6.827736e+01	1.135980e-02
6.850675e+01	1.136110e-02
6.873548e+01	1.135890e-02
6.896704e+01	1.135900e-02
6.918975e+01	1.136120e-02
6.941869e+01	1.136020e-02
6.964988e+01	1.136050e-02
6.987275e+01	1.135780e-02
7.010175e+01	1.135510e-02
7.033176e+01	1.135500e-02
7.055674e+01	1.135370e-02
7.078776e+01	1.135560e-02
7.101103e+01	1.135240e-02
7.124017e+01	1.135240e-02
7.146973e+01	1.135300e-02
7.169477e+01	1.135410e-02
7.192492e+01	1.135460e-02
7.215040e+01	1.135730e-02
7.238256e+01	1.135530e-02
7.260709e+01	1.135400e-02
7.283592e+01	1.135300e-02
7.306069e+01	1.135530e-02
7.328874e+01	1.135380e-02
7.351752e+01	1.135240e-02
7.374851e+01	1.135400e-02
7.397357e+01	1.135090e-02
7.420271e+01	1.135330e-02
7.442792e+01	1.135410e-02
7.465725e+01	1.135260e-02
7.488217e+01	1.135450e-02
7.511294e+01	1.135220e-02
7.533609e+01	1.135100e-02
7.556494e+01	1.135240e-02
7.579607e+01	1.135130e-02
7.606036e+01	1.135100e-02
7.629129e+01	1.134620e-02
7.651434e+01	1.134510e-02
7.674547e+01	1.134020e-02
7.696871e+01	1.133440e-02
7.719751e+01	1.132610e-02
7.742803e+01	1.132330e-02
7.765298e+01	1.132150e-02
7.788832e+01	1.131760e-02
7.811348e+01	1.131080e-02
7.834448e+01	1.130960e-02
7.856738e+01	1.130400e-02
7.879858e+01	1.130480e-02
7.902234e+01	1.130180e-02
7.925292e+01	1.129990e-02
7.947734e+01	1.129610e-02
7.971182e+01	1.129190e-02
7.994497e+01	1.129130e-02
8.016967e+01	1.128340e-02
8.040067e+01	1.128130e-02
8.064589e+01	1.127800e-02
8.086928e+01	1.127740e-02
8.109876e+01	1.127390e-02
8.133025e+01	1.126990e-02
8.155358e+01	1.126580e-02
8.178473e+01	1.126030e-02
8.200750e+01	1.126200e-02
8.223914e+01	1.125970e-02
8.246426e+01	1.125540e-02
8.269308e+01	1.125150e-02
8.291837e+01	1.124850e-02
8.315126e+01	1.124790e-02
8.337568e+01	1.124080e-02
8.360522e+01	1.123940e-02
8.383596e+01	1.123550e-02
8.405944e+01	1.123200e-02
8.429467e+01	1.123360e-02
8.451941e+01	1.123230e-02
8.475024e+01	1.122660e-02
8.497320e+01	1.122350e-02
8.520386e+01	1.122130e-02
8.542708e+01	1.121950e-02
8.565852e+01	1.121790e-02
8.588368e+01	1.121260e-02
8.611442e+01	1.121420e-02
8.633913e+01	1.120950e-02
8.657028e+01	1.120810e-02
8.679487e+01	1.120940e-02
8.702572e+01	1.120440e-02
8.724964e+01	1.119920e-02
8.748206e+01	1.119780e-02
8.770548e+01	1.119720e-02
8.793609e+01	1.119270e-02
8.816093e+01	1.118970e-02
8.839130e+01	1.118670e-02
8.861418e+01	1.118550e-02
8.884494e+01	1.118430e-02
8.907039e+01	1.118220e-02
8.930073e+01	1.118010e-02
8.953175e+01	1.117960e-02
8.975698e+01	1.117830e-02
8.998761e+01	1.117320e-02
9.021081e+01	1.117230e-02
9.044265e+01	1.117150e-02
9.066709e+01	1.116860e-02
9.089781e+01	1.116710e-02
9.116272e+01	1.116790e-02
9.139395e+01	1.116360e-02
9.161851e+01	1.116300e-02
9.184930e+01	1.115960e-02
9.207421e+01	1.115900e-02
9.230357e+01	1.115570e-02
9.252859e+01	1.115610e-02
9.276067e+01	1.115340e-02
9.298571e+01	1.114840e-02
9.321455e+01	1.114720e-02
9.343930e+01	1.114730e-02
9.367082e+01	1.114360e-02
9.389466e+01	1.114400e-02
9.412577e+01	1.114240e-02
9.435042e+01	1.114100e-02
9.458789e+01	1.113780e-02
9.481093e+01	1.113710e-02
9.504214e+01	1.113010e-02
9.526524e+01	1.113130e-02
9.549640e+01	1.112950e-02
9.572000e+01	1.112880e-02
9.595059e+01	1.112840e-02
9.617413e+01	1.112990e-02
9.640300e+01	1.112630e-02
9.663496e+01	1.112380e-02
9.685809e+01	1.112180e-02
9.708874e+01	1.112460e-02
9.731367e+01	1.111790e-02
9.754473e+01	1.112010e-02
9.777043e+01	1.111750e-02
9.800111e+01	1.111700e-02
9.822439e+01	1.111430e-02
9.845511e+01	1.111450e-02
9.868008e+01	1.111430e-02
9.891110e+01	1.111110e-02
9.913605e+01	1.110970e-02
9.936688e+01	1.111000e-02
9.958970e+01	1.110600e-02
9.982116e+01	1.110780e-02
1.000444e+02	1.110620e-02
1.002758e+02	1.110440e-02
1.005007e+02	1.110090e-02
1.007299e+02	1.109840e-02
1.009549e+02	1.109980e-02
1.011856e+02	1.109640e-02
1.014095e+02	1.109710e-02
1.016400e+02	1.109800e-02
1.018627e+02	1.109270e-02
1.020917e+02	1.109200e-02
1.023203e+02	1.108970e-02
1.025510e+02	1.109030e-02
1.027756e+02	1.108800e-02
1.030045e+02	1.108520e-02
1.032292e+02	1.108550e-02
1.034590e+02	1.108280e-02
1.036835e+02	1.108290e-02
1.039125e+02	1.107970e-02
1.041437e+02	1.108230e-02
1.043668e+02	1.107660e-02
1.046168e+02	1.107880e-02
1.048606e+02	1.107630e-02
1.050837e+02	1.107360e-02
1.053128e+02	1.107160e-02
1.055435e+02	1.107060e-02
1.057686e+02	1.107020e-02
1.059979e+02	1.106820e-02
1.062669e+02	1.106680e-02
1.064978e+02	1.106330e-02
1.067209e+02	1.106290e-02
1.069497e+02	1.106400e-02
1.071748e+02	1.105980e-02
1.074060e+02	1.105890e-02
1.076287e+02	1.105890e-02
1.078602e+02	1.105800e-02
1.080848e+02	1.106040e-02
1.083151e+02	1.105760e-02
1.085380e+02	1.105430e-02
1.087667e+02	1.105210e-02
1.089977e+02	1.104920e-02
1.092212e+02	1.105010e-02
1.094529e+02	1.105020e-02
1.096758e+02	1.104760e-02
1.099049e+02	1.104860e-02
1.101425e+02	1.104870e-02
1.103674e+02	1.104600e-02
1.105968e+02	1.104390e-02
1.108280e+02	1.103960e-02
1.110527e+02	1.103900e-02
1.112817e+02	1.103930e-02
1.115067e+02	1.103970e-02
1.117380e+02	1.103680e-02
1.119606e+02	1.103530e-02
1.121917e+02	1.103530e-02
1.124161e+02	1.103210e-02
1.126469e+02	1.103260e-02
1.128717e+02	1.102810e-02
1.131008e+02	1.102760e-02
1.133250e+02	1.102930e-02
1.135567e+02	1.102820e-02
1.137814e+02	1.102660e-02
1.140140e+02	1.102520e-02
1.142368e+02	1.102460e-02
1.144660e+02	1.102430e-02
1.146915e+02	1.102360e-02
1.149204e+02	1.102290e-02
1.151516e+02	1.102260e-02
1.153765e+02	1.101970e-02
1.156078e+02	1.101960e-02
1.158527e+02	1.101630e-02
1.160772e+02	1.101760e-02
1.163081e+02	1.101670e-02
1.165327e+02	1.101540e-02
1.167631e+02	1.101170e-02
1.169876e+02	1.101410e-02
1.172187e+02	1.101040e-02
1.174424e+02	1.101070e-02
1.176731e+02	1.100950e-02
1.178961e+02	1.100870e-02
1.181276e+02	1.100610e-02
1.183507e+02	1.100710e-02
1.185823e+02	1.100610e-02
1.188055e+02	1.100420e-02
1.190347e+02	1.099980e-02
1.192655e+02	1.100030e-02
1.194888e+02	1.100140e-02
1.197178e+02	1.100290e-02
1.199508e+02	1.100220e-02
1.201768e+02	1.100160e-02
1.204078e+02	1.099910e-02
1.206327e+02	1.099820e-02
1.208610e+02	1.099590e-02
1.210858e+02	1.099560e-02
1.213571e+02	1.099380e-02
1.215815e+02	1.099610e-02
1.218116e+02	1.099410e-02
1.220428e+02	1.099020e-02
1.222674e+02	1.099090e-02
1.224964e+02	1.099020e-02
1.227213e+02	1.098790e-02
1.229527e+02	1.098840e-02
1.231757e+02	1.098830e-02
1.234096e+02	1.098480e-02
1.236324e+02	1.098220e-02
1.238635e+02	1.098220e-02
1.240867e+02	1.098400e-02
1.243184e+02	1.098280e-02
1.245432e+02	1.098160e-02
1.247725e+02	1.098110e-02
1.250036e+02	1.098080e-02
1.252282e+02	1.097820e-02
1.254577e+02	1.097590e-02
1.256890e+02	1.097590e-02
1.259136e+02	1.097440e-02
1.261447e+02	1.097170e-02
1.263678e+02	1.097330e-02
1.265988e+02	1.097180e-02
1.268237e+02	1.096950e-02
1.270573e+02	1.097270e-02
1.272819e+02	1.097000e-02
1.275131e+02	1.096910e-02
1.277363e+02	1.096990e-02
1.279668e+02	1.096940e-02
1.281915e+02	1.096840e-02
1.284231e+02	1.096750e-02
1.286485e+02	1.096540e-02
1.288778e+02	1.096730e-02
1.291028e+02	1.096610e-02
1.293326e+02	1.096370e-02
1.295636e+02	1.096450e-02
1.297879e+02	1.095940e-02
1.300190e+02	1.095720e-02
1.302433e+02	1.095960e-02
1.304724e+02	1.095970e-02
1.307036e+02	1.095550e-02
1.309286e+02	1.095560e-02
1.311608e+02	1.095290e-02
1.313830e+02	1.095540e-02
1.316125e+02	1.095370e-02
1.318436e+02	1.095280e-02
1.320683e+02	1.095200e-02
1.323012e+02	1.095090e-02
1.325322e+02	1.095150e-02
1.327573e+02	1.095200e-02
1.329889e+02	1.095170e-02
1.332139e+02	1.095060e-02
1.334431e+02	1.094970e-02
1.336678e+02	1.095130e-02
1.338991e+02	1.094870e-02
1.341426e+02	1.095110e-02
1.343668e+02	1.094880e-02
1.345981e+02	1.095090e-02
1.348215e+02	1.094780e-02
1.350506e+02	1.094950e-02
1.352812e+02	1.094860e-02
1.355062e+02	1.094790e-02
1.357353e+02	1.094530e-02
1.359607e+02	1.094480e-02
1.361897e+02	1.094620e-02
1.364606e+02	1.094110e-02
1.366831e+02	1.094180e-02
1.369141e+02	1.094090e-02
1.371391e+02	1.094080e-02
1.373698e+02	1.093940e-02
1.375950e+02	1.093850e-02
1.378241e+02	1.093870e-02
1.380555e+02	1.093920e-02
1.382780e+02	1.093910e-02
1.385068e+02	1.093720e-02
1.387381e+02	1.093640e-02
1.389629e+02	1.093430e-02
1.391923e+02	1.093430e-02
1.394233e+02	1.093490e-02
1.396467e+02	1.093300e-02
1.398748e+02	1.093080e-02
1.401061e+02	1.093480e-02
1.403291e+02	1.093250e-02
1.405580e+02	1.092950e-02
1.407832e+02	1.092960e-02
1.410143e+02	1.093090e-02
1.412384e+02	1.092870e-02
1.414713e+02	1.092650e-02
1.416956e+02	1.092610e-02
1.419249e+02	1.092680e-02
1.421505e+02	1.092640e-02
1.423800e+02	1.092820e-02
1.426055e+02	1.092350e-02
1.428342e+02	1.092330e-02
1.430594e+02	1.092500e-02
1.432906e+02	1.092210e-02
1.435331e+02	1.091900e-02
1.437577e+02	1.092110e-02
1.439868e+02	1.092210e-02
1.442158e+02	1.091870e-02
1.444444e+02	1.091960e-02
1.446776e+02	1.092010e-02
1.449065e+02	1.091560e-02
1.451349e+02	1.091600e-02
1.453638e+02	1.091260e-02
1.455951e+02	1.091260e-02
1.458180e+02	1.091220e-02
1.460469e+02	1.091330e-02
1.462758e+02	1.091100e-02
1.465050e+02	1.091260e-02
1.467298e+02	1.091310e-02
1.469587e+02	1.091030e-02
1.471877e+02	1.091090e-02
1.474166e+02	1.091040e-02
1.476417e+02	1.091200e-02
1.478727e+02	1.090950e-02
1.481019e+02	1.090820e-02
1.483336e+02	1.090820e-02
1.485578e+02	1.090710e-02
1.487880e+02	1.090690e-02
1.490115e+02	1.090470e-02
1.492407e+02	1.090340e-02
1.494719e+02	1.090350e-02
1.496948e+02	1.090290e-02
1.499238e+02	1.090460e-02
1.501537e+02	1.089990e-02
1.504035e+02	1.090110e-02
1.506284e+02	1.089870e-02
1.508599e+02	1.090110e-02
1.510827e+02	1.090160e-02
1.513136e+02	1.090100e-02
1.515787e+02	1.090170e-02
1.518080e+02	1.090110e-02
1.520331e+02	1.090310e-02
1.522641e+02	1.090000e-02
1.524873e+02	1.089970e-02
1.527185e+02	1.089930e-02
1.529417e+02	1.089940e-02
1.531730e+02	1.089760e-02
1.533964e+02	1.089520e-02
1.536277e+02	1.089580e-02
1.538530e+02	1.089580e-02
1.540817e+02	1.089580e-02
1.543067e+02	1.089320e-02
1.545381e+02	1.089340e-02
1.547614e+02	1.089150e-02
1.549922e+02	1.089230e-02
1.552150e+02	1.089090e-02
1.554459e+02	1.089080e-02
1.556702e+02	1.089130e-02
1.559018e+02	1.088760e-02
1.561244e+02	1.088850e-02
1.563532e+02	1.088590e-02
1.565848e+02	1.088530e-02
1.568086e+02	1.088460e-02
1.570395e+02	1.088700e-02
1.572627e+02	1.088690e-02
1.574937e+02	1.088690e-02
1.577183e+02	1.088720e-02
1.579492e+02	1.088860e-02
1.581727e+02	1.088830e-02
1.584037e+02	1.088470e-02
1.586280e+02	1.088440e-02
1.588597e+02	1.088750e-02
1.590848e+02	1.088600e-02
1.593137e+02	1.088420e-02
1.595443e+02	1.088610e-02
1.597696e+02	1.088540e-02
1.599987e+02	1.088440e-02
1.602231e+02	1.088470e-02
1.604628e+02	1.088320e-02
1.606857e+02	1.088320e-02
1.609161e+02	1.088190e-02
1.611408e+02	1.088050e-02
1.613702e+02	1.088080e-02
1.615948e+02	1.088020e-02
1.618258e+02	1.088070e-02
1.620489e+02	1.087980e-02
1.622799e+02	1.087900e-02
1.625047e+02	1.087790e-02
1.627359e+02	1.087960e-02
1.629589e+02	1.087870e-02
1.631900e+02	1.087910e-02
1.634153e+02	1.087980e-02
1.636468e+02	1.087950e-02
1.638719e+02	1.087630e-02
1.641047e+02	1.087650e-02
1.643297e+02	1.087580e-02
1.645632e+02	1.087540e-02
1.647876e+02	1.087550e-02
1.650191e+02	1.087460e-02
1.652438e+02	1.087270e-02
1.654743e+02	1.087320e-02
1.656991e+02	1.087260e-02
1.659322e+02	1.087090e-02
1.661551e+02	1.087330e-02
1.663866e+02	1.087280e-02
1.666497e+02	1.087240e-02
1.668808e+02	1.087030e-02
1.671061e+02	1.086880e-02
1.673361e+02	1.086960e-02
1.675596e+02	1.087150e-02
1.677908e+02	1.087100e-02
1.680155e+02	1.086980e-02
1.682477e+02	1.087030e-02
1.684711e+02	1.087010e-02
1.687051e+02	1.086890e-02
1.689285e+02	1.086740e-02
1.691572e+02	1.086830e-02
1.693829e+02	1.086560e-02
1.696141e+02	1.086470e-02
1.698387e+02	1.086710e-02
1.700703e+02	1.086590e-02
1.702947e+02	1.086630e-02
1.705252e+02	1.086420e-02
1.707506e+02	1.086650e-02
1.709816e+02	1.086640e-02
1.712065e+02	1.086610e-02
1.714377e+02	1.086560e-02
1.716604e+02	1.086540e-02
1.718919e+02	1.086280e-02
1.721153e+02	1.086430e-02
1.723462e+02	1.086260e-02
1.725708e+02	1.086360e-02
1.728024e+02	1.086190e-02
1.730274e+02	1.086170e-02
1.732586e+02	1.086210e-02
1.734835e+02	1.085920e-02
1.737143e+02	1.085940e-02
1.739388e+02	1.085540e-02
1.741700e+02	1.085550e-02
1.743946e+02	1.085500e-02
1.746345e+02	1.085810e-02
1.748587e+02	1.085930e-02
1.750912e+02	1.085900e-02
1.753139e+02	1.085820e-02
1.755449e+02	1.085610e-02
1.757699e+02	1.085670e-02
1.759990e+02	1.085700e-02
1.762237e+02	1.085620e-02
1.764548e+02	1.085650e-02
1.766778e+02	1.085590e-02
1.769088e+02	1.085430e-02
1.771338e+02	1.085680e-02
1.773653e+02	1.085390e-02
1.775911e+02	1.085470e-02
1.778198e+02	1.085340e-02
1.780447e+02	1.085120e-02
1.782764e+02	1.084960e-02
1.784996e+02	1.085210e-02
1.787309e+02	1.085060e-02
1.789559e+02	1.085120e-02
1.791869e+02	1.084950e-02
1.794304e+02	1.085180e-02
1.796547e+02	1.085130e-02
1.798927e+02	1.085200e-02
1.801181e+02	1.085150e-02
1.803519e+02	1.085220e-02
1.805768e+02	1.085140e-02
1.808080e+02	1.085010e-02
1.810327e+02	1.084870e-02
1.812638e+02	1.084740e-02
1.814876e+02	1.084970e-02
1.817614e+02	1.084550e-02
1.819844e+02	1.084810e-02
1.822178e+02	1.084740e-02
1.824408e+02	1.084710e-02
1.826718e+02	1.084670e-02
1.828965e+02	1.084620e-02
1.831295e+02	1.084470e-02
1.833525e+02	1.084590e-02
1.835859e+02	1.084430e-02
1.838094e+02	1.084210e-02
1.840406e+02	1.084120e-02
1.842635e+02	1.084050e-02
1.844950e+02	1.084160e-02
1.847197e+02	1.084330e-02
1.849510e+02	1.084260e-02
1.851757e+02	1.084210e-02
1.854068e+02	1.084100e-02
1.856315e+02	1.083950e-02
1.858628e+02	1.084080e-02
1.860868e+02	1.084120e-02
1.863179e+02	1.084050e-02
1.865415e+02	1.084080e-02
1.867727e+02	1.083640e-02
1.869956e+02	1.083900e-02
1.872266e+02	1.083940e-02
1.874513e+02	1.083780e-02
1.876820e+02	1.083710e-02
1.879067e+02	1.083950e-02
1.881353e+02	1.083870e-02
1.883612e+02	1.083980e-02
1.885928e+02	1.083910e-02
1.888175e+02	1.083450e-02
1.890491e+02	1.083730e-02
1.892737e+02	1.083660e-02
1.895068e+02	1.083690e-02
1.897298e+02	1.083730e-02
1.899606e+02	1.083730e-02
1.901854e+02	1.083570e-02
1.904181e+02	1.083750e-02
1.906408e+02	1.083650e-02
1.908753e+02	1.083400e-02
1.910985e+02	1.083470e-02
1.913291e+02	1.083440e-02
1.915538e+02	1.083390e-02
1.917850e+02	1.083530e-02
1.920098e+02	1.083220e-02
1.922402e+02	1.083320e-02
1.924647e+02	1.083230e-02
1.926959e+02	1.083220e-02
1.929194e+02	1.083080e-02
1.931507e+02	1.083230e-02
1.933737e+02	1.083130e-02
1.936047e+02	1.083100e-02
1.938298e+02	1.083360e-02
1.940600e+02	1.082960e-02
1.942836e+02	1.083010e-02
1.945143e+02	1.082930e-02
1.947377e+02	1.082920e-02
1.949678e+02	1.082930e-02
1.951933e+02	1.082810e-02
1.954247e+02	1.083000e-02
1.956488e+02	1.083020e-02
1.958802e+02	1.082860e-02
1.961228e+02	1.082910e-02
1.963551e+02	1.082810e-02
1.965779e+02	1.082700e-02
1.968485e+02	1.082850e-02
1.970729e+02	1.082770e-02
1.973044e+02	1.082660e-02
1.975287e+02	1.082830e-02
1.977617e+02	1.082420e-02
1.979841e+02	1.082610e-02
1.982130e+02	1.082770e-02
1.984378e+02	1.082450e-02
1.986692e+02	1.082760e-02
1.988923e+02	1.082400e-02
1.991255e+02	1.082470e-02
1.993489e+02	1.082670e-02
1.995797e+02	1.082830e-02
1.998048e+02	1.082540e-02
2.000378e+02	1.082320e-02
2.002611e+02	1.082510e-02
2.004922e+02	1.082280e-02
2.007148e+02	1.082240e-02
2.009496e+02	1.082370e-02
2.011803e+02	1.082490e-02
2.014055e+02	1.082440e-02
2.016375e+02	1.082310e-02
2.018607e+02	1.082360e-02
2.020888e+02	1.082350e-02
2.023177e+02	1.082370e-02
2.025424e+02	1.082340e-02
2.027737e+02	1.082210e-02
2.029966e+02	1.082170e-02
2.032191e+02	1.081960e-02
2.034499e+02	1.081870e-02
2.036752e+02	1.081790e-02
2.039064e+02	1.081690e-02
2.041288e+02	1.081810e-02
2.043578e+02	1.081640e-02
2.045837e+02	1.081640e-02
2.048126e+02	1.081660e-02
2.050437e+02	1.081650e-02
2.052684e+02	1.081480e-02
2.055007e+02	1.081730e-02
2.057247e+02	1.081770e-02
2.059537e+02	1.081580e-02
2.061784e+02	1.081460e-02
2.064077e+02	1.081700e-02
2.066383e+02	1.081780e-02
2.068629e+02	1.081480e-02
2.070923e+02	1.081440e-02
2.073228e+02	1.081290e-02
2.075466e+02	1.081390e-02
2.077753e+02	1.081390e-02
2.080041e+02	1.081680e-02
2.082348e+02	1.081810e-02
2.084597e+02	1.081580e-02
2.086888e+02	1.081550e-02
2.089137e+02	1.081640e-02
2.091452e+02	1.081370e-02
2.093699e+02	1.081140e-02
2.095989e+02	1.081450e-02
2.098279e+02	1.081470e-02
2.100610e+02	1.081640e-02
2.102845e+02	1.081470e-02
2.105154e+02	1.081320e-02
2.107399e+02	1.081350e-02
2.109705e+02	1.081160e-02
2.111956e+02	1.081280e-02
2.114268e+02	1.081100e-02
2.116514e+02	1.080910e-02
2.119216e+02	1.081180e-02
2.121467e+02	1.081270e-02
2.123775e+02	1.081270e-02
2.126004e+02	1.081140e-02
2.128312e+02	1.081130e-02
2.130557e+02	1.081220e-02
2.132858e+02	1.081140e-02
2.135309e+02	1.081340e-02
2.137538e+02	1.095000e-02
2.139849e+02	1.092380e-02
2.142079e+02	1.091800e-02
2.144368e+02	1.092570e-02
2.146678e+02	1.092760e-02
2.148926e+02	1.092040e-02
2.151235e+02	1.091360e-02
2.153462e+02	1.091000e-02
2.155769e+02	1.090620e-02
2.158014e+02	1.090960e-02
2.160311e+02	1.090770e-02
2.162567e+02	1.090250e-02
2.164857e+02	1.089820e-02
2.167172e+02	1.089240e-02
2.169413e+02	1.089300e-02
2.171704e+02	1.089240e-02
2.173947e+02	1.088600e-02
2.176267e+02	1.088380e-02
2.178501e+02	1.088330e-02
2.180815e+02	1.088260e-02
2.183048e+02	1.088330e-02
2.185382e+02	1.088280e-02
2.187611e+02	1.088670e-02
2.189898e+02	1.088500e-02
2.192210e+02	1.087750e-02
2.194458e+02	1.087620e-02
2.196747e+02	1.087710e-02
2.198996e+02	1.087680e-02
2.201296e+02	1.087950e-02
2.203551e+02	1.087240e-02
2.205885e+02	1.086120e-02
2.208135e+02	1.086140e-02
2.210444e+02	1.085860e-02
2.212888e+02	1.086220e-02
2.215118e+02	1.085920e-02
2.217429e+02	1.085950e-02
2.219682e+02	1.086010e-02
2.221991e+02	1.085550e-02
2.224236e+02	1.085530e-02
2.226594e+02	1.085000e-02
2.228827e+02	1.084610e-02
2.231139e+02	1.084630e-02
2.233388e+02	1.084860e-02
2.235710e+02	1.084340e-02
2.237940e+02	1.084360e-02
2.240232e+02	1.084000e-02
2.242546e+02	1.084230e-02
2.244776e+02	1.083900e-02
2.247081e+02	1.083770e-02
2.249333e+02	1.083620e-02
2.251626e+02	1.083500e-02
2.253869e+02	1.083280e-02
2.256182e+02	1.083070e-02
2.258431e+02	1.083230e-02
2.260718e+02	1.083310e-02
2.263037e+02	1.083280e-02
2.265346e+02	1.082830e-02
2.267568e+02	1.082740e-02
2.270255e+02	1.082570e-02
2.272561e+02	1.083020e-02
2.274810e+02	1.082860e-02
2.277109e+02	1.082720e-02
2.279361e+02	1.082630e-02
2.281676e+02	1.082830e-02
2.283924e+02	1.082510e-02
2.286237e+02	1.082800e-02
2.288462e+02	1.082520e-02
2.290772e+02	1.082670e-02
2.293025e+02	1.082180e-02
2.295354e+02	1.082210e-02
2.297581e+02	1.082220e-02
2.299889e+02	1.082080e-02
2.302139e+02	1.081990e-02
2.304575e+02	1.081550e-02
2.307004e+02	1.081730e-02
2.309247e+02	1.081700e-02
2.311551e+02	1.081750e-02
2.313797e+02	1.081900e-02
2.316111e+02	1.081790e-02
2.318337e+02	1.081540e-02
2.320659e+02	1.081760e-02
2.322897e+02	1.081570e-02
2.325188e+02	1.081700e-02
2.327437e+02	1.081280e-02
2.329738e+02	1.081360e-02
2.331985e+02	1.081320e-02
2.334288e+02	1.080910e-02
2.336527e+02	1.081280e-02
2.338837e+02	1.080810e-02
2.341103e+02	1.081240e-02
2.343408e+02	1.081130e-02
2.345643e+02	1.080850e-02
2.347927e+02	1.080800e-02
2.350209e+02	1.080870e-02
2.352530e+02	1.080490e-02
2.354757e+02	1.080650e-02
2.357066e+02	1.080340e-02
2.359378e+02	1.080490e-02
2.361623e+02	1.080440e-02
2.363915e+02	1.080550e-02
2.366221e+02	1.079810e-02
2.368467e+02	1.080460e-02
2.370777e+02	1.080420e-02
2.373004e+02	1.080190e-02
2.375292e+02	1.080410e-02
2.377602e+02	1.080360e-02
2.379849e+02	1.080200e-02
2.382177e+02	1.080100e-02
2.384405e+02	1.080140e-02
2.386721e+02	1.079990e-02
2.388950e+02	1.080190e-02
2.391237e+02	1.079700e-02
2.393485e+02	1.079670e-02
2.395789e+02	1.079620e-02
2.398023e+02	1.079610e-02
2.400337e+02	1.079790e-02
2.402588e+02	1.079710e-02
2.404916e+02	1.079710e-02
2.407144e+02	1.079750e-02
2.409458e+02	1.080010e-02
2.411702e+02	1.079990e-02
2.413999e+02	1.079470e-02
2.416254e+02	1.079550e-02
2.418558e+02	1.079430e-02
2.421198e+02	1.079190e-02
2.423512e+02	1.079090e-02
2.425755e+02	1.079480e-02
2.428065e+02	1.079240e-02
2.430336e+02	1.079150e-02
2.432657e+02	1.079370e-02
2.434909e+02	1.079290e-02
2.437198e+02	1.079130e-02
2.439447e+02	1.078890e-02
2.441763e+02	1.078920e-02
2.443988e+02	1.078950e-02
2.446276e+02	1.078830e-02
2.448581e+02	1.078800e-02
2.450827e+02	1.078510e-02
2.453131e+02	1.078740e-02
2.455378e+02	1.078620e-02
2.457687e+02	1.078850e-02
2.459915e+02	1.078370e-02
2.462212e+02	1.078380e-02
2.464669e+02	1.078390e-02
2.466912e+02	1.078260e-02
2.469217e+02	1.078620e-02
2.471447e+02	1.078550e-02
2.473736e+02	1.078950e-02
2.476051e+02	1.078670e-02
2.478284e+02	1.078680e-02
2.480587e+02	1.078360e-02
2.482921e+02	1.078550e-02
2.485149e+02	1.078490e-02
2.487459e+02	1.078450e-02
2.489710e+02	1.078280e-02
2.492004e+02	1.078320e-02
2.494254e+02	1.078100e-02
2.496561e+02	1.077950e-02
2.498787e+02	1.077760e-02
2.501140e+02	1.077830e-02
2.503391e+02	1.077870e-02
2.505677e+02	1.077830e-02
2.507927e+02	1.078200e-02
2.510238e+02	1.078050e-02
2.512470e+02	1.077860e-02
2.514781e+02	1.077900e-02
2.517017e+02	1.077710e-02
2.519327e+02	1.077800e-02
2.521567e+02	1.077650e-02
2.523875e+02	1.077720e-02
2.526128e+02	1.077630e-02
2.528441e+02	1.077990e-02
2.530685e+02	1.078100e-02
2.533033e+02	1.077800e-02
2.535281e+02	1.077510e-02
2.537589e+02	1.077800e-02
2.539829e+02	1.077570e-02
2.542116e+02	1.077160e-02
2.544425e+02	1.078160e-02
2.546659e+02	1.077530e-02
2.548969e+02	1.077640e-02
2.551217e+02	1.077510e-02
2.553528e+02	1.077650e-02
2.555764e+02	1.076930e-02
2.558079e+02	1.077010e-02
2.560324e+02	1.076960e-02
2.562626e+02	1.076930e-02
2.564869e+02	1.076590e-02
2.567177e+02	1.076960e-02
2.569419e+02	1.077110e-02
2.572129e+02	1.077060e-02
2.574363e+02	1.077170e-02
2.576687e+02	1.077260e-02
2.578914e+02	1.077310e-02
2.581224e+02	1.077170e-02
2.583468e+02	1.076830e-02
2.585794e+02	1.076920e-02
2.588041e+02	1.076700e-02
2.590357e+02	1.076900e-02
2.592603e+02	1.076780e-02
2.594909e+02	1.076800e-02
2.597156e+02	1.076880e-02
2.599469e+02	1.076720e-02
2.601699e+02	1.076780e-02
2.604012e+02	1.076640e-02
2.606241e+02	1.076870e-02
2.608554e+02	1.076480e-02
2.610778e+02	1.076790e-02
2.613077e+02	1.076700e-02
2.615504e+02	1.076340e-02
2.617748e+02	1.076700e-02
2.620058e+02	1.076690e-02
2.622304e+02	1.076430e-02
2.624614e+02	1.076410e-02
2.626846e+02	1.076470e-02
2.629155e+02	1.076280e-02
2.631384e+02	1.076450e-02
2.633693e+02	1.076560e-02
2.635941e+02	1.076550e-02
2.638255e+02	1.076480e-02
2.640485e+02	1.076280e-02
2.642771e+02	1.076660e-02
2.645078e+02	1.076540e-02
2.647323e+02	1.076570e-02
2.649631e+02	1.076450e-02
2.651860e+02	1.076630e-02
2.654227e+02	1.076840e-02
2.656533e+02	1.076620e-02
2.658777e+02	1.076100e-02
2.661097e+02	1.076490e-02
2.663346e+02	1.076340e-02
2.665689e+02	1.076240e-02
2.668002e+02	1.076170e-02
2.670247e+02	1.076250e-02
2.672538e+02	1.076280e-02
2.674783e+02	1.076250e-02
2.677091e+02	1.076260e-02
2.679536e+02	1.076040e-02
2.681782e+02	1.076340e-02
2.684092e+02	1.076060e-02
2.686317e+02	1.076130e-02
2.688604e+02	1.076070e-02
2.690908e+02	1.075860e-02
2.693156e+02	1.076040e-02
2.695457e+02	1.076020e-02
2.697695e+02	1.075840e-02
2.700004e+02	1.076110e-02
2.702249e+02	1.075980e-02
2.704559e+02	1.075710e-02
2.706797e+02	1.075540e-02
2.709101e+02	1.075610e-02
2.711347e+02	1.075620e-02
2.713647e+02	1.075760e-02
2.715889e+02	1.075330e-02
2.718199e+02	1.075520e-02
2.720444e+02	1.075540e-02
2.723168e+02	1.075540e-02
2.725617e+02	1.075630e-02
2.727847e+02	1.075590e-02
2.730156e+02	1.075700e-02
2.732401e+02	1.075450e-02
2.734711e+02	1.075380e-02
2.736968e+02	1.075270e-02
2.739256e+02	1.075020e-02
2.741507e+02	1.075220e-02
2.743818e+02	1.075370e-02
2.746056e+02	1.075580e-02
2.748372e+02	1.075300e-02
2.750625e+02	1.075300e-02
2.752917e+02	1.075450e-02
2.755157e+02	1.075500e-02
2.757470e+02	1.075360e-02
2.759705e+02	1.075220e-02
2.762026e+02	1.075390e-02
2.764265e+02	1.075480e-02
2.766592e+02	1.075340e-02
2.768819e+02	1.075040e-02
2.771128e+02	1.075450e-02
2.773367e+02	1.075190e-02
2.775700e+02	1.075160e-02
2.777937e+02	1.075340e-02
2.780249e+02	1.075080e-02
2.782497e+02	1.075270e-02
2.784808e+02	1.075400e-02
2.787055e+02	1.075210e-02
2.789367e+02	1.075170e-02
2.791609e+02	1.075120e-02
2.793917e+02	1.075140e-02
2.796168e+02	1.074990e-02
2.798483e+02	1.074530e-02
2.800733e+02	1.075060e-02
2.803049e+02	1.074450e-02
2.805305e+02	1.074790e-02
2.807617e+02	1.074720e-02
2.809862e+02	1.074720e-02
2.812170e+02	1.074540e-02
2.814416e+02	1.074710e-02
2.816719e+02	1.074810e-02
2.818952e+02	1.074680e-02
2.821258e+02	1.075080e-02
2.823505e+02	1.075140e-02
2.825834e+02	1.074990e-02
2.828061e+02	1.074640e-02
2.830368e+02	1.074440e-02
2.832617e+02	1.074800e-02
2.834930e+02	1.074600e-02
2.837187e+02	1.074480e-02
2.839511e+02	1.074620e-02
2.841743e+02	1.074940e-02
2.844055e+02	1.074690e-02
2.846287e+02	1.074400e-02
2.848598e+02	1.074380e-02
2.850845e+02	1.074520e-02
2.853198e+02	1.074490e-02
2.855446e+02	1.074470e-02
2.857754e+02	1.074440e-02
2.860008e+02	1.074300e-02
2.862324e+02	1.074400e-02
2.864576e+02	1.074300e-02
2.866887e+02	1.074290e-02
2.869136e+02	1.074140e-02
2.871449e+02	1.074440e-02
2.874098e+02	1.074310e-02
2.876411e+02	1.074510e-02
2.878655e+02	1.074380e-02
2.880976e+02	1.074370e-02
2.883213e+02	1.074520e-02
2.885534e+02	1.074450e-02
2.887776e+02	1.074370e-02
2.890104e+02	1.074330e-02
2.892340e+02	1.074190e-02
2.894667e+02	1.074300e-02
2.896904e+02	1.074180e-02
2.899209e+02	1.074100e-02
2.901450e+02	1.074220e-02
2.903749e+02	1.074170e-02
2.906201e+02	1.074400e-02
2.908440e+02	1.074320e-02
2.910746e+02	1.074150e-02
2.912986e+02	1.074370e-02
2.915286e+02	1.074300e-02
2.917531e+02	1.074650e-02
2.919837e+02	1.074420e-02
2.922099e+02	1.074400e-02
2.924404e+02	1.074270e-02
2.926644e+02	1.073980e-02
2.928946e+02	1.074220e-02
2.931192e+02	1.074410e-02
2.933497e+02	1.073860e-02
2.935749e+02	1.073850e-02
2.938051e+02	1.073830e-02
2.940297e+02	1.073970e-02
2.942626e+02	1.074170e-02
2.944868e+02	1.074010e-02
2.947184e+02	1.073950e-02
2.949426e+02	1.074030e-02
2.951727e+02	1.074190e-02
2.953971e+02	1.074270e-02
2.956277e+02	1.074380e-02
2.958526e+02	1.074360e-02
2.960815e+02	1.074540e-02
2.963057e+02	1.073960e-02
2.965357e+02	1.074040e-02
2.967616e+02	1.074180e-02
2.969942e+02	1.074310e-02
2.972184e+02	1.074030e-02
2.974497e+02	1.073790e-02
2.976736e+02	1.073860e-02
2.979038e+02	1.074080e-02
2.981280e+02	1.073970e-02
2.983604e+02	1.073730e-02
2.985844e+02	1.073720e-02
2.988140e+02	1.073690e-02
2.990384e+02	1.073650e-02
2.992696e+02	1.073370e-02
2.994921e+02	1.073320e-02
2.997246e+02	1.073250e-02
2.999488e+02	1.073220e-02
3.001811e+02	1.073390e-02
3.004107e+02	1.073560e-02
3.006435e+02	1.073580e-02
3.008869e+02	1.073430e-02
3.011170e+02	1.073710e-02
3.013409e+02	1.073640e-02
3.015732e+02	1.073710e-02
3.017971e+02	1.073470e-02
3.020213e+02	1.073470e-02
3.022558e+02	1.073230e-02
3.025217e+02	1.073270e-02
3.027541e+02	1.073430e-02
3.029776e+02	1.073280e-02
3.032081e+02	1.073340e-02
3.034321e+02	1.073440e-02
3.036623e+02	1.073350e-02
3.038879e+02	1.073310e-02
3.041180e+02	1.073220e-02
3.043422e+02	1.073110e-02
3.045723e+02	1.073220e-02
3.047967e+02	1.073070e-02
3.050305e+02	1.073360e-02
3.052547e+02	1.073450e-02
3.054872e+02	1.073430e-02
3.057104e+02	1.073600e-02
3.059426e+02	1.073300e-02
3.061666e+02	1.073420e-02
3.063975e+02	1.073490e-02
3.066277e+02	1.073430e-02
3.068518e+02	1.073700e-02
3.070820e+02	1.073360e-02
3.073056e+02	1.073580e-02
3.075399e+02	1.073520e-02
3.077660e+02	1.073670e-02
3.079990e+02	1.073560e-02
3.082232e+02	1.073850e-02
3.084550e+02	1.073800e-02
3.086790e+02	1.073690e-02
3.089096e+02	1.073640e-02
3.091341e+02	1.073550e-02
3.093637e+02	1.073810e-02
3.095876e+02	1.073660e-02
3.098176e+02	1.073650e-02
3.100424e+02	1.073940e-02
3.102725e+02	1.073780e-02
3.104972e+02	1.073720e-02
3.107271e+02	1.073580e-02
3.109513e+02	1.073660e-02
3.111819e+02	1.073540e-02
3.114057e+02	1.073620e-02
3.116380e+02	1.073560e-02
3.118621e+02	1.073490e-02
3.120925e+02	1.073630e-02
3.123165e+02	1.073450e-02
3.125547e+02	1.073570e-02
3.127788e+02	1.073350e-02
3.130091e+02	1.073430e-02
3.132335e+02	1.073270e-02
3.134638e+02	1.073340e-02
3.136884e+02	1.073380e-02
3.139186e+02	1.073210e-02
3.141432e+02	1.072900e-02
3.143761e+02	1.072880e-02
3.146006e+02	1.073200e-02
3.148308e+02	1.072940e-02
3.150550e+02	1.073250e-02
3.152852e+02	1.073190e-02
3.155109e+02	1.072980e-02
3.157436e+02	1.072950e-02
3.159676e+02	1.072950e-02
3.161979e+02	1.072760e-02
3.164225e+02	1.072820e-02
3.166548e+02	1.073080e-02
3.168787e+02	1.073070e-02
3.171088e+02	1.073080e-02
3.173336e+02	1.072850e-02
3.176056e+02	1.072800e-02
3.178299e+02	1.072840e-02
3.180610e+02	1.072490e-02
3.182850e+02	1.072900e-02
3.185170e+02	1.073070e-02
3.187411e+02	1.073110e-02
3.189717e+02	1.072680e-02
3.191957e+02	1.072860e-02
3.194662e+02	1.072930e-02
3.196905e+02	1.072820e-02
3.199223e+02	1.072880e-02
3.201468e+02	1.072980e-02
3.203792e+02	1.072880e-02
3.206036e+02	1.072870e-02
3.208340e+02	1.073210e-02
3.210562e+02	1.072960e-02
3.212803e+02	1.072970e-02
3.215106e+02	1.072920e-02
3.217356e+02	1.072860e-02
3.219651e+02	1.073040e-02
3.221894e+02	1.072930e-02
3.224236e+02	1.072850e-02
3.226485e+02	1.072960e-02
3.228818e+02	1.072660e-02
3.231068e+02	1.072820e-02
3.233397e+02	1.072860e-02
3.235825e+02	1.072620e-02
3.238086e+02	1.072900e-02
3.240429e+02	1.072730e-02
3.242658e+02	1.072700e-02
3.245037e+02	1.072860e-02
3.247259e+02	1.072770e-02
3.249563e+02	1.072670e-02
3.251805e+02	1.072840e-02
3.254124e+02	1.072770e-02
3.256381e+02	1.072780e-02
3.258706e+02	1.072520e-02
3.260944e+02	1.072580e-02
3.263284e+02	1.072520e-02
3.265535e+02	1.072790e-02
3.267781e+02	1.072550e-02
3.270106e+02	1.072580e-02
3.272346e+02	1.072120e-02
3.274682e+02	1.072140e-02
3.276922e+02	1.072380e-02
3.279303e+02	1.072380e-02
3.281532e+02	1.072430e-02
3.283939e+02	1.072410e-02
3.286183e+02	1.072590e-02
3.288421e+02	1.072680e-02
3.290827e+02	1.072670e-02
3.293066e+02	1.072650e-02
3.295368e+02	1.072800e-02
3.297590e+02	1.072970e-02
3.299896e+02	1.072790e-02
3.302123e+02	1.072700e-02
3.304428e+02	1.073030e-02
3.306677e+02	1.072990e-02
3.308977e+02	1.072840e-02
3.311237e+02	1.072800e-02
3.313576e+02	1.073140e-02
3.315811e+02	1.072970e-02
3.318134e+02	1.072930e-02
3.320502e+02	1.073140e-02
3.322751e+02	1.072910e-02
3.325117e+02	1.072830e-02
3.327752e+02	1.072850e-02
3.330095e+02	1.073050e-02
3.332424e+02	1.072680e-02
3.334780e+02	1.072800e-02
3.337018e+02	1.072690e-02
3.339333e+02	1.072730e-02
3.341647e+02	1.072620e-02
3.343892e+02	1.072700e-02
3.346214e+02	1.072680e-02
3.348472e+02	1.072460e-02
3.350817e+02	1.072490e-02
3.353043e+02	1.072890e-02
3.355340e+02	1.072890e-02
3.357578e+02	1.072550e-02
3.359937e+02	1.072540e-02
3.362181e+02	1.072860e-02
3.364507e+02	1.072560e-02
3.366748e+02	1.072620e-02
3.369108e+02	1.072660e-02
3.371340e+02	1.072660e-02
3.373580e+02	1.072430e-02
3.375880e+02	1.072590e-02
3.378126e+02	1.072750e-02
3.380427e+02	1.072640e-02
3.382667e+02	1.072810e-02
3.385149e+02	1.072410e-02
3.387613e+02	1.072430e-02
3.389854e+02	1.072390e-02
3.392177e+02	1.072660e-02
3.394404e+02	1.072550e-02
3.396723e+02	1.072540e-02
3.398965e+02	1.072490e-02
3.401264e+02	1.072390e-02
3.403508e+02	1.072720e-02
3.405856e+02	1.072770e-02
3.408079e+02	1.072640e-02
3.410381e+02	1.072730e-02
3.412622e+02	1.071930e-02
3.414948e+02	1.071930e-02
3.417186e+02	1.071600e-02
3.419563e+02	1.071450e-02
3.421807e+02	1.071500e-02
3.424169e+02	1.071310e-02
3.426397e+02	1.071470e-02
3.428764e+02	1.071790e-02
3.431006e+02	1.071570e-02
3.433307e+02	1.071310e-02
3.435566e+02	1.071140e-02
3.437864e+02	1.071290e-02
3.440098e+02	1.071240e-02
3.442406e+02	1.071340e-02
3.444651e+02	1.071270e-02
3.446957e+02	1.071070e-02
3.449199e+02	1.071260e-02
3.451509e+02	1.071210e-02
3.453754e+02	1.071460e-02
3.456055e+02	1.071190e-02
3.458317e+02	1.071370e-02
3.460617e+02	1.070980e-02
3.462927e+02	1.071170e-02
3.465172e+02	1.071160e-02
3.467478e+02	1.071250e-02
3.469727e+02	1.071230e-02
3.472029e+02	1.071620e-02
3.474274e+02	1.071110e-02
3.476618e+02	1.071060e-02
3.479271e+02	1.071220e-02
3.481597e+02	1.071560e-02
3.483836e+02	1.071370e-02
3.486167e+02	1.071310e-02
3.488397e+02	1.071150e-02
3.490715e+02	1.071200e-02
3.492954e+02	1.071060e-02
3.495270e+02	1.072490e-02
3.497516e+02	1.072730e-02
3.499843e+02	1.072530e-02
3.502074e+02	1.072580e-02
3.504525e+02	1.072610e-02
3.506775e+02	1.072520e-02
3.509098e+02	1.072550e-02
3.511334e+02	1.072190e-02
3.513636e+02	1.072500e-02
3.515877e+02	1.072620e-02
3.518203e+02	1.072810e-02
3.520440e+02	1.072270e-02
3.522742e+02	1.072320e-02
3.524984e+02	1.072640e-02
3.527287e+02	1.072640e-02
3.529531e+02	1.072580e-02
3.531885e+02	1.072410e-02
3.534126e+02	1.072680e-02
3.536470e+02	1.072570e-02
3.538716e+02	1.072430e-02
3.541018e+02	1.072700e-02
3.543259e+02	1.072390e-02
3.545558e+02	1.072450e-02
3.547804e+02	1.072780e-02
3.550128e+02	1.072440e-02
3.552371e+02	1.072660e-02
3.554678e+02	1.072540e-02
3.556936e+02	1.072800e-02
3.559276e+02	1.072520e-02
3.561515e+02	1.072470e-02
3.563819e+02	1.072450e-02
3.566067e+02	1.072670e-02
3.568394e+02	1.072500e-02
3.570866e+02	1.072150e-02
3.573102e+02	1.072040e-02
3.575487e+02	1.072220e-02
3.577727e+02	1.072240e-02
3.580097e+02	1.071970e-02
3.582321e+02	1.072090e-02
3.584627e+02	1.072300e-02
3.586893e+02	1.072140e-02
3.729608e+02	1.072200e-02
3.731925e+02	1.072140e-02
