2.900000000000000000e+02 1.697592988079290556e-10
2.900804252528390634e+02 1.699906566599288705e-10
2.901608505056780700e+02 1.702218464051182455e-10
2.902412757585171335e+02 1.704528682266528562e-10
2.903217010113561969e+02 1.706837223074221807e-10
2.904021262641952035e+02 1.709144088300499141e-10
2.904825515170342669e+02 1.711449279768954928e-10
2.905629767698733303e+02 1.713752799300531126e-10
2.906434020227123938e+02 1.716054648713532540e-10
2.907238272755514004e+02 1.718354829823626301e-10
2.908042525283904638e+02 1.720653344443852983e-10
2.908846777812295272e+02 1.722950194384622210e-10
2.909651030340685338e+02 1.725245381453722993e-10
2.910455282869075972e+02 1.723527485092762988e-10
2.911259535397466607e+02 1.718737229578058859e-10
2.912063787925856673e+02 1.713950438346785512e-10
2.912868040454247307e+02 1.709167107642272988e-10
2.913672292982637941e+02 1.704387233713287969e-10
2.914476545511028007e+02 1.699610812814020857e-10
2.915280798039418642e+02 1.694837841204058891e-10
2.916085050567809276e+02 1.690068315148401141e-10
2.916889303096199910e+02 1.685302230917434722e-10
2.917693555624589976e+02 1.680539584786928595e-10
2.918497808152980610e+02 1.675780373038014951e-10
2.919302060681371245e+02 1.671024591957195935e-10
2.920106313209761311e+02 1.675598820771178779e-10
2.920910565738151945e+02 1.741376113690505624e-10
2.921714818266542579e+02 1.807106042395811305e-10
2.922519070794932645e+02 1.872788658026916034e-10
2.923323323323323280e+02 1.938424011650186122e-10
2.924127575851713914e+02 2.004012154258382510e-10
2.924931828380103980e+02 2.069553136770937867e-10
2.925736080908494614e+02 2.135047010034223360e-10
2.926540333436885248e+02 2.200493824821402862e-10
2.927344585965275883e+02 2.265893631832750901e-10
2.928148838493665949e+02 2.331246481695688848e-10
2.928953091022056583e+02 2.396552424965102603e-10
2.929757343550447217e+02 2.461811512123195002e-10
2.930561596078837283e+02 2.462697885644516358e-10
2.931365848607227917e+02 2.435799418284301581e-10
2.932170101135618552e+02 2.408920229454379448e-10
2.932974353664008618e+02 2.382231273157070594e-10
2.933778606192399252e+02 2.355722342459704569e-10
2.934582858720789886e+02 2.329224886623173614e-10
2.935387111249179952e+02 2.302738898198463246e-10
2.936191363777570587e+02 2.276264369742947920e-10
2.936995616305961221e+02 2.249801293820499854e-10
2.937799868834351855e+02 2.223349663001401138e-10
2.938604121362741921e+02 2.196909469862381995e-10
2.939408373891132555e+02 2.170480706986531081e-10
2.940212626419523190e+02 2.152012426745497600e-10
2.941016878947913256e+02 2.155665348956316316e-10
2.941821131476303890e+02 2.159316693009068502e-10
2.942625384004694524e+02 2.162966459926240125e-10
2.943429636533084590e+02 2.166614650729433104e-10
2.944233889061475224e+02 2.170261266439374099e-10
2.945038141589865859e+02 2.173906308075903134e-10
2.945842394118255925e+02 2.177549776657976442e-10
2.946646646646646559e+02 2.181191673203683527e-10
2.947450899175037193e+02 2.184831998730222089e-10
2.948255151703427828e+02 2.188470754253919737e-10
2.949059404231817894e+02 2.192107940790222614e-10
2.949863656760208528e+02 2.195743559353710135e-10
2.950667909288599162e+02 2.206199501810929649e-10
2.951472161816989228e+02 2.218043221038466836e-10
2.952276414345379862e+02 2.229881837797709771e-10
2.953080666873770497e+02 2.241715355385278734e-10
2.953884919402160563e+02 2.253543777094957034e-10
2.954689171930551197e+02 2.265367106217715826e-10
2.955493424458941831e+02 2.277185346041668097e-10
2.956297676987331897e+02 2.288998499852098393e-10
2.957101929515722532e+02 2.300806570931486859e-10
2.957906182044113166e+02 2.312609562559465295e-10
2.958710434572503232e+02 2.324407478012846109e-10
2.959514687100893866e+02 2.336200320565646096e-10
2.960318939629284500e+02 2.356435968412177204e-10
2.961123192157675135e+02 2.389514823383407056e-10
2.961927444686065201e+02 2.422579464184077438e-10
2.962731697214455835e+02 2.455629899974128993e-10
2.963535949742846469e+02 2.488666139905567117e-10
2.964340202271236535e+02 2.521688193122534338e-10
2.965144454799627169e+02 2.554696068761392000e-10
2.965948707328017804e+02 2.587689775950589462e-10
2.966752959856407870e+02 2.620669323810738549e-10
2.967557212384798504e+02 2.653634721454697818e-10
2.968361464913189138e+02 2.686585977987434006e-10
2.969165717441579204e+02 2.719523102506105265e-10
2.969969969969969839e+02 2.752446104100140261e-10
2.970774222498360473e+02 2.799512671574419271e-10
2.971578475026751107e+02 2.847108087322902714e-10
2.972382727555141173e+02 2.894683108017931504e-10
2.973186980083531807e+02 2.942237746765953422e-10
2.973991232611922442e+02 2.989772016662089043e-10
2.974795485140312508e+02 3.037285930790242375e-10
2.975599737668703142e+02 3.084779502223214591e-10
2.976403990197093776e+02 3.132252744022516369e-10
2.977208242725483842e+02 3.179504548028002282e-10
2.978012495253874476e+02 3.226100269032103887e-10
2.978816747782265111e+02 3.272651996770090472e-10
2.979621000310655177e+02 3.319159793516776095e-10
2.980425252839045811e+02 3.314401742984894214e-10
2.981229505367436445e+02 3.264018941704214365e-10
2.982033757895827080e+02 3.213683619599917250e-10
2.982838010424217146e+02 3.163395709589310588e-10
2.983642262952607780e+02 3.113155144715910727e-10
2.984446515480998414e+02 3.062961858149354246e-10
2.985250768009388480e+02 3.012815783185001421e-10
2.986055020537779114e+02 2.962716853243530392e-10
2.986859273066169749e+02 2.912665001870857544e-10
2.987663525594559815e+02 2.862660162737733742e-10
2.988467778122950449e+02 2.812702269639348318e-10
2.989272030651341083e+02 2.762791256495251004e-10
2.990076283179731149e+02 2.724059948821944762e-10
2.990880535708121784e+02 2.791556183329786984e-10
2.991684788236512418e+02 2.858989169118623333e-10
2.992489040764903052e+02 2.926358995049569299e-10
2.993293293293293118e+02 2.993665749817303878e-10
2.994097545821683752e+02 3.060909521950661521e-10
2.994901798350074387e+02 3.128090399812727781e-10
2.995706050878464453e+02 3.195208471601368706e-10
2.996510303406855087e+02 3.262263825349762302e-10
2.997314555935245721e+02 3.329256548926495729e-10
2.998118808463635787e+02 3.396186730036095211e-10
2.998923060992026421e+02 3.463054456219548197e-10
2.999727313520417056e+02 3.529859814854397965e-10
3.000531566048807122e+02 3.617873931968501023e-10
3.001335818577197756e+02 3.716712717485260611e-10
3.002140071105588390e+02 3.815459444830654916e-10
3.002944323633979025e+02 3.914114242558906394e-10
3.003748576162369091e+02 4.012677238984920195e-10
3.004552828690759725e+02 4.111148562185118574e-10
3.005357081219150359e+02 4.209528339997577900e-10
3.006161333747540425e+02 4.307816700022794825e-10
3.006965586275931059e+02 4.406013769624440574e-10
3.007769838804321694e+02 4.504119675929496395e-10
3.008574091332711760e+02 4.602134545829013531e-10
3.009378343861102394e+02 4.700058505978863885e-10
3.010182596389493028e+02 4.761561200958210380e-10
3.010986848917883094e+02 4.699375747779028171e-10
3.011791101446273728e+02 4.637247892082025696e-10
3.012595353974664363e+02 4.575177553882279311e-10
3.013399606503054997e+02 4.513164653342851600e-10
3.014203859031445063e+02 4.451209110774534953e-10
3.015008111559835697e+02 4.389310846635344916e-10
3.015812364088226332e+02 4.327469781530424548e-10
3.016616616616616398e+02 4.265685836211588955e-10
3.017420869145007032e+02 4.202874599430693049e-10
3.018225121673397666e+02 4.139695457660799428e-10
3.019029374201787732e+02 4.076621043922793328e-10
3.019833626730178366e+02 4.013651098030770024e-10
3.020637879258569001e+02 4.020681075492648969e-10
3.021442131786959067e+02 4.045914732361902176e-10
3.022246384315349701e+02 4.071106699222076855e-10
3.023050636843740335e+02 4.096257079305654665e-10
3.023854889372130401e+02 4.121365975504564939e-10
3.024659141900521035e+02 4.146433490371642589e-10
3.025463394428911670e+02 4.171459726121915406e-10
3.026267646957302304e+02 4.196444784634073859e-10
3.027071899485692370e+02 4.221388767451805954e-10
3.027876152014083004e+02 4.246291775785252040e-10
3.028680404542473639e+02 4.271153910512261089e-10
3.029484657070863705e+02 4.295975272179815517e-10
3.030288909599254339e+02 4.324427121899033721e-10
3.031093162127644973e+02 4.359375465852592487e-10
3.031897414656035039e+02 4.394266636348749181e-10
3.032701667184425673e+02 4.429100773571562042e-10
3.033505919712816308e+02 4.463878017247096460e-10
3.034310172241206374e+02 4.498598506645373509e-10
3.035114424769597008e+02 4.533262380582292626e-10
3.035918677297987642e+02 4.567869777421347487e-10
3.036722929826378277e+02 4.602420835075551795e-10
3.037527182354768343e+02 4.636915691009233223e-10
3.038331434883158977e+02 4.671354482239946271e-10
3.039135687411549611e+02 4.705737345340142652e-10
3.039939939939939677e+02 4.740064416439054165e-10
3.040744192468330311e+02 4.760660566702811378e-10
3.041548444996720946e+02 4.780120582016353794e-10
3.042352697525111012e+02 4.799549096841317110e-10
3.043156950053501646e+02 4.818946187601996555e-10
3.043961202581892280e+02 4.838311930475630227e-10
3.044765455110282346e+02 4.857646401393428922e-10
3.045569707638672980e+02 4.876949676041617360e-10
3.046373960167063615e+02 4.896221829862332701e-10
3.047178212695454249e+02 4.915462938054667828e-10
3.047982465223844315e+02 4.934673075575619508e-10
3.048786717752234949e+02 4.953852317141114089e-10
3.049590970280625584e+02 4.973000737226897758e-10
3.050395222809015650e+02 5.003475201979734264e-10
3.051199475337406284e+02 5.045644878930284020e-10
3.052003727865796918e+02 5.087746951209185226e-10
3.052807980394186984e+02 5.129781581257695085e-10
3.053612232922577618e+02 5.171748930997155726e-10
3.054416485450968253e+02 5.213809468980617486e-10
3.055220737979358319e+02 5.255811114660753144e-10
3.056024990507748953e+02 5.297748358156189564e-10
3.056829243036139587e+02 5.339621347477674880e-10
3.057633495564530222e+02 5.381430230182772884e-10
3.058437748092920287e+02 5.423175153377557719e-10
3.059242000621310922e+02 5.464856263718440904e-10
3.060046253149701556e+02 5.505683662754128791e-10
3.060850505678091622e+02 5.533511328465639503e-10
3.061654758206482256e+02 5.561296553080136623e-10
3.062459010734872891e+02 5.589039433616565067e-10
3.063263263263262957e+02 5.616740066798381190e-10
3.064067515791653591e+02 5.644398549054747029e-10
3.064871768320044225e+02 5.672014976521517749e-10
3.065676020848434291e+02 5.699589445042423478e-10
3.066480273376824925e+02 5.727122050170233564e-10
3.067284525905215560e+02 5.754612887167745055e-10
3.068088778433606194e+02 5.782062051008957294e-10
3.068893030961996260e+02 5.809469636380127615e-10
3.069697283490386894e+02 5.836835737680936623e-10
3.070501536018777529e+02 5.841540556442324191e-10
3.071305788547167595e+02 5.832595693960746670e-10
3.072110041075558229e+02 5.823664339737312487e-10
3.072914293603948863e+02 5.814746463195477447e-10
3.073718546132338929e+02 5.805842033850906283e-10
3.074522798660729563e+02 5.796951021311117997e-10
3.075327051189120198e+02 5.788073395275161193e-10
3.076131303717510264e+02 5.779209125533263563e-10
3.076935556245900898e+02 5.770358181966468956e-10
3.077739808774291532e+02 5.761520534546323052e-10
3.078544061302682167e+02 5.752696153334523879e-10
3.079348313831072232e+02 5.743885008482585769e-10
3.080152566359462867e+02 5.752987076144860879e-10
3.080956818887853501e+02 5.838478007126981197e-10
3.081761071416243567e+02 5.923840991641008413e-10
3.082565323944634201e+02 6.009076316700975457e-10
3.083369576473024836e+02 6.094184268462927337e-10
3.084173829001414902e+02 6.179165132228300175e-10
3.084978081529805536e+02 6.264019192447285761e-10
3.085782334058196170e+02 6.348746732721653276e-10
3.086586586586586236e+02 6.433348035808080757e-10
3.087390839114976870e+02 6.517823383621485540e-10
3.088195091643367505e+02 6.602173057237795310e-10
3.088999344171758139e+02 6.686397336897302317e-10
3.089803596700148205e+02 6.770496502007650539e-10
3.090607849228538839e+02 6.819717154711085812e-10
3.091412101756929474e+02 6.857643801796490376e-10
3.092216354285319539e+02 6.895737556628466107e-10
3.093020606813710174e+02 6.934240952285554964e-10
3.093824859342100808e+02 6.972694986152528756e-10
3.094629111870490874e+02 7.011099753092108288e-10
3.095433364398881508e+02 7.049455347724190327e-10
3.096237616927272143e+02 7.087761864426439034e-10
3.097041869455662209e+02 7.126019397335156574e-10
3.097846121984052843e+02 7.164228040346125805e-10
3.098650374512443477e+02 7.202387887115220324e-10
3.099454627040834112e+02 7.240499031059279210e-10
3.100258879569224177e+02 7.283772612644494981e-10
3.101063132097614812e+02 7.337961978283583987e-10
3.101867384626005446e+02 7.392082315020235578e-10
3.102671637154395512e+02 7.446133754668732661e-10
3.103475889682786146e+02 7.500116428708086331e-10
3.104280142211176781e+02 7.554030468282848575e-10
3.105084394739566847e+02 7.607876004204320993e-10
3.105888647267957481e+02 7.661653166951699405e-10
3.106692899796348115e+02 7.715362086672918612e-10
3.107497152324738181e+02 7.769002893185795971e-10
3.108301404853128815e+02 7.822575715979214266e-10
3.109105657381519450e+02 7.876080684213925105e-10
3.109909909909910084e+02 7.929517926723732824e-10
3.110714162438300150e+02 8.068431618722636474e-10
3.111518414966690784e+02 8.217954078908728863e-10
3.112322667495081419e+02 8.367287634647200513e-10
3.113126920023471484e+02 8.516432643700548497e-10
3.113931172551862119e+02 8.665389462928736222e-10
3.114735425080252753e+02 8.814158448291418547e-10
3.115539677608642819e+02 8.962739954851085068e-10
3.116343930137033453e+02 9.111134336776216847e-10
3.117148182665424088e+02 9.259341947343435016e-10
3.117952435193814154e+02 9.407363138940657498e-10
3.118756687722204788e+02 9.555198263070183364e-10
3.119560940250595422e+02 9.702847670350863144e-10
3.120365192778986057e+02 9.773350287566739675e-10
3.121169445307376122e+02 9.751294204350316792e-10
3.121973697835766757e+02 9.729265776821972569e-10
3.122777950364157391e+02 9.707264952998929005e-10
3.123582202892547457e+02 9.685291681028604260e-10
3.124386455420938091e+02 9.663345909188159773e-10
3.125190707949328726e+02 9.641427585884188002e-10
3.125994960477718791e+02 9.619536659652265746e-10
3.126799213006109426e+02 9.597673079156490921e-10
3.127603465534500060e+02 9.575836793189195122e-10
3.128407718062890126e+02 9.554027750670470053e-10
3.129211970591280760e+02 9.532245900647758081e-10
3.130016223119671395e+02 9.511404781184870723e-10
3.130820475648062029e+02 9.534939078129679902e-10
3.131624728176452095e+02 9.558444086231538165e-10
3.132428980704842729e+02 9.583081972668168100e-10
3.133233233233233364e+02 9.608021571375536261e-10
3.134037485761623429e+02 9.632937914174651952e-10
3.134841738290014064e+02 9.657831033579209861e-10
3.135645990818404698e+02 9.682700962042288882e-10
3.136450243346794764e+02 9.707547731956509276e-10
3.137254495875185398e+02 9.732371375654262219e-10
3.138058748403576033e+02 9.757171925407713930e-10
3.138863000931966099e+02 9.781949413429018679e-10
3.139667253460356733e+02 9.806703871870506963e-10
3.140471505988747367e+02 9.866612593972318449e-10
3.141275758517138001e+02 9.951279107708198872e-10
3.142080011045528067e+02 1.003586703722298930e-09
3.142884263573918702e+02 1.012037649187436525e-09
3.143688516102309336e+02 1.020480758081699762e-09
3.144492768630699402e+02 1.028916041300322897e-09
3.145297021159090036e+02 1.037343509718368969e-09
3.146101273687480671e+02 1.045763174190743662e-09
3.146905526215870736e+02 1.054175045552256926e-09
3.147709778744261371e+02 1.062579134617689982e-09
3.148514031272652005e+02 1.070975452181804210e-09
3.149318283801042071e+02 1.079364009019405466e-09
3.150122536329432705e+02 1.087636586225829521e-09
3.150926788857823340e+02 1.095299679400542989e-09
3.151731041386213974e+02 1.102955699375592746e-09
3.152535293914604040e+02 1.110604655939528517e-09
3.153339546442994674e+02 1.118246558862862942e-09
3.154143798971385309e+02 1.125881417898081291e-09
3.154948051499775374e+02 1.133509242779697304e-09
3.155752304028166009e+02 1.141130043224312743e-09
3.156556556556556643e+02 1.148743828930625667e-09
3.157360809084946709e+02 1.156350609579486886e-09
3.158165061613337343e+02 1.163950394833958277e-09
3.158969314141727978e+02 1.171543194339320851e-09
3.159773566670118043e+02 1.179129017723131823e-09
3.160577819198508678e+02 1.188990768290871316e-09
3.161382071726899312e+02 1.199737666457838492e-09
3.162186324255289946e+02 1.210474704166067762e-09
3.162990576783680012e+02 1.221201894980034079e-09
3.163794829312070647e+02 1.231919252439364095e-09
3.164599081840461281e+02 1.242626790058851056e-09
3.165403334368851347e+02 1.253324521328533793e-09
3.166207586897241981e+02 1.264012459713775511e-09
3.167011839425632616e+02 1.274690618655275371e-09
3.167816091954022681e+02 1.285359011569146247e-09
3.168620344482413316e+02 1.296017651846997231e-09
3.169424597010803950e+02 1.306666552855939224e-09
3.170228849539194016e+02 1.316206703176193154e-09
3.171033102067584650e+02 1.322976095903947514e-09
3.171837354595975285e+02 1.329739311605849386e-09
3.172641607124365919e+02 1.336496358732785155e-09
3.173445859652755985e+02 1.343254419389973666e-09
3.174250112181146619e+02 1.350020994257807898e-09
3.175054364709537253e+02 1.356781624195146485e-09
3.175858617237927319e+02 1.363536317033128522e-09
3.176662869766317954e+02 1.370285080589159013e-09
3.177467122294708588e+02 1.377027922666910106e-09
3.178271374823098654e+02 1.383764851056365768e-09
3.179075627351489288e+02 1.390495873533866654e-09
3.179879879879879923e+02 1.397220997862110935e-09
3.180684132408269988e+02 1.402752387520201897e-09
3.181488384936660623e+02 1.408070463803963817e-09
3.182292637465051257e+02 1.413383886168722631e-09
3.183096889993441323e+02 1.418692660720861898e-09
3.183901142521831957e+02 1.423996793556098272e-09
3.184705395050222592e+02 1.429296290759482324e-09
3.185509647578613226e+02 1.434591158405436182e-09
3.186313900107003292e+02 1.439881402557770695e-09
3.187118152635393926e+02 1.445167029269722654e-09
3.187922405163784561e+02 1.450448044583955002e-09
3.188726657692174626e+02 1.455724454532591573e-09
3.189530910220565261e+02 1.460996265137251214e-09
3.190335162748955895e+02 1.468434333291034351e-09
3.191139415277345961e+02 1.478902897373675938e-09
3.191943667805736595e+02 1.489362348128385617e-09
3.192747920334127230e+02 1.499812697450284879e-09
3.193552172862517295e+02 1.510253957213802675e-09
3.194356425390907930e+02 1.520686139272741997e-09
3.195160677919298564e+02 1.531109255460282160e-09
3.195964930447688630e+02 1.541523317589044349e-09
3.196769182976079264e+02 1.551928337451158421e-09
3.197573435504469899e+02 1.562324326818263932e-09
3.198377688032860533e+02 1.572711297441582520e-09
3.199181940561250599e+02 1.583089261051949337e-09
3.199986193089641233e+02 1.593458229359884805e-09
3.200790445618031868e+02 1.616375738758172360e-09
3.201594698146421933e+02 1.639492651591833721e-09
3.202398950674812568e+02 1.662589553407701234e-09
3.203203203203203202e+02 1.685666470178143915e-09
3.204007455731593268e+02 1.708723427830605155e-09
3.204811708259983902e+02 1.731760452247747678e-09
3.205615960788374537e+02 1.754777569267451273e-09
3.206420213316764602e+02 1.777774804682960650e-09
3.207224465845155237e+02 1.800752184243028125e-09
3.208028718373545871e+02 1.823709733651914660e-09
3.208832970901936505e+02 1.846647478569548678e-09
3.209637223430326571e+02 1.869565444611590791e-09
3.210441475958717206e+02 1.883223450654755951e-09
3.211245728487107840e+02 1.889279952594398120e-09
3.212049981015497906e+02 1.895331238848790874e-09
3.212854233543888540e+02 1.901377316152441302e-09
3.213658486072279175e+02 1.907418191228253626e-09
3.214462738600669240e+02 1.913453870787566848e-09
3.215266991129059875e+02 1.919484361530194030e-09
3.216071243657450509e+02 1.925509670144421062e-09
3.216875496185840575e+02 1.931529803307044707e-09
3.217679748714231209e+02 1.937544767683407760e-09
3.218484001242621844e+02 1.943554569927400697e-09
3.219288253771012478e+02 1.949553332318160743e-09
3.220092506299402544e+02 1.957167649231338952e-09
3.220896758827793178e+02 1.977472398394372676e-09
3.221701011356183812e+02 1.997759002042615018e-09
3.222505263884573878e+02 2.018027484489031690e-09
3.223309516412964513e+02 2.038277870003216430e-09
3.224113768941355147e+02 2.058510182811400097e-09
3.224918021469745213e+02 2.078724447096590059e-09
3.225722273998135847e+02 2.098920686998711217e-09
3.226526526526526482e+02 2.119098926614615942e-09
3.227330779054916547e+02 2.139259189998220139e-09
3.228135031583307182e+02 2.159401501160645521e-09
3.228939284111697816e+02 2.179525884070226235e-09
3.229743536640088450e+02 2.199632362652662708e-09
3.230547789168478516e+02 2.216480902263274578e-09
3.231352041696869151e+02 2.231798212314286925e-09
3.232156294225259785e+02 2.247101912972613174e-09
3.232960546753649851e+02 2.262392022368055950e-09
3.233764799282040485e+02 2.277668558598263301e-09
3.234569051810431120e+02 2.292931539728734076e-09
3.235373304338821185e+02 2.308180983792921728e-09
3.236177556867211820e+02 2.323416908792338550e-09
3.236981809395602454e+02 2.338639332696559388e-09
3.237786061923992520e+02 2.353848273443326698e-09
3.238590314452383154e+02 2.369043748938653527e-09
3.239394566980773789e+02 2.384225777056829306e-09
3.240198819509164423e+02 2.402402264331807590e-09
3.241003072037554489e+02 2.429718069923422975e-09
3.241807324565945123e+02 2.457009734185372820e-09
3.242611577094335757e+02 2.484277289107159188e-09
3.243415829622725823e+02 2.511520766621791840e-09
3.244220082151116458e+02 2.538740198605966912e-09
3.245024334679507092e+02 2.565935616880079314e-09
3.245828587207897158e+02 2.593107053208403478e-09
3.246632839736287792e+02 2.620254539299273676e-09
3.247437092264678427e+02 2.647378106805093538e-09
3.248241344793068492e+02 2.674477787322513065e-09
3.249045597321459127e+02 2.701553612392615574e-09
3.249849849849849761e+02 2.728605613500918110e-09
3.250654102378240395e+02 2.744701407957565872e-09
3.251458354906630461e+02 2.758274603786810146e-09
3.252262607435021096e+02 2.771835872331657353e-09
3.253066859963411730e+02 2.785385229306630000e-09
3.253871112491801796e+02 2.798922690398661638e-09
3.254675365020192430e+02 2.812479916106479309e-09
3.255479617548583064e+02 2.826088716109786323e-09
3.256283870076973130e+02 2.839686496886166125e-09
3.257088122605363765e+02 2.853273271813843612e-09
3.257892375133754399e+02 2.866849054249369069e-09
3.258696627662144465e+02 2.880413857527687650e-09
3.259500880190535099e+02 2.893967694962213413e-09
3.260305132718925734e+02 2.905734558649441225e-09
3.261109385247316368e+02 2.914587970302630042e-09
3.261913637775706434e+02 2.923434233489016111e-09
3.262717890304097068e+02 2.932273356862894287e-09
3.263522142832487702e+02 2.941105349064576763e-09
3.264326395360877768e+02 2.949930218720441874e-09
3.265130647889268403e+02 2.958747974442977526e-09
3.265934900417659037e+02 2.967558624830772922e-09
3.266739152946049103e+02 2.976362178468565713e-09
3.267543405474439737e+02 2.985158643927288318e-09
3.268347658002830372e+02 2.993948029764057586e-09
3.269151910531220437e+02 3.002730344522223184e-09
3.269956163059611072e+02 3.011505596731411856e-09
3.270760415588001706e+02 3.046061994902564762e-09
3.271564668116392340e+02 3.082076683799375246e-09
3.272368920644782406e+02 3.118062445350664111e-09
3.273173173173173041e+02 3.154019314394575530e-09
3.273977425701563675e+02 3.189947325713258100e-09
3.274781678229953741e+02 3.225846514033052196e-09
3.275585930758344375e+02 3.261716914024679810e-09
3.276390183286735009e+02 3.297558560303200294e-09
3.277194435815125075e+02 3.333371487428203925e-09
3.277998688343515710e+02 3.369155729903993054e-09
3.278802940871906344e+02 3.404911322179542403e-09
3.279607193400296410e+02 3.440638298648688487e-09
3.280411445928687044e+02 3.466175831450568275e-09
3.281215698457077679e+02 3.481996266447096626e-09
3.282019950985468313e+02 3.497804055262848249e-09
3.282824203513858379e+02 3.513599213054979774e-09
3.283628456042249013e+02 3.529381754956470580e-09
3.284432708570639647e+02 3.545151696076099222e-09
3.285236961099029713e+02 3.560909051498529463e-09
3.286041213627420348e+02 3.576653836284391743e-09
3.286845466155810982e+02 3.592386065470262504e-09
3.287649718684201048e+02 3.608105754068743186e-09
3.288453971212591682e+02 3.623812917068547907e-09
3.289258223740982316e+02 3.639507569434478648e-09
3.290062476269372382e+02 3.654473153761511054e-09
3.290866728797763017e+02 3.660922401112080381e-09
3.291670981326153651e+02 3.667366517816782225e-09
3.292475233854544285e+02 3.673805509995649246e-09
3.293279486382934351e+02 3.680239383758977361e-09
3.294083738911324986e+02 3.686668145207364622e-09
3.294887991439715620e+02 3.693091800431707907e-09
3.295692243968105686e+02 3.699510355513226907e-09
3.296496496496496320e+02 3.705874204821723719e-09
3.297300749024886954e+02 3.712226324404744885e-09
3.298105001553277020e+02 3.718573214654410002e-09
3.298909254081667655e+02 3.724914882025582035e-09
3.299713506610058289e+02 3.731251332962494263e-09
3.300517759138448355e+02 3.756992423464248841e-09
3.301322011666838989e+02 3.793448060813200441e-09
3.302126264195229624e+02 3.829873747981103263e-09
3.302930516723620258e+02 3.866269521861222615e-09
3.303734769252010324e+02 3.902635419286229516e-09
3.304539021780400958e+02 3.938971477028426516e-09
3.305343274308791592e+02 3.975277731799717091e-09
3.306147526837181658e+02 4.011554220251809131e-09
3.306951779365572293e+02 4.047800978976410152e-09
3.307756031893962927e+02 4.084018044505200827e-09
3.308560284422352993e+02 4.120205453310031029e-09
3.309364536950743627e+02 4.156363241803125797e-09
3.310168789479134261e+02 4.190848868647175463e-09
3.310973042007524327e+02 4.219124800552800342e-09
3.311777294535914962e+02 4.247377616272924353e-09
3.312581547064305596e+02 4.275607344142915511e-09
3.313385799592696230e+02 4.303814012451873480e-09
3.314190052121086296e+02 4.331997649442676730e-09
3.314994304649476931e+02 4.360158283312163683e-09
3.315798557177867565e+02 4.388295942211104589e-09
3.316602809706257631e+02 4.416410654244350426e-09
3.317407062234648265e+02 4.444502447470993362e-09
3.318211314763038899e+02 4.472571349904339467e-09
3.319015567291428965e+02 4.500617389512055949e-09
3.319819819819819600e+02 4.528640594216329140e-09
3.320624072348210234e+02 4.560668353877569202e-09
3.321428324876600300e+02 4.593832352106756198e-09
3.322232577404990934e+02 4.626969381360750496e-09
3.323036829933381568e+02 4.660079474522928688e-09
3.323841082461772203e+02 4.693162664423251353e-09
3.324645334990162269e+02 4.726218983838328402e-09
3.325449587518552903e+02 4.759248465491619253e-09
3.326253840046943537e+02 4.792251142053394788e-09
3.327058092575333603e+02 4.825227046140924287e-09
3.327862345103724238e+02 4.858176210318649969e-09
3.328666597632114872e+02 4.891098667098149769e-09
3.329470850160504938e+02 4.923994448938318486e-09
3.330275102688895572e+02 4.955980233814572835e-09
3.331079355217286206e+02 4.986241711883663039e-09
3.331883607745676272e+02 5.016478700795494249e-09
3.332687860274066907e+02 5.046691230264931859e-09
3.333492112802457541e+02 5.076879329958720029e-09
3.334296365330848175e+02 5.107043029495667805e-09
3.335100617859238241e+02 5.137182358446698744e-09
3.335904870387628876e+02 5.167351354140451278e-09
3.336709122916019510e+02 5.197602481383577661e-09
3.337513375444409576e+02 5.227831058902635209e-09
3.338317627972800210e+02 5.258037111901716270e-09
3.339121880501190844e+02 5.288220665547301291e-09
3.339926133029580910e+02 5.318381744968395300e-09
3.340730385557971545e+02 5.345020214761490371e-09
3.341534638086362179e+02 5.371285010406800260e-09
3.342338890614752245e+02 5.397530271494170499e-09
3.343143143143142879e+02 5.423756019808908816e-09
3.343947395671533513e+02 5.449962277103883397e-09
3.344751648199924148e+02 5.476149065099660196e-09
3.345555900728314214e+02 5.502316405484525274e-09
3.346360153256704848e+02 5.528464319914621277e-09
3.347164405785094914e+02 5.554592830013865551e-09
3.347968658313485548e+02 5.580701957374180923e-09
3.348772910841876183e+02 5.606791723555400574e-09
3.349577163370266817e+02 5.632862150085416933e-09
3.350381415898656883e+02 5.685602167403107661e-09
3.351185668427047517e+02 5.767879412900413898e-09
3.351989920955438151e+02 5.850095736199425554e-09
3.352794173483828217e+02 5.932251204939820495e-09
3.353598426012218852e+02 6.014345886661354820e-09
3.354402678540609486e+02 6.096379848803699911e-09
3.355206931069000120e+02 6.178353158706866775e-09
3.356011183597390186e+02 6.260265883611264776e-09
3.356815436125780820e+02 6.342118090658120184e-09
3.357619688654170886e+02 6.423909846889260285e-09
3.358423941182561521e+02 6.505641219247751964e-09
3.359228193710952155e+02 6.587312274577681671e-09
3.360032446239342789e+02 6.667947032627888824e-09
3.360836698767732855e+02 6.725313429299903270e-09
3.361640951296123490e+02 6.782637536892999461e-09
3.362445203824514124e+02 6.839919402151585599e-09
3.363249456352904190e+02 6.897159071751215375e-09
3.364053708881294824e+02 6.954356592298811303e-09
3.364857961409685458e+02 7.011512010332571249e-09
3.365662213938076093e+02 7.068625372322238095e-09
3.366466466466466159e+02 7.125696724669156812e-09
3.367270718994856793e+02 7.182726113706560664e-09
3.368074971523246859e+02 7.239713585699399984e-09
3.368879224051637493e+02 7.296659186844813665e-09
3.369683476580028128e+02 7.353562963271952143e-09
3.370487729108418762e+02 7.460378614112738748e-09
3.371291981636808828e+02 7.599522586168286397e-09
3.372096234165199462e+02 7.738564473904123396e-09
3.372900486693590096e+02 7.877504389621679491e-09
3.373704739221980162e+02 8.016342445457722546e-09
3.374508991750370797e+02 8.155078753384952461e-09
3.375313244278761431e+02 8.293713425211716619e-09
3.376117496807152065e+02 8.432726855619467957e-09
3.376921749335542131e+02 8.571780977698079366e-09
3.377726001863932765e+02 8.710753260962592538e-09
3.378530254392322831e+02 8.849643777639597876e-09
3.379334506920713466e+02 8.988452599871101600e-09
3.380138759449104100e+02 9.137088585583169503e-09
3.380943011977494734e+02 9.333145962187241697e-09
3.381747264505884800e+02 9.529088120847785808e-09
3.382551517034275435e+02 9.724915163101233608e-09
3.383355769562666069e+02 9.920627190364332104e-09
3.384160022091056135e+02 1.011622430393473580e-08
3.384964274619446769e+02 1.031170660499158574e-08
3.385768527147837403e+02 1.050707419459487089e-08
3.386572779676228038e+02 1.070232717368614449e-08
3.387377032204618104e+02 1.089746564308841822e-08
3.388181284733008738e+02 1.109248970350689996e-08
3.388985537261398804e+02 1.128739945552818985e-08
3.389789789789789438e+02 1.148219499962156567e-08
3.390594042318180072e+02 1.164436956707302050e-08
3.391398294846570707e+02 1.179494951988536355e-08
3.392202547374960773e+02 1.194544131742475198e-08
3.393006799903351407e+02 1.209584503708295500e-08
3.393811052431742041e+02 1.224616075616085781e-08
3.394615304960132107e+02 1.239638855186891656e-08
3.395419557488522742e+02 1.254652850132761003e-08
3.396223810016913376e+02 1.269658068156693334e-08
3.397028062545304010e+02 1.284654516952694725e-08
3.397832315073694076e+02 1.299642204205770863e-08
3.398636567602084710e+02 1.314621137591981643e-08
3.399440820130474776e+02 1.329591324778381114e-08
3.400245072658865411e+02 1.342070931025349250e-08
3.401049325187256045e+02 1.348882111640351773e-08
3.401853577715646679e+02 1.355689318686972135e-08
3.402657830244036745e+02 1.362492555641395996e-08
3.403462082772427379e+02 1.369291825975769895e-08
3.404266335300818014e+02 1.376087133158177757e-08
3.405070587829208080e+02 1.382878480652664050e-08
3.405874840357598714e+02 1.389665871919248349e-08
3.406679092885989348e+02 1.396449310413908624e-08
3.407483345414379414e+02 1.403228799588596958e-08
3.408287597942770049e+02 1.410004342891262375e-08
3.409091850471160683e+02 1.416775943765827183e-08
3.409896102999550749e+02 1.423543605652206332e-08
3.410700355527941383e+02 1.427589767556659719e-08
3.411504608056332017e+02 1.431230546590427109e-08
3.412308860584722652e+02 1.434869209657276682e-08
3.413113113113112718e+02 1.438505758601323406e-08
3.413917365641503352e+02 1.442140195264547296e-08
3.414721618169893986e+02 1.445772521486781008e-08
3.415525870698284052e+02 1.449402739105721582e-08
3.416330123226674687e+02 1.453030849956941029e-08
3.417134375755065321e+02 1.456685576126655912e-08
3.417938628283455387e+02 1.460393380024990948e-08
3.418742880811846021e+02 1.464099459350615753e-08
3.419547133340236655e+02 1.467803815306448139e-08
3.420351385868626721e+02 1.470555101664792000e-08
3.421155638397017356e+02 1.472079296117797876e-08
3.421959890925407990e+02 1.473602782296770633e-08
3.422764143453798624e+02 1.475125560695284145e-08
3.423568395982188690e+02 1.476647631806453697e-08
3.424372648510579324e+02 1.478168996122939459e-08
3.425176901038969959e+02 1.479689654136940365e-08
3.425981153567360025e+02 1.481209606340199243e-08
3.426785406095750659e+02 1.482728853224005623e-08
3.427589658624141293e+02 1.484247395279189292e-08
3.428393911152531359e+02 1.485765232996125580e-08
3.429198163680921994e+02 1.487282366864737684e-08
3.430002416209312628e+02 1.488796001595210651e-08
3.430806668737702694e+02 1.489381350446131856e-08
3.431610921266093328e+02 1.489966428049062425e-08
3.432415173794483962e+02 1.490551234592500108e-08
3.433219426322874597e+02 1.491135770264769283e-08
3.434023678851264663e+02 1.491720035254019954e-08
3.434827931379655297e+02 1.492304029748228585e-08
3.435632183908045931e+02 1.492887753935195946e-08
3.436436436436435997e+02 1.493471208002550423e-08
3.437240688964826631e+02 1.494054392137745701e-08
3.438044941493217266e+02 1.494637306528063742e-08
3.438849194021607332e+02 1.495219951360610816e-08
3.439653446549997966e+02 1.495802326822322462e-08
3.440457699078388600e+02 1.496032426875509079e-08
3.441261951606778666e+02 1.495995955596181076e-08
3.442066204135169301e+02 1.495959501166724975e-08
3.442870456663559935e+02 1.495923063575466281e-08
3.443674709191950569e+02 1.495886642810741084e-08
3.444478961720340635e+02 1.495850238860896727e-08
3.445283214248731269e+02 1.495813851714291799e-08
3.446087466777121904e+02 1.495777481359293825e-08
3.446891719305511970e+02 1.495741127784283566e-08
3.447695971833902604e+02 1.495704790977650382e-08
3.448500224362293238e+02 1.495668470927794886e-08
3.449304476890683304e+02 1.495632167623129269e-08
3.450108729419073939e+02 1.495345710686173127e-08
3.450912981947464573e+02 1.493459458342383079e-08
3.451717234475854639e+02 1.491574075045434907e-08
3.452521487004245273e+02 1.489689560194875063e-08
3.453325739532635907e+02 1.487805913190806523e-08
3.454129992061026542e+02 1.485923133433882837e-08
3.454934244589416608e+02 1.484041220325311763e-08
3.455738497117807242e+02 1.482160173266847662e-08
3.456542749646197876e+02 1.480279991660799272e-08
3.457347002174587942e+02 1.478400674910024908e-08
3.458151254702978576e+02 1.476522222417928990e-08
3.458955507231369211e+02 1.475145233821779517e-08
3.459759759759759277e+02 1.473828085179300369e-08
3.460564012288149911e+02 1.471862912285678393e-08
3.461368264816540545e+02 1.469621250568233834e-08
3.462172517344930611e+02 1.467378914561998373e-08
3.462976769873321246e+02 1.465135903962685843e-08
3.463781022401711880e+02 1.462892218465830585e-08
3.464585274930102514e+02 1.460647857766783631e-08
3.465389527458492580e+02 1.458402821560712715e-08
3.466193779986883214e+02 1.456157109542597963e-08
3.466998032515273849e+02 1.453910721407240830e-08
3.467802285043663915e+02 1.451663656849258147e-08
3.468606537572054549e+02 1.449415915563079137e-08
3.469410790100445183e+02 1.447167497242953031e-08
3.470215042628835249e+02 1.444835945109527250e-08
3.471019295157225883e+02 1.442277728360373144e-08
3.471823547685616518e+02 1.439718740711791398e-08
3.472627800214006584e+02 1.437158981815273945e-08
3.473432052742397218e+02 1.434598451322097487e-08
3.474236305270787852e+02 1.432037148883334246e-08
3.475040557799178487e+02 1.429475074149843196e-08
3.475844810327568553e+02 1.426912226772275691e-08
3.476649062855959187e+02 1.424348606401065367e-08
3.477453315384349821e+02 1.421784212686442544e-08
3.478257567912739887e+02 1.419219045278425119e-08
3.479061820441130521e+02 1.416653103826813440e-08
3.479866072969521156e+02 1.414086387981204205e-08
3.480670325497911222e+02 1.409922177018922528e-08
3.481474578026301856e+02 1.405437645583694842e-08
3.482278830554692490e+02 1.400951760116379958e-08
3.483083083083082556e+02 1.396464520003646448e-08
3.483887335611473191e+02 1.391975924631782710e-08
3.484691588139863825e+02 1.387485973386715667e-08
3.485495840668254459e+02 1.382994665653998188e-08
3.486300093196644525e+02 1.378502000818815048e-08
3.487104345725035159e+02 1.374007978265969362e-08
3.487908598253425794e+02 1.369512597379902764e-08
3.488712850781815860e+02 1.365015857544683831e-08
3.489517103310206494e+02 1.361290358748396481e-08
3.490321355838597128e+02 1.358271105112463440e-08
3.491125608366987194e+02 1.355991609175167923e-08
3.491929860895377828e+02 1.353708098681157465e-08
3.492734113423768463e+02 1.351420563015672093e-08
3.493538365952158529e+02 1.349128991526498254e-08
3.494342618480549163e+02 1.346833373523796099e-08
3.495146871008939797e+02 1.344533698279945631e-08
3.495951123537330432e+02 1.342229955029372162e-08
3.496755376065720498e+02 1.339922132968380887e-08
3.497559628594111132e+02 1.337610221254982340e-08
3.498363881122501766e+02 1.335294209008732092e-08
3.499168133650891832e+02 1.332974085310554227e-08
3.499972386179282466e+02 1.330649839202566975e-08
3.500776638707673101e+02 1.327231490707209724e-08
3.501580891236063167e+02 1.323768268715015343e-08
3.502385143764453801e+02 1.320298876804933381e-08
3.503189396292844435e+02 1.316823298474200081e-08
3.503993648821234501e+02 1.313341517161146831e-08
3.504797901349625135e+02 1.309853516244927857e-08
3.505602153878015770e+02 1.306359279045271077e-08
3.506406406406406404e+02 1.302858788822202645e-08
3.507210658934796470e+02 1.299352028775784410e-08
3.508014911463187104e+02 1.295838982045835151e-08
3.508819163991577739e+02 1.292319631711675149e-08
3.509623416519967805e+02 1.288793960791846593e-08
3.510427669048358439e+02 1.285627609895095774e-08
3.511231921576749073e+02 1.283001370864923951e-08
3.512036174105139139e+02 1.280369262939890852e-08
3.512840426633529773e+02 1.277731266425028918e-08
3.513644679161920408e+02 1.275087361537152105e-08
3.514448931690310474e+02 1.272437528404359583e-08
3.515253184218701108e+02 1.269781747065528503e-08
3.516057436747091742e+02 1.267119997469826461e-08
3.516861689275482377e+02 1.264452259476197647e-08
3.517665941803872443e+02 1.261778512852860589e-08
3.518470194332263077e+02 1.259098737276787520e-08
3.519274446860653711e+02 1.256412912333200958e-08
3.520078699389043777e+02 1.253633005898044089e-08
3.520882951917434411e+02 1.250034486602177147e-08
3.521687204445825046e+02 1.246427816352142364e-08
3.522491456974215112e+02 1.242812967422629503e-08
3.523295709502605746e+02 1.239189911962434088e-08
3.524099962030996380e+02 1.235558621993759589e-08
3.524904214559386446e+02 1.231919069411487521e-08
3.525708467087777080e+02 1.228271225982446380e-08
3.526512719616167715e+02 1.224615063344695308e-08
3.527316972144558349e+02 1.220950553006780782e-08
3.528121224672948415e+02 1.217277666346999602e-08
3.528925477201339049e+02 1.213731724778716527e-08
3.529729729729729115e+02 1.210614381066225439e-08
3.530533982258119750e+02 1.207313578095491111e-08
3.531338234786510384e+02 1.203914169392015299e-08
3.532142487314901018e+02 1.200503696760136615e-08
3.532946739843291084e+02 1.197082106097783997e-08
3.533750992371681718e+02 1.193649342949562143e-08
3.534555244900072353e+02 1.190205352503874902e-08
3.535359497428462419e+02 1.186750079590003180e-08
3.536163749956853053e+02 1.183283468675149255e-08
3.536968002485243687e+02 1.179805463861478784e-08
3.537772255013634322e+02 1.176316008883103573e-08
3.538576507542024387e+02 1.172815047103055424e-08
3.539380760070415022e+02 1.169302521510209185e-08
3.540185012598805088e+02 1.165992759400708632e-08
3.540989265127195722e+02 1.163390766500668552e-08
3.541793517655586356e+02 1.160780136323079607e-08
3.542597770183976991e+02 1.158160825789467044e-08
3.543402022712367057e+02 1.155532791534408973e-08
3.544206275240757691e+02 1.152895989903134569e-08
3.545010527769148325e+02 1.150250376949120118e-08
3.545814780297538391e+02 1.147643962617056439e-08
3.546619032825929025e+02 1.145155430752237133e-08
3.547423285354319660e+02 1.142657776712843283e-08
3.548227537882710294e+02 1.140150950248242289e-08
3.549031790411100360e+02 1.137634900738041893e-08
3.549836042939490994e+02 1.135109577188674914e-08
3.550640295467881060e+02 1.132358074862618424e-08
3.551444547996271695e+02 1.129540761902003595e-08
3.552248800524662329e+02 1.126713006725164098e-08
3.553053053053052963e+02 1.123874751169056295e-08
3.553857305581443029e+02 1.121025936637878981e-08
3.554661558109833663e+02 1.118166504099032767e-08
3.555465810638224298e+02 1.115296394079052337e-08
3.556270063166614364e+02 1.112415546659480809e-08
3.557074315695004998e+02 1.109523901472689649e-08
3.557878568223395632e+02 1.106621397697678094e-08
3.558682820751786267e+02 1.103707974055797942e-08
3.559487073280176332e+02 1.100783568806446927e-08
3.560291325808566967e+02 1.097545416811461751e-08
3.561095578336957033e+02 1.093761046777304663e-08
3.561899830865347667e+02 1.089962331156029642e-08
3.562704083393738301e+02 1.086227115438514863e-08
3.563508335922128936e+02 1.082647732474250116e-08
3.564312588450519002e+02 1.079053049769224521e-08
3.565116840978909636e+02 1.075442969017346444e-08
3.565921093507300270e+02 1.071817391068524413e-08
3.566725346035690336e+02 1.068176215919581360e-08
3.567529598564080970e+02 1.064519342705052240e-08
3.568333851092471605e+02 1.060846669687885528e-08
3.569138103620862239e+02 1.057158094249999133e-08
3.569942356149252305e+02 1.053453512882725964e-08
3.570746608677642939e+02 1.050264292370410136e-08
3.571550861206033005e+02 1.047102295501192353e-08
3.572355113734423639e+02 1.043926487803867248e-08
3.573159366262814274e+02 1.040736778596925485e-08
3.573963618791204908e+02 1.037533076403232895e-08
3.574767871319594974e+02 1.034315288941286850e-08
3.575572123847985608e+02 1.031083323116348554e-08
3.576376376376376243e+02 1.027959264063804767e-08
3.577180628904766309e+02 1.025447603907144435e-08
3.577984881433156943e+02 1.022921102520225062e-08
3.578789133961547577e+02 1.020379627969514572e-08
3.579593386489938212e+02 1.017823046753038253e-08
3.580397639018328277e+02 1.015542975570156848e-08
3.581201891546718912e+02 1.013548498912111598e-08
3.582006144075108978e+02 1.011542060320536126e-08
3.582810396603499612e+02 1.009523551858667990e-08
3.583614649131890246e+02 1.007492864287229267e-08
3.584418901660280881e+02 1.005449887044714334e-08
3.585223154188670946e+02 1.003394508227326115e-08
3.586027406717061581e+02 1.001326614568537600e-08
3.586831659245452215e+02 9.992460914182943755e-09
3.587635911773842281e+02 9.971528227218207700e-09
3.588440164302232915e+02 9.950466909980347384e-09
3.589244416830623550e+02 9.934535338590415814e-09
3.590048669359014184e+02 9.918585645805933350e-09
3.590852921887404250e+02 9.896741269901246175e-09
3.591657174415794884e+02 9.874735204195520330e-09
3.592461426944184950e+02 9.852565646803436918e-09
3.593265679472575584e+02 9.830230768965965293e-09
3.594069932000966219e+02 9.807728714547596071e-09
3.594874184529356853e+02 9.785057599522068048e-09
3.595678437057746919e+02 9.762215511446567539e-09
3.596482689586137553e+02 9.739200508923867420e-09
3.597286942114528188e+02 9.716010621052395946e-09
3.598091194642918254e+02 9.692643846863545489e-09
3.598895447171308888e+02 9.669098154746078908e-09
3.599699699699699522e+02 9.646864703009637276e-09
3.600503952228090156e+02 9.652763093292767359e-09
3.601308204756480222e+02 9.675000312422154120e-09
3.602112457284870857e+02 9.697422647725682432e-09
3.602916709813260923e+02 9.720032420394722743e-09
3.603720962341651557e+02 9.742831990591154058e-09
3.604525214870042191e+02 9.765823758268535915e-09
3.605329467398432826e+02 9.789010164014320519e-09
3.606133719926822891e+02 9.812393689913437579e-09
3.606937972455213526e+02 9.835976860434131947e-09
3.607742224983604160e+02 9.859762243336368408e-09
3.608546477511994226e+02 9.883752450603902098e-09
3.609350730040384860e+02 9.907950139400494335e-09
3.610154982568775495e+02 9.932358013050937240e-09
3.610959235097166129e+02 9.956978822047878129e-09
3.611763487625556195e+02 9.988689689525022792e-09
3.612567740153946829e+02 1.003452659797764415e-08
3.613371992682336895e+02 1.008096171843608613e-08
3.614176245210727529e+02 1.012800683861033455e-08
3.614980497739118164e+02 1.017567405795886129e-08
3.615784750267508798e+02 1.022397579806332037e-08
3.616589002795898864e+02 1.027292481342015469e-08
3.617393255324289498e+02 1.032253420266914104e-08
3.618197507852680133e+02 1.037281742027917413e-08
3.619001760381070198e+02 1.042378828871375573e-08
3.619806012909460833e+02 1.047546101109906566e-08
3.620610265437851467e+02 1.052785018441860090e-08
3.621414517966242101e+02 1.058097081326089094e-08
3.622218770494632167e+02 1.063483832414684172e-08
3.623023023023022802e+02 1.068946858046594565e-08
3.623827275551412868e+02 1.074487789805104044e-08
3.624631528079803502e+02 1.080108306142476657e-08
3.625435780608194136e+02 1.085810134075055281e-08
3.626240033136584771e+02 1.091595050952507149e-08
3.627044285664974836e+02 1.097464886304959347e-08
3.627848538193365471e+02 1.103421523772103787e-08
3.628652790721756105e+02 1.109466903118481973e-08
3.629457043250146171e+02 1.115603022339552031e-08
3.630261295778536805e+02 1.120789033912649822e-08
3.631065548306927440e+02 1.123870465760656422e-08
3.631869800835318074e+02 1.126999214580439201e-08
3.632674053363708140e+02 1.130176378669131911e-08
3.633478305892098774e+02 1.133403090579727120e-08
3.634282558420488840e+02 1.136680518467104549e-08
3.635086810948879474e+02 1.140009867498065302e-08
3.635891063477270109e+02 1.143392381328881259e-08
3.636695316005660743e+02 1.146829343654220546e-08
3.637499568534050809e+02 1.150322079831467550e-08
3.638303821062441443e+02 1.155415831000991072e-08
3.639108073590832078e+02 1.160707829168714036e-08
3.639912326119222143e+02 1.166103584185662029e-08
3.640716578647612778e+02 1.167817830908564862e-08
3.641520831176003412e+02 1.169098218433506818e-08
3.642325083704394046e+02 1.170404470364473758e-08
3.643129336232784112e+02 1.171737378406885545e-08
3.643933588761174747e+02 1.173097766911223101e-08
3.644737841289564813e+02 1.174486494573149269e-08
3.645542093817955447e+02 1.175904456241013093e-08
3.646346346346346081e+02 1.177352584838697992e-08
3.647150598874736716e+02 1.178831853412531800e-08
3.647954851403126781e+02 1.180343277311665709e-08
3.648759103931517416e+02 1.181887916512218361e-08
3.649563356459907482e+02 1.183466878096327703e-08
3.650367608988298116e+02 1.185545625958659148e-08
3.651171861516688750e+02 1.188229381345726686e-08
3.651976114045079385e+02 1.190974826807301669e-08
3.652780366573470019e+02 1.193784114130359768e-08
3.653584619101860085e+02 1.196659496353280351e-08
3.654388871630250719e+02 1.199603333792172068e-08
3.655193124158640785e+02 1.202618100502772560e-08
3.655997376687031419e+02 1.205706391215160635e-08
3.656801629215422054e+02 1.208870928782064385e-08
3.657605881743812688e+02 1.212114572185770665e-08
3.658410134272202754e+02 1.215440325153071709e-08
3.659214386800593388e+02 1.218851345432857699e-08
3.660018639328983454e+02 1.222371362970062018e-08
3.660822891857374088e+02 1.226855486737454174e-08
3.661627144385764723e+02 1.231459174882014050e-08
3.662431396914155357e+02 1.236187274104668482e-08
3.663235649442545991e+02 1.241044896651031819e-08
3.664039901970936057e+02 1.246037438750034205e-08
3.664844154499326692e+02 1.251170600610598628e-08
3.665648407027716758e+02 1.256155706887344139e-08
3.666452659556107392e+02 1.261113719717166298e-08
3.667256912084498026e+02 1.266213653656901629e-08
3.668061164612888660e+02 1.271461690838531053e-08
3.668865417141278726e+02 1.276864377745494326e-08
3.669669669669669361e+02 1.282428652455979630e-08
3.670473922198059427e+02 1.287331706124814078e-08
3.671278174726450061e+02 1.291798366621835244e-08
3.672082427254840695e+02 1.296404894400066684e-08
3.672886679783231330e+02 1.301157963579936872e-08
3.673690932311621395e+02 1.306064679775141392e-08
3.674495184840012030e+02 1.311132615536503686e-08
3.675299437368402664e+02 1.316369849347882681e-08
3.676103689896792730e+02 1.321785008596555395e-08
3.676907942425183364e+02 1.327387316998802413e-08
3.677712194953573999e+02 1.333186647029036437e-08
3.678516447481964633e+02 1.339193577979446857e-08
3.679320700010354699e+02 1.345419460368412851e-08
3.680124952538745333e+02 1.352545578031729528e-08
3.680929205067135399e+02 1.363647554213048228e-08
3.681733457595526033e+02 1.375177599784578947e-08
3.682537710123916668e+02 1.387160959656436789e-08
3.683341962652307302e+02 1.399624903596839055e-08
3.684146215180697368e+02 1.412598933399958168e-08
3.684950467709088002e+02 1.426115016020146977e-08
3.685754720237478637e+02 1.440207846550441686e-08
3.686558972765868702e+02 1.454915145599921632e-08
3.687363225294259337e+02 1.471016869190663150e-08
3.688167477822649971e+02 1.487900718162682908e-08
3.688971730351040605e+02 1.505592017291963901e-08
3.689775982879430671e+02 1.524150108585931753e-08
3.690580235407821306e+02 1.538711901960435815e-08
3.691384487936211372e+02 1.552072146219840125e-08
3.692188740464602006e+02 1.566138904828754044e-08
3.692992992992992640e+02 1.580969742524044043e-08
3.693797245521383275e+02 1.596628652236156972e-08
3.694601498049773340e+02 1.613186978145288680e-08
3.695405750578163975e+02 1.630724502496056249e-08
3.696210003106554609e+02 1.649330731097465968e-08
3.697014255634944675e+02 1.669106421216459848e-08
3.697818508163335309e+02 1.690165406918337171e-08
3.698622760691725944e+02 1.712636791676737166e-08
3.699427013220116578e+02 1.736667597457929904e-08
3.700231265748506644e+02 1.765120449117527099e-08
3.701035518276897278e+02 1.802619798762253485e-08
3.701839770805287344e+02 1.843023804608408152e-08
3.702644023333677978e+02 1.886683550904647563e-08
3.703448275862068613e+02 1.934009077706830246e-08
