Tiempo	Corriente
8.699510e-01	1.055210e-02
1.118031e+00	1.054430e-02
1.347958e+00	1.054040e-02
1.580743e+00	1.053840e-02
1.821764e+00	1.053620e-02
2.063824e+00	1.053290e-02
2.306688e+00	1.053280e-02
2.532054e+00	1.052940e-02
2.763633e+00	1.052780e-02
2.992018e+00	1.053050e-02
3.219572e+00	1.052640e-02
3.451405e+00	1.052870e-02
3.678237e+00	1.052960e-02
3.905628e+00	1.052670e-02
4.131809e+00	1.052630e-02
4.361617e+00	1.052670e-02
4.587121e+00	1.052450e-02
4.814911e+00	1.052530e-02
5.047732e+00	1.052280e-02
5.275544e+00	1.052130e-02
5.501389e+00	1.052180e-02
5.731406e+00	1.052290e-02
5.962999e+00	1.052500e-02
6.207046e+00	1.052490e-02
6.450722e+00	1.052520e-02
6.696076e+00	1.052500e-02
6.920217e+00	1.052620e-02
7.168470e+00	1.052680e-02
7.392068e+00	1.052430e-02
7.619815e+00	1.052420e-02
7.845851e+00	1.052560e-02
8.071548e+00	1.052520e-02
8.309198e+00	1.052720e-02
8.532777e+00	1.052740e-02
8.761251e+00	1.052740e-02
8.989991e+00	1.052690e-02
9.217337e+00	1.052900e-02
9.446099e+00	1.052860e-02
9.671379e+00	1.052800e-02
9.902787e+00	1.052730e-02
1.013094e+01	1.052740e-02
1.035757e+01	1.052520e-02
1.058400e+01	1.052460e-02
1.081113e+01	1.052600e-02
1.103962e+01	1.052500e-02
1.126863e+01	1.052660e-02
1.149488e+01	1.052690e-02
1.172139e+01	1.052580e-02
1.194834e+01	1.052590e-02
1.218114e+01	1.052530e-02
1.240528e+01	1.052550e-02
1.263118e+01	1.052350e-02
1.286140e+01	1.052200e-02
1.308997e+01	1.052300e-02
1.332150e+01	1.052500e-02
1.354437e+01	1.052480e-02
1.376965e+01	1.052290e-02
1.399650e+01	1.052460e-02
1.422769e+01	1.052320e-02
1.445308e+01	1.052450e-02
1.468294e+01	1.052320e-02
1.490797e+01	1.052260e-02
1.513466e+01	1.052310e-02
1.536086e+01	1.052420e-02
1.559170e+01	1.052260e-02
1.585920e+01	1.052370e-02
1.608597e+01	1.052390e-02
1.632219e+01	1.052300e-02
1.656605e+01	1.052100e-02
1.679173e+01	1.052370e-02
1.702147e+01	1.052530e-02
1.724614e+01	1.052590e-02
1.747348e+01	1.052270e-02
1.770571e+01	1.052310e-02
1.793585e+01	1.052080e-02
1.816920e+01	1.052260e-02
1.839323e+01	1.052220e-02
1.861929e+01	1.052330e-02
1.885045e+01	1.052130e-02
1.908043e+01	1.052160e-02
1.930642e+01	1.052250e-02
1.953359e+01	1.052250e-02
1.975767e+01	1.179100e-02
1.998903e+01	1.195720e-02
2.021992e+01	1.200700e-02
2.044607e+01	1.202660e-02
2.067156e+01	1.203390e-02
2.089721e+01	1.204150e-02
2.112658e+01	1.204920e-02
2.135777e+01	1.204820e-02
2.158683e+01	1.205330e-02
2.181472e+01	1.205180e-02
2.204199e+01	1.205280e-02
2.226978e+01	1.205470e-02
2.249832e+01	1.205620e-02
2.272397e+01	1.205950e-02
2.295440e+01	1.205160e-02
2.318393e+01	1.205580e-02
2.341093e+01	1.205520e-02
2.364230e+01	1.205530e-02
2.388535e+01	1.205500e-02
2.410873e+01	1.205480e-02
2.433600e+01	1.205990e-02
2.456606e+01	1.205820e-02
2.479561e+01	1.205770e-02
2.502362e+01	1.205740e-02
2.525115e+01	1.206090e-02
2.547819e+01	1.205540e-02
2.570655e+01	1.205520e-02
2.593783e+01	1.205720e-02
2.616173e+01	1.205240e-02
2.638884e+01	1.205030e-02
2.661981e+01	1.205280e-02
2.684441e+01	1.205190e-02
2.707250e+01	1.205590e-02
2.730297e+01	1.205160e-02
2.753910e+01	1.205640e-02
2.776342e+01	1.205330e-02
2.799238e+01	1.205240e-02
2.821856e+01	1.204900e-02
2.844990e+01	1.204910e-02
2.867318e+01	1.204890e-02
2.890093e+01	1.205190e-02
2.912938e+01	1.205130e-02
2.935942e+01	1.205260e-02
2.958683e+01	1.205090e-02
2.981273e+01	1.205280e-02
3.003924e+01	1.205160e-02
3.026948e+01	1.204730e-02
3.050109e+01	1.205020e-02
3.074485e+01	1.204600e-02
3.100904e+01	1.204710e-02
3.124047e+01	1.204580e-02
3.148308e+01	1.205040e-02
3.170833e+01	1.204740e-02
3.193395e+01	1.204800e-02
3.216527e+01	1.204720e-02
3.239567e+01	1.205150e-02
3.262793e+01	1.204890e-02
3.285177e+01	1.204580e-02
3.308071e+01	1.204780e-02
3.330872e+01	1.204540e-02
3.353904e+01	1.203940e-02
3.376317e+01	1.204520e-02
3.398841e+01	1.204190e-02
3.422038e+01	1.204710e-02
3.444434e+01	1.204560e-02
3.467110e+01	1.204540e-02
3.490092e+01	1.204290e-02
3.512816e+01	1.203970e-02
3.535675e+01	1.204370e-02
3.560408e+01	1.204250e-02
3.584681e+01	1.204220e-02
3.607122e+01	1.204500e-02
3.630009e+01	1.204470e-02
3.652512e+01	1.204290e-02
3.675613e+01	1.204670e-02
3.698032e+01	1.204300e-02
3.721120e+01	1.204110e-02
3.744169e+01	1.204330e-02
3.767309e+01	1.204690e-02
3.789704e+01	1.204520e-02
3.812662e+01	1.204210e-02
3.835208e+01	1.204350e-02
3.858295e+01	1.204270e-02
3.881092e+01	1.204150e-02
3.903952e+01	1.203990e-02
3.926517e+01	1.204090e-02
3.949497e+01	1.203850e-02
3.972204e+01	1.203690e-02
3.994866e+01	1.203430e-02
4.017676e+01	1.204160e-02
4.040784e+01	1.204200e-02
4.063221e+01	1.203600e-02
4.086290e+01	1.203550e-02
4.108992e+01	1.203820e-02
4.131819e+01	1.203900e-02
4.155134e+01	1.204480e-02
4.177605e+01	1.204090e-02
4.200667e+01	1.204390e-02
4.223007e+01	1.203920e-02
4.246094e+01	1.204010e-02
4.268807e+01	1.204050e-02
4.291601e+01	1.204200e-02
4.314848e+01	1.203690e-02
4.337768e+01	1.203790e-02
4.360543e+01	1.203830e-02
4.383575e+01	1.203850e-02
4.406282e+01	1.203740e-02
4.429466e+01	1.203860e-02
4.451810e+01	1.203730e-02
4.474964e+01	1.203950e-02
4.497940e+01	1.204010e-02
4.520559e+01	1.203860e-02
4.543545e+01	1.204170e-02
4.566779e+01	1.203660e-02
4.591167e+01	1.203830e-02
4.617622e+01	1.203920e-02
4.640303e+01	1.204180e-02
4.663538e+01	1.204100e-02
4.687922e+01	1.204170e-02
4.710436e+01	1.204030e-02
4.733196e+01	1.204210e-02
4.756069e+01	1.203890e-02
4.778578e+01	1.204180e-02
4.800966e+01	1.203620e-02
4.823737e+01	1.203930e-02
4.846852e+01	1.203600e-02
4.871602e+01	1.203630e-02
4.893912e+01	1.203930e-02
4.916676e+01	1.203360e-02
4.939339e+01	1.203410e-02
4.961913e+01	1.203300e-02
4.984861e+01	1.203510e-02
5.007638e+01	1.203330e-02
5.030350e+01	1.203570e-02
5.053371e+01	1.203200e-02
5.076180e+01	1.203710e-02
5.098730e+01	1.203800e-02
5.121356e+01	1.203210e-02
5.144370e+01	1.203210e-02
5.167415e+01	1.202990e-02
5.190397e+01	1.203130e-02
5.213565e+01	1.203110e-02
5.236467e+01	1.203310e-02
5.259030e+01	1.203310e-02
5.281671e+01	1.203260e-02
5.304328e+01	1.203140e-02
5.327237e+01	1.203430e-02
5.350154e+01	1.203170e-02
5.372938e+01	1.203360e-02
5.395722e+01	1.203150e-02
5.418520e+01	1.203340e-02
5.441417e+01	1.203320e-02
5.464366e+01	1.203300e-02
5.487477e+01	1.203370e-02
5.510622e+01	1.203260e-02
5.533045e+01	1.203310e-02
5.555767e+01	1.203240e-02
5.578368e+01	1.203460e-02
5.600997e+01	1.203530e-02
5.624095e+01	1.203470e-02
5.646584e+01	1.203160e-02
5.671622e+01	1.203690e-02
5.693889e+01	1.203760e-02
5.716557e+01	1.203690e-02
5.741215e+01	1.202800e-02
5.763614e+01	1.203090e-02
5.788498e+01	1.203240e-02
5.810956e+01	1.202680e-02
5.833478e+01	1.202750e-02
5.856103e+01	1.202740e-02
5.878880e+01	1.202730e-02
5.902659e+01	1.202450e-02
5.925084e+01	1.202580e-02
5.947749e+01	1.202880e-02
5.970478e+01	1.202790e-02
5.993435e+01	1.202930e-02
6.016077e+01	1.202730e-02
6.039183e+01	1.202770e-02
6.061478e+01	1.203010e-02
6.084638e+01	1.203170e-02
6.107050e+01	1.203230e-02
6.134096e+01	1.203130e-02
6.157095e+01	1.202780e-02
6.180029e+01	1.202980e-02
6.202888e+01	1.203030e-02
6.225332e+01	1.202680e-02
6.248479e+01	1.202510e-02
6.270942e+01	1.202500e-02
6.293637e+01	1.202570e-02
6.316560e+01	1.202440e-02
6.339185e+01	1.202770e-02
6.362331e+01	1.202560e-02
6.384826e+01	1.202760e-02
6.407431e+01	1.202710e-02
6.430351e+01	1.202490e-02
6.452965e+01	1.202470e-02
6.475881e+01	1.202370e-02
6.498696e+01	1.202340e-02
6.521640e+01	1.202540e-02
6.544186e+01	1.202490e-02
6.566674e+01	1.202570e-02
6.589835e+01	1.202370e-02
6.612746e+01	1.202500e-02
6.635469e+01	1.202600e-02
6.658075e+01	1.202590e-02
6.680788e+01	1.202550e-02
6.704082e+01	1.202410e-02
6.726834e+01	1.202400e-02
6.749475e+01	1.202490e-02
6.772282e+01	1.202430e-02
6.794972e+01	1.202580e-02
6.818143e+01	1.202630e-02
6.840549e+01	1.202730e-02
6.863139e+01	1.202420e-02
6.885893e+01	1.202710e-02
6.909370e+01	1.202840e-02
6.931938e+01	1.202510e-02
6.955267e+01	1.202310e-02
6.978271e+01	1.202460e-02
7.001201e+01	1.202460e-02
7.024164e+01	1.202820e-02
7.046945e+01	1.202740e-02
7.070113e+01	1.202570e-02
7.092906e+01	1.202860e-02
7.115783e+01	1.203080e-02
7.138520e+01	1.202630e-02
7.163381e+01	1.202610e-02
7.187789e+01	1.202920e-02
7.212104e+01	1.202920e-02
7.234524e+01	1.203140e-02
7.257376e+01	1.202770e-02
7.280095e+01	1.202950e-02
7.303178e+01	1.202830e-02
7.325899e+01	1.202620e-02
7.349159e+01	1.202490e-02
7.371595e+01	1.202190e-02
7.394508e+01	1.202150e-02
7.417353e+01	1.202030e-02
7.440265e+01	1.201840e-02
7.463424e+01	1.202410e-02
7.485804e+01	1.202520e-02
7.510542e+01	1.202010e-02
7.533516e+01	1.201890e-02
7.560307e+01	1.201650e-02
7.582850e+01	1.201910e-02
7.605663e+01	1.201730e-02
7.628485e+01	1.201940e-02
7.655240e+01	1.201440e-02
7.678063e+01	1.202050e-02
7.700658e+01	1.202150e-02
7.725568e+01	1.202550e-02
7.750013e+01	1.202170e-02
7.774567e+01	1.201980e-02
7.798880e+01	1.202010e-02
7.821292e+01	1.201860e-02
7.844189e+01	1.201780e-02
7.866713e+01	1.202180e-02
7.890067e+01	1.202290e-02
7.913017e+01	1.201820e-02
7.935884e+01	1.201860e-02
7.961054e+01	1.202050e-02
7.983453e+01	1.202170e-02
8.006070e+01	1.202220e-02
8.029792e+01	1.202300e-02
8.052279e+01	1.202300e-02
8.075196e+01	1.202300e-02
8.098036e+01	1.202270e-02
8.121360e+01	1.202150e-02
8.143775e+01	1.202060e-02
8.166590e+01	1.202020e-02
8.189594e+01	1.201960e-02
8.212545e+01	1.202290e-02
8.235773e+01	1.202540e-02
8.258330e+01	1.202230e-02
8.281352e+01	1.202390e-02
8.304589e+01	1.202060e-02
8.327422e+01	1.202230e-02
8.350251e+01	1.201600e-02
8.373192e+01	1.201800e-02
8.396153e+01	1.201560e-02
8.419182e+01	1.201770e-02
8.442223e+01	1.201780e-02
8.465279e+01	1.202020e-02
8.489517e+01	1.202260e-02
8.512074e+01	1.201690e-02
8.534867e+01	1.202010e-02
8.557756e+01	1.201970e-02
8.580327e+01	1.202010e-02
8.602914e+01	1.202190e-02
8.625760e+01	1.201860e-02
8.648225e+01	1.201840e-02
8.670635e+01	1.202030e-02
8.693685e+01	1.201760e-02
8.716460e+01	1.201620e-02
8.739290e+01	1.201890e-02
8.761816e+01	1.201420e-02
8.785110e+01	1.201580e-02
8.807799e+01	1.201450e-02
8.830671e+01	1.201320e-02
8.853473e+01	1.201350e-02
8.876720e+01	1.201590e-02
8.899095e+01	1.201380e-02
8.922199e+01	1.201700e-02
8.946715e+01	1.201580e-02
8.968948e+01	1.201640e-02
8.991742e+01	1.201780e-02
9.014621e+01	1.201200e-02
9.037393e+01	1.201140e-02
9.060160e+01	1.200850e-02
9.082861e+01	1.201120e-02
9.105650e+01	1.200920e-02
9.128645e+01	1.201220e-02
9.151503e+01	1.201090e-02
9.178119e+01	1.201180e-02
9.200978e+01	1.201190e-02
9.223645e+01	1.201080e-02
9.247075e+01	1.201300e-02
9.270177e+01	1.201260e-02
9.292617e+01	1.201620e-02
9.315184e+01	1.201520e-02
9.337779e+01	1.201110e-02
9.360244e+01	1.201200e-02
9.382863e+01	1.201430e-02
9.405946e+01	1.201470e-02
9.428857e+01	1.201520e-02
9.451612e+01	1.201350e-02
9.474759e+01	1.201530e-02
9.499087e+01	1.201220e-02
9.521476e+01	1.201450e-02
9.544067e+01	1.201500e-02
9.566767e+01	1.201280e-02
9.589966e+01	1.201360e-02
9.612367e+01	1.200770e-02
9.637381e+01	1.201270e-02
9.659608e+01	1.201100e-02
9.682422e+01	1.201030e-02
9.704979e+01	1.201570e-02
9.727976e+01	1.201590e-02
9.751027e+01	1.201020e-02
9.773659e+01	1.201290e-02
9.796364e+01	1.201350e-02
9.819459e+01	1.201150e-02
9.841809e+01	1.201190e-02
9.864465e+01	1.201550e-02
9.887368e+01	1.201670e-02
9.910353e+01	1.201490e-02
9.933189e+01	1.201380e-02
9.955948e+01	1.201630e-02
9.978479e+01	1.202090e-02
1.000172e+02	1.201550e-02
1.002404e+02	1.201720e-02
1.004678e+02	1.201360e-02
1.006954e+02	1.201320e-02
1.009243e+02	1.201240e-02
1.011502e+02	1.201620e-02
1.013762e+02	1.201700e-02
1.016057e+02	1.201960e-02
1.018378e+02	1.202040e-02
1.020623e+02	1.201900e-02
1.022887e+02	1.201210e-02
1.025228e+02	1.201620e-02
1.027672e+02	1.201200e-02
1.029926e+02	1.201550e-02
1.032234e+02	1.201060e-02
1.034522e+02	1.201060e-02
1.036779e+02	1.201210e-02
1.039057e+02	1.201530e-02
1.041357e+02	1.201200e-02
1.043655e+02	1.201360e-02
1.045922e+02	1.201270e-02
1.048237e+02	1.201380e-02
1.050498e+02	1.201400e-02
1.052769e+02	1.201420e-02
1.055077e+02	1.201500e-02
1.057315e+02	1.201020e-02
1.059636e+02	1.201780e-02
1.062061e+02	1.201300e-02
1.064318e+02	1.201410e-02
1.066709e+02	1.201200e-02
1.069341e+02	1.201310e-02
1.071657e+02	1.201430e-02
1.073897e+02	1.201460e-02
1.076158e+02	1.201270e-02
1.078492e+02	1.201210e-02
1.080751e+02	1.201530e-02
1.083045e+02	1.201300e-02
1.085326e+02	1.201490e-02
1.087617e+02	1.201250e-02
1.089873e+02	1.201090e-02
1.092152e+02	1.201520e-02
1.094467e+02	1.201430e-02
1.096707e+02	1.201500e-02
1.098990e+02	1.201770e-02
1.101270e+02	1.201340e-02
1.103556e+02	1.201430e-02
1.105812e+02	1.201560e-02
1.108086e+02	1.201480e-02
1.110345e+02	1.201570e-02
1.112625e+02	1.201380e-02
1.114896e+02	1.201440e-02
1.117358e+02	1.201480e-02
1.119595e+02	1.201750e-02
1.121857e+02	1.201840e-02
1.124172e+02	1.201920e-02
1.126414e+02	1.201640e-02
1.128756e+02	1.201760e-02
1.131041e+02	1.201700e-02
1.133320e+02	1.201590e-02
1.135598e+02	1.201590e-02
1.137885e+02	1.201610e-02
1.140137e+02	1.201930e-02
1.142466e+02	1.201870e-02
1.144746e+02	1.201080e-02
1.147022e+02	1.201150e-02
1.149330e+02	1.200810e-02
1.151604e+02	1.201550e-02
1.153884e+02	1.201190e-02
1.156198e+02	1.200630e-02
1.158441e+02	1.201180e-02
1.160774e+02	1.201580e-02
1.163226e+02	1.201750e-02
1.165455e+02	1.201690e-02
1.167714e+02	1.201380e-02
1.169995e+02	1.201220e-02
1.172324e+02	1.201490e-02
1.174752e+02	1.201040e-02
1.177210e+02	1.201050e-02
1.179635e+02	1.200990e-02
1.181874e+02	1.201570e-02
1.184136e+02	1.201470e-02
1.186414e+02	1.201290e-02
1.188928e+02	1.201220e-02
1.191161e+02	1.201490e-02
1.193477e+02	1.201330e-02
1.195719e+02	1.201070e-02
1.198042e+02	1.200950e-02
1.200290e+02	1.201170e-02
1.202562e+02	1.201290e-02
1.204885e+02	1.201530e-02
1.207136e+02	1.201580e-02
1.209427e+02	1.201320e-02
1.211720e+02	1.201460e-02
1.214035e+02	1.201490e-02
1.216329e+02	1.201170e-02
1.218625e+02	1.201150e-02
1.221276e+02	1.201490e-02
1.223589e+02	1.201070e-02
1.225838e+02	1.201460e-02
1.228136e+02	1.201070e-02
1.230406e+02	1.201560e-02
1.232679e+02	1.201340e-02
1.234966e+02	1.201570e-02
1.237292e+02	1.201820e-02
1.239634e+02	1.201790e-02
1.241881e+02	1.201540e-02
1.244161e+02	1.201000e-02
1.246630e+02	1.200960e-02
1.249063e+02	1.201110e-02
1.251515e+02	1.201310e-02
1.253946e+02	1.201330e-02
1.256183e+02	1.201180e-02
1.258468e+02	1.201070e-02
1.260770e+02	1.201650e-02
1.263053e+02	1.201100e-02
1.265316e+02	1.200640e-02
1.267587e+02	1.200930e-02
1.269887e+02	1.201010e-02
1.272197e+02	1.200970e-02
1.274438e+02	1.201100e-02
1.276715e+02	1.201030e-02
1.278977e+02	1.200710e-02
1.281304e+02	1.200670e-02
1.283559e+02	1.201160e-02
1.285836e+02	1.200460e-02
1.288098e+02	1.200860e-02
1.290349e+02	1.200970e-02
1.292626e+02	1.200880e-02
1.294906e+02	1.201020e-02
1.297182e+02	1.200890e-02
1.299459e+02	1.201880e-02
1.301746e+02	1.201550e-02
1.304016e+02	1.202240e-02
1.306308e+02	1.201990e-02
1.308587e+02	1.201800e-02
1.310897e+02	1.201080e-02
1.313168e+02	1.201040e-02
1.315450e+02	1.198360e-02
1.317727e+02	1.194090e-02
1.319989e+02	1.191610e-02
1.322264e+02	1.189690e-02
1.324546e+02	1.188170e-02
1.326833e+02	1.186250e-02
1.329102e+02	1.184690e-02
1.331408e+02	1.183640e-02
1.333641e+02	1.182090e-02
1.335918e+02	1.180860e-02
1.338216e+02	1.179480e-02
1.340478e+02	1.178650e-02
1.342767e+02	1.177690e-02
1.345076e+02	1.176950e-02
1.347317e+02	1.176330e-02
1.349807e+02	1.175420e-02
1.352032e+02	1.174320e-02
1.354319e+02	1.173350e-02
1.356595e+02	1.172580e-02
1.358972e+02	1.171730e-02
1.361209e+02	1.170750e-02
1.363493e+02	1.170130e-02
1.365756e+02	1.169170e-02
1.368054e+02	1.168330e-02
1.370345e+02	1.167780e-02
1.373027e+02	1.166810e-02
1.375345e+02	1.166040e-02
1.377587e+02	1.165140e-02
1.380050e+02	1.164170e-02
1.382484e+02	1.163580e-02
1.384738e+02	1.162860e-02
1.387020e+02	1.162220e-02
1.389303e+02	1.162030e-02
1.391653e+02	1.161130e-02
1.393904e+02	1.160060e-02
1.396179e+02	1.159670e-02
1.398511e+02	1.159040e-02
1.400836e+02	1.158270e-02
1.403087e+02	1.157250e-02
1.405343e+02	1.156660e-02
1.407609e+02	1.156110e-02
1.409897e+02	1.156030e-02
1.412171e+02	1.155070e-02
1.414444e+02	1.154750e-02
1.416744e+02	1.153690e-02
1.419054e+02	1.153320e-02
1.421504e+02	1.152640e-02
1.423732e+02	1.151780e-02
1.426055e+02	1.151450e-02
1.428366e+02	1.150830e-02
1.430813e+02	1.150260e-02
1.433057e+02	1.149680e-02
1.435337e+02	1.148990e-02
1.437609e+02	1.148420e-02
1.439938e+02	1.148190e-02
1.442163e+02	1.147400e-02
1.444427e+02	1.146970e-02
1.446697e+02	1.146450e-02
1.449006e+02	1.146250e-02
1.451265e+02	1.145120e-02
1.453539e+02	1.144540e-02
1.455845e+02	1.144560e-02
1.458133e+02	1.144100e-02
1.460426e+02	1.143460e-02
1.462707e+02	1.142860e-02
1.465020e+02	1.142300e-02
1.467299e+02	1.142050e-02
1.469573e+02	1.141110e-02
1.471839e+02	1.140860e-02
1.474154e+02	1.140120e-02
1.476412e+02	1.139850e-02
1.478708e+02	1.139130e-02
1.481019e+02	1.138910e-02
1.483244e+02	1.138060e-02
1.485527e+02	1.137700e-02
1.487823e+02	1.137270e-02
1.490106e+02	1.136680e-02
1.492362e+02	1.136290e-02
1.494685e+02	1.136080e-02
1.496939e+02	1.135350e-02
1.499246e+02	1.134990e-02
1.501470e+02	1.134500e-02
1.503761e+02	1.133940e-02
1.506002e+02	1.133530e-02
1.508268e+02	1.133070e-02
1.510566e+02	1.132570e-02
1.512878e+02	1.132310e-02
1.515128e+02	1.132020e-02
1.517419e+02	1.131470e-02
1.519700e+02	1.131010e-02
1.522025e+02	1.130680e-02
1.524716e+02	1.130060e-02
1.527037e+02	1.129640e-02
1.529281e+02	1.129420e-02
1.531588e+02	1.128850e-02
1.533988e+02	1.128310e-02
1.536223e+02	1.128070e-02
1.538527e+02	1.127670e-02
1.540836e+02	1.126930e-02
1.543133e+02	1.126690e-02
1.545427e+02	1.126030e-02
1.547737e+02	1.125790e-02
1.549971e+02	1.125700e-02
1.552252e+02	1.125300e-02
1.554596e+02	1.124590e-02
1.556852e+02	1.124470e-02
1.559143e+02	1.124280e-02
1.561452e+02	1.123900e-02
1.563768e+02	1.123270e-02
1.565999e+02	1.123030e-02
1.568298e+02	1.122490e-02
1.570575e+02	1.122310e-02
1.572856e+02	1.122170e-02
1.575158e+02	1.121790e-02
1.577402e+02	1.121460e-02
1.579698e+02	1.120970e-02
1.582020e+02	1.120720e-02
1.584255e+02	1.120460e-02
1.586567e+02	1.119740e-02
1.588817e+02	1.119630e-02
1.591101e+02	1.119590e-02
1.593384e+02	1.118920e-02
1.595668e+02	1.118800e-02
1.597959e+02	1.118380e-02
1.600250e+02	1.118100e-02
1.602535e+02	1.117920e-02
1.604933e+02	1.117490e-02
1.607166e+02	1.117040e-02
1.609444e+02	1.116920e-02
1.611757e+02	1.116850e-02
1.613991e+02	1.116440e-02
1.616265e+02	1.116060e-02
1.618551e+02	1.115650e-02
1.620823e+02	1.115600e-02
1.623126e+02	1.115670e-02
1.625438e+02	1.115050e-02
1.627695e+02	1.114710e-02
1.629978e+02	1.114360e-02
1.632287e+02	1.114280e-02
1.634594e+02	1.114110e-02
1.636823e+02	1.113570e-02
1.639187e+02	1.112970e-02
1.641433e+02	1.112880e-02
1.643756e+02	1.113010e-02
1.645997e+02	1.112510e-02
1.648342e+02	1.111970e-02
1.650787e+02	1.111630e-02
1.653031e+02	1.111100e-02
1.655254e+02	1.110790e-02
1.657552e+02	1.110800e-02
1.659843e+02	1.110830e-02
1.662161e+02	1.110250e-02
1.664399e+02	1.110060e-02
1.666676e+02	1.109720e-02
1.668983e+02	1.109710e-02
1.671299e+02	1.109250e-02
1.673758e+02	1.108820e-02
1.676399e+02	1.108610e-02
1.678698e+02	1.108070e-02
1.681007e+02	1.108020e-02
1.683323e+02	1.107190e-02
1.685584e+02	1.107330e-02
1.687860e+02	1.106570e-02
1.690218e+02	1.106890e-02
1.692455e+02	1.106540e-02
1.694962e+02	1.106370e-02
1.697202e+02	1.106220e-02
1.699488e+02	1.105610e-02
1.701767e+02	1.105060e-02
1.704058e+02	1.105060e-02
1.706397e+02	1.104700e-02
1.708630e+02	1.104510e-02
1.710897e+02	1.104400e-02
1.713177e+02	1.104190e-02
1.715473e+02	1.103840e-02
1.717748e+02	1.103670e-02
1.720047e+02	1.103430e-02
1.722344e+02	1.103370e-02
1.724796e+02	1.103050e-02
1.727245e+02	1.102950e-02
1.729477e+02	1.102800e-02
1.731757e+02	1.102420e-02
1.734061e+02	1.102060e-02
1.736354e+02	1.102030e-02
1.738647e+02	1.101720e-02
1.740981e+02	1.101240e-02
1.743427e+02	1.100840e-02
1.746071e+02	1.100740e-02
1.748316e+02	1.100490e-02
1.750635e+02	1.100180e-02
1.752929e+02	1.100250e-02
1.755187e+02	1.100140e-02
1.757598e+02	1.099990e-02
1.759836e+02	1.099830e-02
1.762113e+02	1.099750e-02
1.764387e+02	1.099320e-02
1.766717e+02	1.099010e-02
1.768947e+02	1.098840e-02
1.771236e+02	1.098660e-02
1.773527e+02	1.098740e-02
1.775846e+02	1.098350e-02
1.778146e+02	1.097900e-02
1.780482e+02	1.098000e-02
1.782727e+02	1.097950e-02
1.785014e+02	1.097500e-02
1.787347e+02	1.097150e-02
1.789593e+02	1.097360e-02
1.791873e+02	1.096840e-02
1.794203e+02	1.096770e-02
1.796437e+02	1.096320e-02
1.798712e+02	1.096310e-02
1.801016e+02	1.096290e-02
1.803496e+02	1.096010e-02
1.805737e+02	1.095740e-02
1.808048e+02	1.095640e-02
1.810280e+02	1.095440e-02
1.812611e+02	1.095080e-02
1.814854e+02	1.094880e-02
1.817342e+02	1.094840e-02
1.819771e+02	1.094630e-02
1.822018e+02	1.094290e-02
1.824312e+02	1.094140e-02
1.826628e+02	1.094070e-02
1.829273e+02	1.093730e-02
1.831598e+02	1.093560e-02
1.834040e+02	1.093390e-02
1.836298e+02	1.093270e-02
1.838571e+02	1.093210e-02
1.840938e+02	1.092490e-02
1.843175e+02	1.092810e-02
1.845460e+02	1.092630e-02
1.847730e+02	1.092360e-02
1.850007e+02	1.092150e-02
1.852447e+02	1.092240e-02
1.854697e+02	1.092400e-02
1.856986e+02	1.091860e-02
1.859262e+02	1.091620e-02
1.861521e+02	1.091390e-02
1.863777e+02	1.091320e-02
1.866050e+02	1.090840e-02
1.868360e+02	1.091030e-02
1.870645e+02	1.090660e-02
1.872926e+02	1.090950e-02
1.875231e+02	1.090420e-02
1.877455e+02	1.090340e-02
1.879722e+02	1.090220e-02
1.881988e+02	1.090000e-02
1.884265e+02	1.089700e-02
1.886545e+02	1.089830e-02
1.888811e+02	1.089890e-02
1.891130e+02	1.089520e-02
1.893363e+02	1.089160e-02
1.895687e+02	1.089110e-02
1.897951e+02	1.088620e-02
1.900249e+02	1.088540e-02
1.902539e+02	1.088890e-02
1.904783e+02	1.088610e-02
1.907079e+02	1.088710e-02
1.909387e+02	1.088380e-02
1.911818e+02	1.088200e-02
1.914073e+02	1.088460e-02
1.916362e+02	1.088050e-02
1.918688e+02	1.087870e-02
1.920939e+02	1.087570e-02
1.923208e+02	1.087290e-02
1.925514e+02	1.087600e-02
1.927813e+02	1.087150e-02
1.930095e+02	1.087130e-02
1.932398e+02	1.087130e-02
1.934647e+02	1.087000e-02
1.936972e+02	1.086710e-02
1.939219e+02	1.086440e-02
1.941465e+02	1.086370e-02
1.943732e+02	1.086650e-02
1.946043e+02	1.086300e-02
1.948276e+02	1.086320e-02
1.950710e+02	1.086030e-02
1.952954e+02	1.086080e-02
1.955206e+02	1.085980e-02
1.957449e+02	1.085510e-02
1.959697e+02	1.085780e-02
1.962007e+02	1.085550e-02
1.964270e+02	1.085320e-02
1.966548e+02	1.085080e-02
1.968866e+02	1.084850e-02
1.971108e+02	1.085040e-02
1.973417e+02	1.084910e-02
1.975671e+02	1.084750e-02
1.977946e+02	1.084530e-02
1.980617e+02	1.084110e-02
1.982924e+02	1.084190e-02
1.985378e+02	1.084100e-02
1.987630e+02	1.084030e-02
1.989882e+02	1.083640e-02
1.992166e+02	1.083390e-02
1.994426e+02	1.083630e-02
1.996741e+02	1.083280e-02
1.998980e+02	1.083580e-02
2.001270e+02	1.083510e-02
2.003527e+02	1.083010e-02
2.005811e+02	1.083180e-02
2.008108e+02	1.083340e-02
2.010549e+02	1.083110e-02
2.013007e+02	1.082220e-02
2.015250e+02	1.082380e-02
2.017527e+02	1.082330e-02
2.019790e+02	1.082440e-02
2.022071e+02	1.082140e-02
2.024367e+02	1.081790e-02
2.026666e+02	1.081960e-02
2.028953e+02	1.081710e-02
2.031245e+02	1.081970e-02
2.033601e+02	1.081870e-02
2.035830e+02	1.082030e-02
2.038121e+02	1.081760e-02
2.040397e+02	1.081710e-02
2.042686e+02	1.081420e-02
2.044966e+02	1.081360e-02
2.047297e+02	1.081080e-02
2.049536e+02	1.081030e-02
2.051819e+02	1.080890e-02
2.054110e+02	1.080650e-02
2.056371e+02	1.080720e-02
2.058659e+02	1.080770e-02
2.060967e+02	1.080410e-02
2.063275e+02	1.080420e-02
2.065563e+02	1.079870e-02
2.067882e+02	1.079880e-02
2.070193e+02	1.080190e-02
2.072430e+02	1.080180e-02
2.074706e+02	1.079730e-02
2.076968e+02	1.079650e-02
2.079232e+02	1.079440e-02
2.081529e+02	1.079560e-02
2.083768e+02	1.079470e-02
2.086057e+02	1.079710e-02
2.088329e+02	1.079480e-02
2.090602e+02	1.079280e-02
2.092896e+02	1.078850e-02
2.095206e+02	1.079140e-02
2.097458e+02	1.078930e-02
2.099777e+02	1.078670e-02
2.102059e+02	1.078800e-02
2.104304e+02	1.078570e-02
2.106570e+02	1.078720e-02
2.108890e+02	1.078750e-02
2.111550e+02	1.078520e-02
2.113987e+02	1.078460e-02
2.116247e+02	1.078490e-02
2.118541e+02	1.078420e-02
2.120821e+02	1.078560e-02
2.123112e+02	1.078350e-02
2.125383e+02	1.078050e-02
2.127708e+02	1.078040e-02
2.129943e+02	1.078230e-02
2.132634e+02	1.077950e-02
2.134938e+02	1.078080e-02
2.137251e+02	1.078080e-02
2.139492e+02	1.077980e-02
2.141987e+02	1.077510e-02
2.144226e+02	1.077490e-02
2.146524e+02	1.077600e-02
2.148819e+02	1.077420e-02
2.151118e+02	1.077550e-02
2.153427e+02	1.077600e-02
2.155662e+02	1.076900e-02
2.157927e+02	1.077170e-02
2.160206e+02	1.077070e-02
2.162513e+02	1.077060e-02
2.164757e+02	1.077030e-02
2.167065e+02	1.076610e-02
2.169312e+02	1.076700e-02
2.171627e+02	1.076790e-02
2.173879e+02	1.076660e-02
2.176187e+02	1.076460e-02
2.178434e+02	1.076390e-02
2.180713e+02	1.076610e-02
2.182996e+02	1.076340e-02
2.185276e+02	1.076140e-02
2.187587e+02	1.076250e-02
2.189821e+02	1.076240e-02
2.192107e+02	1.076070e-02
2.194416e+02	1.075910e-02
2.196686e+02	1.075850e-02
2.198985e+02	1.075770e-02
2.201284e+02	1.075690e-02
2.203531e+02	1.075500e-02
2.205816e+02	1.075480e-02
2.208153e+02	1.075320e-02
2.210392e+02	1.075630e-02
2.212707e+02	1.075620e-02
2.214952e+02	1.075590e-02
2.217232e+02	1.075510e-02
2.219503e+02	1.075120e-02
2.221783e+02	1.075070e-02
2.224087e+02	1.075190e-02
2.226326e+02	1.075130e-02
2.228632e+02	1.075170e-02
2.230929e+02	1.074830e-02
2.233179e+02	1.074780e-02
2.235491e+02	1.074850e-02
2.237728e+02	1.074500e-02
2.239995e+02	1.074620e-02
2.242318e+02	1.074310e-02
2.244603e+02	1.074400e-02
2.246888e+02	1.074070e-02
2.249157e+02	1.073900e-02
2.251473e+02	1.073890e-02
2.253776e+02	1.073640e-02
2.256055e+02	1.073730e-02
2.258342e+02	1.073850e-02
2.260623e+02	1.073960e-02
2.262940e+02	1.073480e-02
2.265178e+02	1.073380e-02
2.267446e+02	1.073440e-02
2.269810e+02	1.073470e-02
2.272045e+02	1.073640e-02
2.274333e+02	1.073650e-02
2.276627e+02	1.073290e-02
2.278929e+02	1.073210e-02
2.281181e+02	1.073190e-02
2.283869e+02	1.073050e-02
2.286136e+02	1.073020e-02
2.288459e+02	1.073050e-02
2.290697e+02	1.073110e-02
2.293007e+02	1.073060e-02
2.295245e+02	1.073010e-02
2.297541e+02	1.073050e-02
2.299899e+02	1.072760e-02
2.302137e+02	1.072550e-02
2.304418e+02	1.072560e-02
2.306695e+02	1.072420e-02
2.309009e+02	1.072350e-02
2.311456e+02	1.071950e-02
2.313689e+02	1.072210e-02
2.316114e+02	1.072110e-02
2.318548e+02	1.072020e-02
2.320988e+02	1.072200e-02
2.323243e+02	1.071930e-02
2.325556e+02	1.072000e-02
2.327795e+02	1.071920e-02
2.330128e+02	1.072010e-02
2.332396e+02	1.072190e-02
2.334678e+02	1.071960e-02
2.336995e+02	1.071900e-02
2.339248e+02	1.071860e-02
2.341516e+02	1.072010e-02
2.343838e+02	1.071640e-02
2.346132e+02	1.071580e-02
2.348419e+02	1.071590e-02
2.350735e+02	1.071350e-02
2.352985e+02	1.071480e-02
2.355264e+02	1.071380e-02
2.357538e+02	1.071230e-02
2.359837e+02	1.070950e-02
2.362117e+02	1.071220e-02
2.364370e+02	1.070950e-02
2.366708e+02	1.071160e-02
2.369017e+02	1.070860e-02
2.371298e+02	1.070850e-02
2.373614e+02	1.070900e-02
2.375856e+02	1.070440e-02
2.378208e+02	1.070500e-02
2.380493e+02	1.070460e-02
2.382773e+02	1.070630e-02
2.385060e+02	1.070850e-02
2.387327e+02	1.070610e-02
2.389648e+02	1.070430e-02
2.391874e+02	1.070320e-02
2.394145e+02	1.070070e-02
2.396361e+02	1.070380e-02
2.398659e+02	1.070150e-02
2.400936e+02	1.070420e-02
2.403208e+02	1.070340e-02
2.405520e+02	1.070400e-02
2.407778e+02	1.070450e-02
2.410100e+02	1.070150e-02
2.412350e+02	1.070390e-02
2.414626e+02	1.070140e-02
2.416871e+02	1.069780e-02
2.419165e+02	1.070040e-02
2.421502e+02	1.069800e-02
2.423732e+02	1.069810e-02
2.426017e+02	1.069550e-02
2.428307e+02	1.069470e-02
2.430637e+02	1.069480e-02
2.432877e+02	1.069810e-02
2.435568e+02	1.069550e-02
2.437826e+02	1.069840e-02
2.440127e+02	1.069090e-02
2.442425e+02	1.069580e-02
2.444730e+02	1.069270e-02
2.447065e+02	1.069260e-02
2.449313e+02	1.069190e-02
2.451593e+02	1.069190e-02
2.453874e+02	1.069240e-02
2.456175e+02	1.069150e-02
2.458434e+02	1.068650e-02
2.460746e+02	1.068880e-02
2.462992e+02	1.068600e-02
2.465274e+02	1.068410e-02
2.467554e+02	1.068260e-02
2.469804e+02	1.068710e-02
2.472085e+02	1.068400e-02
2.474357e+02	1.068330e-02
2.476640e+02	1.068400e-02
2.478939e+02	1.068000e-02
2.481216e+02	1.068690e-02
2.483486e+02	1.068320e-02
2.485767e+02	1.068750e-02
2.488082e+02	1.068240e-02
2.490329e+02	1.068660e-02
2.492646e+02	1.068430e-02
2.494886e+02	1.067690e-02
2.497137e+02	1.067540e-02
2.499456e+02	1.067620e-02
2.501693e+02	1.067950e-02
2.503979e+02	1.067900e-02
2.506298e+02	1.067660e-02
2.508530e+02	1.067510e-02
2.510867e+02	1.067650e-02
2.513109e+02	1.067500e-02
2.515387e+02	1.067840e-02
2.517678e+02	1.067900e-02
2.519960e+02	1.067610e-02
2.522291e+02	1.067980e-02
2.524535e+02	1.067740e-02
2.526846e+02	1.067920e-02
2.529126e+02	1.067560e-02
2.531425e+02	1.067670e-02
2.533745e+02	1.067830e-02
2.536002e+02	1.067440e-02
2.538277e+02	1.067360e-02
2.540578e+02	1.067400e-02
2.542869e+02	1.067500e-02
2.545143e+02	1.067310e-02
2.547406e+02	1.067130e-02
2.549780e+02	1.067250e-02
2.552016e+02	1.067360e-02
2.554291e+02	1.067380e-02
2.556587e+02	1.067210e-02
2.559028e+02	1.067120e-02
2.561269e+02	1.067260e-02
2.563543e+02	1.067330e-02
2.565818e+02	1.067220e-02
2.568099e+02	1.066950e-02
2.570377e+02	1.067270e-02
2.572662e+02	1.067220e-02
2.574997e+02	1.066980e-02
2.577232e+02	1.066910e-02
2.579567e+02	1.066960e-02
2.581803e+02	1.067230e-02
2.584079e+02	1.066700e-02
2.586759e+02	1.067190e-02
2.589038e+02	1.066880e-02
2.591327e+02	1.066770e-02
2.593620e+02	1.066500e-02
2.595909e+02	1.067050e-02
2.598212e+02	1.066650e-02
2.600496e+02	1.066610e-02
2.602787e+02	1.066480e-02
2.605106e+02	1.066690e-02
2.607353e+02	1.066540e-02
2.609666e+02	1.066340e-02
2.612109e+02	1.066290e-02
2.614343e+02	1.066010e-02
2.616677e+02	1.066260e-02
2.619127e+02	1.066200e-02
2.621369e+02	1.066200e-02
2.623668e+02	1.066320e-02
2.625978e+02	1.066210e-02
2.628238e+02	1.066010e-02
2.630515e+02	1.066180e-02
2.632827e+02	1.066140e-02
2.635122e+02	1.066050e-02
2.637376e+02	1.066220e-02
2.639646e+02	1.066210e-02
2.641932e+02	1.066150e-02
2.644207e+02	1.065900e-02
2.646521e+02	1.066010e-02
2.648755e+02	1.066020e-02
2.651022e+02	1.065790e-02
2.653308e+02	1.066000e-02
2.655598e+02	1.066150e-02
2.657916e+02	1.066110e-02
2.660151e+02	1.066270e-02
2.662438e+02	1.066110e-02
2.664700e+02	1.065830e-02
2.667017e+02	1.065470e-02
2.669668e+02	1.065670e-02
2.671913e+02	1.065720e-02
2.674185e+02	1.065990e-02
2.676469e+02	1.065950e-02
2.678789e+02	1.065510e-02
2.681095e+02	1.065210e-02
2.683397e+02	1.065520e-02
2.685673e+02	1.065220e-02
2.687953e+02	1.065410e-02
2.690278e+02	1.065440e-02
2.692530e+02	1.065300e-02
2.694848e+02	1.065030e-02
2.697097e+02	1.064880e-02
2.699401e+02	1.065110e-02
2.701637e+02	1.065020e-02
2.703938e+02	1.064840e-02
2.706211e+02	1.064930e-02
2.708513e+02	1.064970e-02
2.710828e+02	1.064800e-02
2.713058e+02	1.064720e-02
2.715339e+02	1.064930e-02
2.717627e+02	1.064820e-02
2.719963e+02	1.064910e-02
2.722267e+02	1.064880e-02
2.724563e+02	1.064810e-02
2.726887e+02	1.064810e-02
2.729126e+02	1.064870e-02
2.731532e+02	1.064750e-02
2.733772e+02	1.064490e-02
2.736066e+02	1.064390e-02
2.738769e+02	1.064410e-02
2.741034e+02	1.064650e-02
2.743306e+02	1.064570e-02
2.745584e+02	1.064550e-02
2.747856e+02	1.064290e-02
2.750355e+02	1.064480e-02
2.752605e+02	1.064500e-02
2.754938e+02	1.064370e-02
2.757189e+02	1.064790e-02
2.759470e+02	1.064480e-02
2.761713e+02	1.064250e-02
2.764057e+02	1.064540e-02
2.766302e+02	1.064430e-02
2.768597e+02	1.064340e-02
2.770834e+02	1.064320e-02
2.773119e+02	1.064650e-02
2.775401e+02	1.064300e-02
2.777678e+02	1.064300e-02
2.780012e+02	1.064550e-02
2.782336e+02	1.064080e-02
2.784673e+02	1.064210e-02
2.786966e+02	1.064490e-02
2.789243e+02	1.064480e-02
2.791550e+02	1.064540e-02
2.793789e+02	1.063900e-02
2.796072e+02	1.064530e-02
2.798355e+02	1.064490e-02
2.800653e+02	1.064330e-02
2.802963e+02	1.063980e-02
2.805202e+02	1.063770e-02
2.807503e+02	1.063990e-02
2.809777e+02	1.063920e-02
2.812087e+02	1.063620e-02
2.814314e+02	1.063860e-02
2.816630e+02	1.064070e-02
2.818876e+02	1.063740e-02
2.821380e+02	1.063880e-02
2.823618e+02	1.063950e-02
2.825897e+02	1.063700e-02
2.828246e+02	1.063610e-02
2.830485e+02	1.063730e-02
2.832726e+02	1.063570e-02
2.835042e+02	1.063670e-02
2.837276e+02	1.063670e-02
2.839587e+02	1.063370e-02
2.841843e+02	1.063270e-02
2.844174e+02	1.063300e-02
2.846464e+02	1.063370e-02
2.848757e+02	1.063420e-02
2.851035e+02	1.063260e-02
2.853310e+02	1.063360e-02
2.855600e+02	1.063190e-02
2.857889e+02	1.063470e-02
2.860145e+02	1.063500e-02
2.862417e+02	1.063420e-02
2.864730e+02	1.063560e-02
2.866973e+02	1.063410e-02
2.869271e+02	1.063570e-02
2.871586e+02	1.063500e-02
2.873813e+02	1.063410e-02
2.876085e+02	1.063350e-02
2.878417e+02	1.063140e-02
2.880661e+02	1.063140e-02
2.882926e+02	1.063150e-02
2.885197e+02	1.063530e-02
2.887546e+02	1.063570e-02
2.890233e+02	1.063250e-02
2.892516e+02	1.063220e-02
2.894821e+02	1.063010e-02
2.897090e+02	1.063060e-02
2.899396e+02	1.063180e-02
2.901629e+02	1.063110e-02
2.903902e+02	1.062870e-02
2.906220e+02	1.063070e-02
2.908462e+02	1.063160e-02
2.910716e+02	1.063000e-02
2.913020e+02	1.062920e-02
2.915328e+02	1.062550e-02
2.917575e+02	1.062430e-02
2.919857e+02	1.062550e-02
2.922336e+02	1.062530e-02
2.924593e+02	1.062900e-02
2.926918e+02	1.062750e-02
2.929162e+02	1.062740e-02
2.931489e+02	1.062590e-02
2.933724e+02	1.062840e-02
2.935996e+02	1.062560e-02
2.938296e+02	1.062980e-02
2.940569e+02	1.062690e-02
2.942864e+02	1.062690e-02
2.945179e+02	1.062900e-02
2.947425e+02	1.062280e-02
2.949717e+02	1.062800e-02
2.952006e+02	1.062640e-02
2.954304e+02	1.062670e-02
2.956552e+02	1.062780e-02
2.958821e+02	1.062450e-02
2.961122e+02	1.062440e-02
2.963427e+02	1.062250e-02
2.965869e+02	1.062250e-02
2.968124e+02	1.062390e-02
2.970388e+02	1.062460e-02
2.972900e+02	1.062400e-02
2.975137e+02	1.062000e-02
2.977407e+02	1.062230e-02
2.979697e+02	1.062370e-02
2.981945e+02	1.062050e-02
2.984365e+02	1.062370e-02
2.986606e+02	1.062210e-02
2.988874e+02	1.062310e-02
2.991184e+02	1.062120e-02
2.993415e+02	1.062160e-02
2.995705e+02	1.062290e-02
2.997985e+02	1.062200e-02
3.000258e+02	1.062100e-02
3.002539e+02	1.061890e-02
3.004884e+02	1.062180e-02
3.007114e+02	1.062390e-02
3.009456e+02	1.062510e-02
3.011692e+02	1.062230e-02
3.014046e+02	1.062310e-02
3.016286e+02	1.062210e-02
3.018572e+02	1.062120e-02
3.020847e+02	1.061840e-02
3.023167e+02	1.061960e-02
3.025413e+02	1.062190e-02
3.027697e+02	1.062180e-02
3.029994e+02	1.062080e-02
3.032273e+02	1.062390e-02
3.034532e+02	1.062040e-02
3.036792e+02	1.062280e-02
3.039108e+02	1.061940e-02
3.041736e+02	1.061650e-02
3.044047e+02	1.061750e-02
3.046288e+02	1.061830e-02
3.048637e+02	1.061840e-02
3.050885e+02	1.061720e-02
3.053214e+02	1.061690e-02
3.055452e+02	1.061700e-02
3.057777e+02	1.061710e-02
3.060022e+02	1.061730e-02
3.062337e+02	1.061620e-02
3.064589e+02	1.061330e-02
3.066874e+02	1.061240e-02
3.069177e+02	1.061390e-02
3.071455e+02	1.061200e-02
3.073724e+02	1.061560e-02
3.076028e+02	1.061660e-02
3.078272e+02	1.061440e-02
3.080560e+02	1.061490e-02
3.082863e+02	1.061300e-02
3.085158e+02	1.061490e-02
3.087432e+02	1.061570e-02
3.089694e+02	1.061220e-02
3.092002e+02	1.061040e-02
3.094456e+02	1.061330e-02
3.096690e+02	1.061390e-02
3.098995e+02	1.061570e-02
3.101307e+02	1.061460e-02
3.103544e+02	1.061110e-02
3.105894e+02	1.061230e-02
3.108148e+02	1.061350e-02
3.110457e+02	1.061180e-02
3.112704e+02	1.060910e-02
3.115012e+02	1.061030e-02
3.117261e+02	1.060500e-02
3.119578e+02	1.060750e-02
3.121825e+02	1.061370e-02
3.124156e+02	1.060990e-02
3.126585e+02	1.061180e-02
3.128824e+02	1.060890e-02
3.131087e+02	1.060720e-02
3.133353e+02	1.060800e-02
3.135694e+02	1.060560e-02
3.137933e+02	1.060880e-02
3.140218e+02	1.060940e-02
3.142519e+02	1.061260e-02
3.144806e+02	1.060940e-02
3.147126e+02	1.060750e-02
3.149368e+02	1.060910e-02
3.151657e+02	1.061090e-02
3.153965e+02	1.060950e-02
3.156206e+02	1.061100e-02
3.158537e+02	1.060900e-02
3.160770e+02	1.060940e-02
3.163033e+02	1.060970e-02
3.165312e+02	1.060920e-02
3.167646e+02	1.060930e-02
3.169894e+02	1.060870e-02
3.172199e+02	1.060670e-02
3.174439e+02	1.060820e-02
3.176715e+02	1.060850e-02
3.178999e+02	1.060910e-02
3.181308e+02	1.060660e-02
3.183547e+02	1.060640e-02
3.185808e+02	1.060490e-02
3.188104e+02	1.060270e-02
3.190415e+02	1.060680e-02
3.193066e+02	1.060420e-02
3.195346e+02	1.060600e-02
3.197681e+02	1.060390e-02
3.199924e+02	1.060520e-02
3.202195e+02	1.060670e-02
3.204485e+02	1.060560e-02
3.206786e+02	1.060600e-02
3.209036e+02	1.060530e-02
3.211338e+02	1.060290e-02
3.213572e+02	1.060530e-02
3.215871e+02	1.060570e-02
3.218207e+02	1.060500e-02
3.220454e+02	1.060400e-02
3.222779e+02	1.060310e-02
3.225012e+02	1.060220e-02
3.227292e+02	1.060260e-02
3.229607e+02	1.060140e-02
3.231885e+02	1.060270e-02
3.234187e+02	1.060370e-02
3.236501e+02	1.060180e-02
3.238740e+02	1.060140e-02
3.241051e+02	1.060190e-02
3.243391e+02	1.060110e-02
3.245624e+02	1.060040e-02
3.247893e+02	1.060210e-02
3.250201e+02	1.060130e-02
3.252444e+02	1.059930e-02
3.254761e+02	1.060190e-02
3.257007e+02	1.059950e-02
3.259296e+02	1.060190e-02
3.261567e+02	1.060120e-02
3.263843e+02	1.059960e-02
3.266146e+02	1.059860e-02
3.268445e+02	1.060010e-02
3.270735e+02	1.060080e-02
3.273068e+02	1.059950e-02
3.275298e+02	1.060230e-02
3.277598e+02	1.060240e-02
3.279844e+02	1.059730e-02
3.282119e+02	1.060100e-02
3.284402e+02	1.059880e-02
3.286668e+02	1.059910e-02
3.289006e+02	1.060220e-02
3.291296e+02	1.060290e-02
3.293598e+02	1.060240e-02
3.295857e+02	1.060170e-02
3.298134e+02	1.060320e-02
3.300442e+02	1.060270e-02
3.302738e+02	1.060320e-02
3.305015e+02	1.060030e-02
3.307367e+02	1.060440e-02
3.309677e+02	1.059880e-02
3.312121e+02	1.060060e-02
3.314354e+02	1.060140e-02
3.316635e+02	1.060110e-02
3.318974e+02	1.059870e-02
3.321411e+02	1.059610e-02
3.323644e+02	1.059540e-02
3.325927e+02	1.059740e-02
3.328235e+02	1.059320e-02
3.330477e+02	1.059450e-02
3.332789e+02	1.059440e-02
3.335023e+02	1.059580e-02
3.337518e+02	1.059300e-02
3.339758e+02	1.059500e-02
3.342115e+02	1.059490e-02
3.344745e+02	1.059550e-02
3.347038e+02	1.059430e-02
3.349347e+02	1.059660e-02
3.351586e+02	1.059640e-02
3.353864e+02	1.059440e-02
3.356165e+02	1.059730e-02
3.358516e+02	1.059720e-02
3.360758e+02	1.059530e-02
3.363070e+02	1.059600e-02
3.365386e+02	1.059460e-02
3.368037e+02	1.059280e-02
3.370273e+02	1.059180e-02
3.372578e+02	1.059200e-02
3.374864e+02	1.059270e-02
3.377166e+02	1.059170e-02
3.379601e+02	1.059400e-02
3.381849e+02	1.059620e-02
3.384150e+02	1.059500e-02
3.386448e+02	1.059510e-02
3.388706e+02	1.059380e-02
3.390995e+02	1.059590e-02
3.393277e+02	1.059480e-02
3.395552e+02	1.059470e-02
3.397871e+02	1.059690e-02
3.400162e+02	1.059500e-02
3.402456e+02	1.059420e-02
3.404736e+02	1.059290e-02
3.407023e+02	1.059000e-02
3.409321e+02	1.059400e-02
3.411617e+02	1.059410e-02
3.413922e+02	1.059150e-02
3.416159e+02	1.059210e-02
3.418455e+02	1.059010e-02
3.420755e+02	1.058930e-02
3.423086e+02	1.058960e-02
3.425358e+02	1.059150e-02
3.427666e+02	1.059120e-02
3.429956e+02	1.059040e-02
3.432256e+02	1.058840e-02
3.434542e+02	1.059050e-02
3.436818e+02	1.059040e-02
3.439094e+02	1.058930e-02
3.441408e+02	1.058930e-02
3.443735e+02	1.059110e-02
3.445972e+02	1.058970e-02
3.448301e+02	1.059170e-02
3.450546e+02	1.059090e-02
3.452817e+02	1.059290e-02
3.455093e+02	1.059390e-02
3.457362e+02	1.059060e-02
3.459677e+02	1.059280e-02
3.462025e+02	1.058960e-02
3.464252e+02	1.058800e-02
3.466549e+02	1.058850e-02
3.468848e+02	1.058760e-02
3.471180e+02	1.058680e-02
3.473422e+02	1.058500e-02
3.475695e+02	1.058470e-02
3.478016e+02	1.058910e-02
3.480263e+02	1.058570e-02
3.482532e+02	1.058620e-02
3.484855e+02	1.058300e-02
3.487124e+02	1.058780e-02
3.489393e+02	1.058540e-02
3.491705e+02	1.058610e-02
3.493952e+02	1.058520e-02
3.496654e+02	1.058340e-02
3.499101e+02	1.058510e-02
3.501346e+02	1.058500e-02
3.503652e+02	1.058600e-02
3.505956e+02	1.058290e-02
3.508238e+02	1.058290e-02
3.510529e+02	1.058530e-02
3.512861e+02	1.058530e-02
3.515092e+02	1.058820e-02
3.517426e+02	1.058510e-02
3.519715e+02	1.058630e-02
3.522038e+02	1.058420e-02
3.524472e+02	1.058450e-02
3.526725e+02	1.058650e-02
3.529007e+02	1.058430e-02
3.531344e+02	1.058510e-02
3.533578e+02	1.058630e-02
3.535855e+02	1.058400e-02
3.538156e+02	1.058700e-02
3.540468e+02	1.058660e-02
3.542720e+02	1.058730e-02
3.544998e+02	1.058180e-02
3.547307e+02	1.058680e-02
3.549553e+02	1.058910e-02
3.551907e+02	1.058690e-02
3.554132e+02	1.058670e-02
3.556406e+02	1.058470e-02
3.558757e+02	1.058700e-02
3.560992e+02	1.058570e-02
3.563281e+02	1.058500e-02
3.565595e+02	1.058600e-02
3.567838e+02	1.058610e-02
3.570152e+02	1.058590e-02
3.572603e+02	1.058500e-02
3.574845e+02	1.058270e-02
3.577205e+02	1.058110e-02
3.579495e+02	1.058220e-02
3.581819e+02	1.057930e-02
3.584069e+02	1.057990e-02
3.586369e+02	1.058200e-02
3.588696e+02	1.058070e-02
3.590926e+02	1.057770e-02
3.593206e+02	1.057840e-02
3.595503e+02	1.057860e-02
3.597788e+02	1.058270e-02
3.600068e+02	1.058290e-02
3.602376e+02	1.058500e-02
3.604618e+02	1.058230e-02
3.606896e+02	1.058290e-02
3.609165e+02	1.058300e-02
3.611477e+02	1.058340e-02
3.613725e+02	1.058400e-02
3.615997e+02	1.058150e-02
3.618266e+02	1.058110e-02
3.620552e+02	1.058030e-02
3.622797e+02	1.057980e-02
3.625106e+02	1.058320e-02
3.627340e+02	1.058030e-02
3.629623e+02	1.057960e-02
3.631903e+02	1.058350e-02
3.634191e+02	1.058430e-02
3.636441e+02	1.058100e-02
3.638767e+02	1.058390e-02
3.641013e+02	1.058030e-02
3.643295e+02	1.058400e-02
3.645576e+02	1.058170e-02
3.648274e+02	1.058110e-02
3.650514e+02	1.058120e-02
3.652850e+02	1.058240e-02
3.655081e+02	1.058170e-02
3.657429e+02	1.058200e-02
3.659674e+02	1.058190e-02
3.662183e+02	1.057860e-02
3.664471e+02	1.057920e-02
3.666762e+02	1.058110e-02
3.669051e+02	1.058070e-02
3.671336e+02	1.057860e-02
3.673577e+02	1.057790e-02
3.675847e+02	1.057780e-02
3.678180e+02	1.057580e-02
3.680428e+02	1.057630e-02
3.682716e+02	1.057720e-02
3.685010e+02	1.057780e-02
3.687316e+02	1.057880e-02
3.689539e+02	1.057760e-02
3.691837e+02	1.057620e-02
3.694146e+02	1.057580e-02
3.696381e+02	1.057560e-02
3.698664e+02	1.057730e-02
3.700970e+02	1.057770e-02
3.703241e+02	1.057000e-02
3.705520e+02	1.057050e-02
3.707870e+02	1.057420e-02
3.710111e+02	1.057280e-02
3.712382e+02	1.057170e-02
3.714671e+02	1.057260e-02
3.716925e+02	1.057720e-02
3.719209e+02	1.057750e-02
3.721513e+02	1.057380e-02
3.723804e+02	1.057590e-02
3.726113e+02	1.057370e-02
3.728361e+02	1.057570e-02
3.730684e+02	1.057140e-02
3.732924e+02	1.057600e-02
3.735218e+02	1.057420e-02
3.737546e+02	1.057550e-02
3.739781e+02	1.057060e-02
3.742074e+02	1.057600e-02
3.744346e+02	1.057240e-02
3.746689e+02	1.057560e-02
3.749147e+02	1.057690e-02
3.751390e+02	1.057190e-02
3.753723e+02	1.057400e-02
3.756070e+02	1.057090e-02
3.758324e+02	1.057630e-02
3.760631e+02	1.057690e-02
3.762940e+02	1.057530e-02
3.765369e+02	1.057240e-02
3.767610e+02	1.057550e-02
3.769905e+02	1.057180e-02
3.772237e+02	1.057160e-02
3.774477e+02	1.057180e-02
3.776817e+02	1.057530e-02
3.779262e+02	1.057410e-02
3.781514e+02	1.057600e-02
3.783809e+02	1.057500e-02
3.786097e+02	1.057730e-02
3.788387e+02	1.057400e-02
3.790685e+02	1.056940e-02
3.792976e+02	1.057360e-02
3.795345e+02	1.057270e-02
3.797782e+02	1.057540e-02
3.800437e+02	1.057590e-02
3.802714e+02	1.057600e-02
3.805067e+02	1.057470e-02
3.807299e+02	1.057100e-02
3.809586e+02	1.056880e-02
3.811915e+02	1.057020e-02
3.814219e+02	1.057380e-02
3.816472e+02	1.057340e-02
3.818764e+02	1.057350e-02
3.821056e+02	1.057130e-02
3.823377e+02	1.056880e-02
3.825625e+02	1.056740e-02
3.827900e+02	1.056660e-02
3.830257e+02	1.056680e-02
3.832486e+02	1.056270e-02
3.834817e+02	1.056660e-02
3.837048e+02	1.056560e-02
3.839323e+02	1.056720e-02
3.841646e+02	1.057320e-02
3.843893e+02	1.057350e-02
3.846183e+02	1.057230e-02
3.848517e+02	1.057190e-02
3.850766e+02	1.056880e-02
3.853054e+02	1.056670e-02
3.855365e+02	1.056780e-02
3.857657e+02	1.056880e-02
3.859954e+02	1.056590e-02
3.862272e+02	1.056420e-02
3.864716e+02	1.056310e-02
3.866996e+02	1.056940e-02
3.869330e+02	1.056290e-02
3.871586e+02	1.056200e-02
3.873885e+02	1.056650e-02
3.876252e+02	1.056880e-02
3.878490e+02	1.056820e-02
3.880769e+02	1.056190e-02
3.883099e+02	1.056440e-02
3.885344e+02	1.056510e-02
3.887674e+02	1.056360e-02
3.889900e+02	1.056320e-02
3.892184e+02	1.056770e-02
3.894520e+02	1.056840e-02
3.896753e+02	1.056780e-02
3.899047e+02	1.056750e-02
3.901379e+02	1.056150e-02
3.903607e+02	1.056700e-02
3.906330e+02	1.056300e-02
3.908585e+02	1.056820e-02
3.910912e+02	1.056690e-02
3.913154e+02	1.056400e-02
3.915435e+02	1.056530e-02
3.917734e+02	1.056410e-02
3.919992e+02	1.056280e-02
3.922350e+02	1.056230e-02
3.924585e+02	1.056380e-02
3.926816e+02	1.056040e-02
3.929129e+02	1.056170e-02
3.931381e+02	1.056080e-02
3.933686e+02	1.055960e-02
3.936004e+02	1.056540e-02
3.938258e+02	1.056040e-02
3.940529e+02	1.056000e-02
3.942809e+02	1.056170e-02
3.945112e+02	1.056300e-02
3.947346e+02	1.056250e-02
3.949748e+02	1.056090e-02
3.952397e+02	1.056270e-02
3.954703e+02	1.056260e-02
3.957050e+02	1.056530e-02
3.959286e+02	1.056240e-02
3.961546e+02	1.056200e-02
3.963838e+02	1.056130e-02
3.966307e+02	1.056720e-02
3.968561e+02	1.056130e-02
3.970859e+02	1.056280e-02
3.973156e+02	1.056300e-02
3.975422e+02	1.056620e-02
3.977837e+02	1.056800e-02
3.980076e+02	1.056530e-02
3.982351e+02	1.056220e-02
3.984691e+02	1.056600e-02
3.987121e+02	1.056510e-02
3.989357e+02	1.056120e-02
3.991670e+02	1.056340e-02
3.993972e+02	1.056330e-02
3.996281e+02	1.056650e-02
3.998545e+02	1.056310e-02
4.000842e+02	1.056630e-02
4.003155e+02	1.056510e-02
4.005388e+02	1.056620e-02
4.007667e+02	1.056490e-02
4.009956e+02	1.056560e-02
4.012258e+02	1.055880e-02
4.014510e+02	1.056090e-02
4.016788e+02	1.056070e-02
4.019091e+02	1.056130e-02
4.021427e+02	1.056430e-02
4.023660e+02	1.056060e-02
4.025942e+02	1.056190e-02
4.028232e+02	1.056380e-02
4.030525e+02	1.055910e-02
4.032822e+02	1.055920e-02
4.035127e+02	1.056320e-02
4.037402e+02	1.056300e-02
4.039699e+02	1.056400e-02
4.041985e+02	1.056620e-02
4.044286e+02	1.056440e-02
4.046559e+02	1.055710e-02
4.048848e+02	1.055890e-02
4.051128e+02	1.056110e-02
4.053421e+02	1.056350e-02
4.055728e+02	1.056440e-02
4.058368e+02	1.056140e-02
4.060604e+02	1.056600e-02
4.062937e+02	1.056050e-02
4.065373e+02	1.056230e-02
4.067625e+02	1.055920e-02
4.069947e+02	1.056360e-02
4.072183e+02	1.056160e-02
4.074481e+02	1.056240e-02
4.076818e+02	1.056100e-02
4.079127e+02	1.056370e-02
4.081355e+02	1.056340e-02
4.083629e+02	1.056370e-02
4.085980e+02	1.056350e-02
4.088215e+02	1.055800e-02
4.090534e+02	1.055710e-02
4.092781e+02	1.055600e-02
4.095129e+02	1.056040e-02
4.097367e+02	1.056270e-02
4.099674e+02	1.056160e-02
4.102008e+02	1.056330e-02
4.104717e+02	1.055970e-02
4.106960e+02	1.055930e-02
4.109492e+02	1.056170e-02
4.111716e+02	1.056360e-02
4.114014e+02	1.056310e-02
4.116347e+02	1.056180e-02
4.118600e+02	1.056360e-02
4.120931e+02	1.056080e-02
4.123254e+02	1.055910e-02
4.125578e+02	1.055520e-02
4.127818e+02	1.055640e-02
4.130126e+02	1.055620e-02
4.132438e+02	1.055680e-02
4.134686e+02	1.056130e-02
4.136986e+02	1.055900e-02
4.139296e+02	1.055780e-02
4.141526e+02	1.055830e-02
4.143845e+02	1.055980e-02
4.146283e+02	1.056030e-02
4.148534e+02	1.055600e-02
4.150861e+02	1.055610e-02
4.153288e+02	1.055370e-02
4.155536e+02	1.055220e-02
4.157835e+02	1.055800e-02
4.160161e+02	1.055860e-02
4.162407e+02	1.055710e-02
4.164734e+02	1.056020e-02
4.166981e+02	1.056020e-02
4.169297e+02	1.055890e-02
4.171545e+02	1.055760e-02
4.173842e+02	1.056060e-02
4.176157e+02	1.055960e-02
4.178411e+02	1.056050e-02
4.180736e+02	1.056200e-02
4.182964e+02	1.055880e-02
4.185276e+02	1.055960e-02
4.187596e+02	1.056130e-02
4.189847e+02	1.056130e-02
4.192257e+02	1.056020e-02
4.194492e+02	1.056450e-02
4.196801e+02	1.055690e-02
4.199136e+02	1.056350e-02
4.201368e+02	1.056000e-02
4.203668e+02	1.056140e-02
4.205967e+02	1.056030e-02
4.208254e+02	1.056050e-02
4.210646e+02	1.055670e-02
4.212891e+02	1.056060e-02
4.215240e+02	1.055670e-02
4.217471e+02	1.056030e-02
4.219747e+02	1.055870e-02
4.222077e+02	1.055600e-02
4.224318e+02	1.055660e-02
4.226608e+02	1.056130e-02
4.228937e+02	1.056430e-02
4.231173e+02	1.056210e-02
4.233535e+02	1.056150e-02
4.235826e+02	1.056050e-02
4.238124e+02	1.055870e-02
4.240413e+02	1.056180e-02
4.242737e+02	1.056060e-02
4.244967e+02	1.055750e-02
4.247316e+02	1.055700e-02
4.249562e+02	1.056150e-02
4.251890e+02	1.056060e-02
4.254218e+02	1.055940e-02
4.256874e+02	1.056050e-02
4.259144e+02	1.055580e-02
4.261493e+02	1.055970e-02
4.263745e+02	1.056090e-02
4.266045e+02	1.055960e-02
4.268286e+02	1.055910e-02
4.270566e+02	1.055810e-02
4.272897e+02	1.055920e-02
4.275159e+02	1.055900e-02
4.277429e+02	1.055890e-02
4.279735e+02	1.055590e-02
4.282004e+02	1.055260e-02
4.284296e+02	1.055600e-02
4.286646e+02	1.055370e-02
4.288897e+02	1.055610e-02
4.291196e+02	1.055820e-02
4.293526e+02	1.055330e-02
4.295953e+02	1.055760e-02
4.298197e+02	1.055270e-02
4.300560e+02	1.055380e-02
4.302806e+02	1.055840e-02
4.305086e+02	1.055330e-02
4.307377e+02	1.055160e-02
4.309656e+02	1.055320e-02
4.312016e+02	1.055070e-02
4.314251e+02	1.055220e-02
4.316546e+02	1.055180e-02
4.318832e+02	1.055200e-02
4.321139e+02	1.055410e-02
4.323426e+02	1.055110e-02
4.325715e+02	1.055460e-02
4.328048e+02	1.055190e-02
4.330282e+02	1.055220e-02
4.332646e+02	1.055290e-02
4.335102e+02	1.055290e-02
4.337546e+02	1.055970e-02
4.339776e+02	1.055810e-02
4.342070e+02	1.055630e-02
4.344341e+02	1.055610e-02
4.346669e+02	1.055470e-02
4.348918e+02	1.055100e-02
4.351225e+02	1.055440e-02
4.353487e+02	1.055520e-02
4.355786e+02	1.055540e-02
4.358068e+02	1.055340e-02
4.360388e+02	1.055050e-02
4.362642e+02	1.054930e-02
4.364934e+02	1.055530e-02
4.367226e+02	1.055140e-02
4.369541e+02	1.055560e-02
4.371785e+02	1.055640e-02
4.374073e+02	1.054990e-02
4.376367e+02	1.055330e-02
4.378676e+02	1.055100e-02
4.380927e+02	1.055000e-02
4.383221e+02	1.055000e-02
4.385525e+02	1.055100e-02
4.387841e+02	1.054980e-02
4.390084e+02	1.055160e-02
4.392401e+02	1.055290e-02
4.394842e+02	1.054960e-02
4.397080e+02	1.054770e-02
4.399375e+02	1.055220e-02
4.401621e+02	1.055430e-02
4.403941e+02	1.055370e-02
4.406173e+02	1.055160e-02
4.408887e+02	1.055050e-02
4.411124e+02	1.055030e-02
4.413594e+02	1.055070e-02
4.415856e+02	1.054860e-02
4.418151e+02	1.055030e-02
4.420459e+02	1.054610e-02
4.422791e+02	1.054550e-02
4.425016e+02	1.054900e-02
4.427368e+02	1.054820e-02
4.429810e+02	1.054640e-02
4.432049e+02	1.054510e-02
4.434369e+02	1.054860e-02
4.436702e+02	1.054620e-02
4.439020e+02	1.054560e-02
4.441271e+02	1.054300e-02
4.443576e+02	1.054450e-02
4.446013e+02	1.054720e-02
4.448258e+02	1.055330e-02
4.450598e+02	1.054890e-02
4.452846e+02	1.054840e-02
4.455154e+02	1.054950e-02
4.457400e+02	1.055490e-02
4.459712e+02	1.054840e-02
4.461963e+02	1.054710e-02
4.464486e+02	1.054820e-02
4.466725e+02	1.054900e-02
4.469027e+02	1.054570e-02
4.471336e+02	1.054560e-02
4.473649e+02	1.054940e-02
4.476086e+02	1.054680e-02
4.478336e+02	1.054870e-02
4.480651e+02	1.055250e-02
4.482901e+02	1.054660e-02
4.485256e+02	1.054790e-02
4.487491e+02	1.055130e-02
4.489806e+02	1.055250e-02
4.492056e+02	1.055280e-02
4.494594e+02	1.055200e-02
4.496915e+02	1.055070e-02
4.499235e+02	1.055310e-02
4.501472e+02	1.055170e-02
4.503835e+02	1.054530e-02
4.506277e+02	1.054720e-02
4.508518e+02	1.054470e-02
4.510855e+02	1.054830e-02
4.513136e+02	1.054750e-02
4.515424e+02	1.054490e-02
4.517718e+02	1.054750e-02
4.520027e+02	1.054660e-02
4.522276e+02	1.054550e-02
4.524804e+02	1.054570e-02
4.527039e+02	1.054510e-02
4.529342e+02	1.054760e-02
4.531628e+02	1.054520e-02
4.533949e+02	1.054950e-02
4.536191e+02	1.054680e-02
4.538504e+02	1.055050e-02
4.540741e+02	1.054690e-02
4.543044e+02	1.054490e-02
4.545298e+02	1.054730e-02
4.547583e+02	1.055030e-02
4.549861e+02	1.054580e-02
4.552173e+02	1.054590e-02
4.554462e+02	1.054710e-02
4.556708e+02	1.054730e-02
4.559014e+02	1.054310e-02
4.561771e+02	1.054440e-02
4.564073e+02	1.054820e-02
4.566313e+02	1.054090e-02
4.568587e+02	1.054350e-02
4.570907e+02	1.054310e-02
4.573157e+02	1.054550e-02
4.575699e+02	1.054360e-02
4.577938e+02	1.054510e-02
4.580237e+02	1.054620e-02
4.582565e+02	1.054810e-02
4.584806e+02	1.055090e-02
4.587087e+02	1.054680e-02
4.589397e+02	1.054910e-02
4.591645e+02	1.054380e-02
4.593936e+02	1.055020e-02
4.596194e+02	1.055020e-02
4.598511e+02	1.054980e-02
4.600814e+02	1.054700e-02
4.603092e+02	1.054460e-02
4.605405e+02	1.054950e-02
4.607680e+02	1.055110e-02
4.609998e+02	1.054190e-02
4.612236e+02	1.055020e-02
4.614509e+02	1.054370e-02
4.616791e+02	1.054800e-02
4.619115e+02	1.054290e-02
4.621375e+02	1.054590e-02
4.623714e+02	1.054360e-02
4.626349e+02	1.054500e-02
4.628584e+02	1.054190e-02
4.630936e+02	1.054540e-02
4.633177e+02	1.054430e-02
4.635489e+02	1.055120e-02
4.637725e+02	1.055350e-02
4.640013e+02	1.055240e-02
4.642291e+02	1.054810e-02
4.644568e+02	1.055100e-02
4.646871e+02	1.055180e-02
4.649115e+02	1.054970e-02
4.651417e+02	1.054900e-02
4.653872e+02	1.054980e-02
4.656115e+02	1.055030e-02
4.658377e+02	1.054500e-02
4.660709e+02	1.054430e-02
4.662950e+02	1.054120e-02
4.665278e+02	1.054460e-02
4.667520e+02	1.054340e-02
4.669816e+02	1.054400e-02
4.672105e+02	1.054230e-02
4.674385e+02	1.054070e-02
4.676716e+02	1.054270e-02
4.678938e+02	1.054320e-02
4.681268e+02	1.054500e-02
4.683523e+02	1.054290e-02
4.685802e+02	1.054230e-02
4.688072e+02	1.054310e-02
4.690376e+02	1.054270e-02
4.692816e+02	1.054390e-02
4.695049e+02	1.054250e-02
4.697412e+02	1.054290e-02
4.699663e+02	1.054280e-02
4.701977e+02	1.054380e-02
4.704295e+02	1.054340e-02
4.706551e+02	1.054410e-02
4.708898e+02	1.054330e-02
4.711122e+02	1.054350e-02
4.713855e+02	1.054580e-02
4.716110e+02	1.054520e-02
4.718454e+02	1.054100e-02
4.720687e+02	1.054280e-02
4.722985e+02	1.054050e-02
4.725326e+02	1.054100e-02
4.727565e+02	1.054120e-02
4.729869e+02	1.054010e-02
4.732116e+02	1.053560e-02
4.734416e+02	1.054170e-02
4.736707e+02	1.054230e-02
4.739049e+02	1.054270e-02
4.741299e+02	1.054190e-02
4.743629e+02	1.054260e-02
4.745871e+02	1.054190e-02
4.748176e+02	1.053790e-02
4.750448e+02	1.053980e-02
4.752726e+02	1.054210e-02
4.755022e+02	1.053970e-02
4.757314e+02	1.054060e-02
4.759636e+02	1.053890e-02
4.761876e+02	1.054370e-02
4.764170e+02	1.054460e-02
4.766487e+02	1.054130e-02
4.768737e+02	1.053930e-02
4.771068e+02	1.053900e-02
4.773301e+02	1.054070e-02
4.775619e+02	1.054080e-02
4.777861e+02	1.054480e-02
4.780148e+02	1.054190e-02
4.782463e+02	1.054370e-02
4.784710e+02	1.054360e-02
4.787006e+02	1.054070e-02
4.789253e+02	1.054260e-02
4.791607e+02	1.054620e-02
4.793851e+02	1.054520e-02
4.796143e+02	1.054260e-02
4.798467e+02	1.054420e-02
4.800926e+02	1.054300e-02
4.803152e+02	1.054390e-02
4.805443e+02	1.054380e-02
4.807750e+02	1.054210e-02
4.810051e+02	1.054160e-02
4.812363e+02	1.054700e-02
4.814594e+02	1.054480e-02
4.816906e+02	1.054710e-02
4.819147e+02	1.054500e-02
4.821425e+02	1.054300e-02
4.823711e+02	1.054390e-02
4.826006e+02	1.054370e-02
4.828316e+02	1.054690e-02
4.830556e+02	1.054450e-02
4.832855e+02	1.054380e-02
4.835158e+02	1.054550e-02
4.837469e+02	1.054250e-02
4.839726e+02	1.054180e-02
4.842026e+02	1.054450e-02
4.844335e+02	1.054470e-02
4.846649e+02	1.054310e-02
4.849095e+02	1.053890e-02
4.851394e+02	1.054140e-02
4.853636e+02	1.054070e-02
4.855927e+02	1.054300e-02
4.858215e+02	1.054170e-02
4.860540e+02	1.054190e-02
4.862773e+02	1.054330e-02
4.865456e+02	1.054250e-02
4.867731e+02	1.054290e-02
4.870024e+02	1.054210e-02
4.872333e+02	1.054300e-02
4.874666e+02	1.054300e-02
4.876905e+02	1.054200e-02
4.879205e+02	1.054470e-02
4.881501e+02	1.054460e-02
4.883828e+02	1.054150e-02
4.886063e+02	1.054230e-02
4.888356e+02	1.054090e-02
4.890636e+02	1.054250e-02
4.892916e+02	1.054140e-02
4.895206e+02	1.054160e-02
4.897494e+02	1.054100e-02
4.899807e+02	1.054270e-02
4.902095e+02	1.054000e-02
4.904376e+02	1.054180e-02
4.906685e+02	1.054110e-02
4.908933e+02	1.054190e-02
4.911319e+02	1.054360e-02
4.913574e+02	1.054330e-02
4.915875e+02	1.054430e-02
4.918115e+02	1.054160e-02
4.920422e+02	1.054130e-02
4.922656e+02	1.054010e-02
4.924932e+02	1.054070e-02
4.927219e+02	1.054290e-02
4.929576e+02	1.054120e-02
4.931828e+02	1.054230e-02
4.934124e+02	1.053760e-02
4.936418e+02	1.053850e-02
4.938744e+02	1.053900e-02
4.940966e+02	1.053670e-02
4.943261e+02	1.053780e-02
4.945552e+02	1.054070e-02
4.947891e+02	1.054300e-02
4.950136e+02	1.053860e-02
4.952426e+02	1.053920e-02
4.954720e+02	1.054120e-02
4.957030e+02	1.053890e-02
4.959276e+02	1.053920e-02
4.961595e+02	1.053890e-02
4.964030e+02	1.053990e-02
4.966271e+02	1.054130e-02
4.968566e+02	1.054050e-02
4.970855e+02	1.053890e-02
4.973122e+02	1.053670e-02
4.975384e+02	1.053860e-02
4.977670e+02	1.053960e-02
4.980016e+02	1.053740e-02
4.982460e+02	1.053940e-02
4.984689e+02	1.053510e-02
4.986966e+02	1.053980e-02
4.989267e+02	1.053850e-02
4.991566e+02	1.054170e-02
4.993826e+02	1.054070e-02
4.996127e+02	1.054210e-02
4.998406e+02	1.053720e-02
5.000755e+02	1.054100e-02
5.002986e+02	1.053990e-02
5.005265e+02	1.053790e-02
5.007557e+02	1.054320e-02
5.009866e+02	1.054190e-02
5.012102e+02	1.054270e-02
5.014396e+02	1.054240e-02
5.017100e+02	1.054320e-02
5.019336e+02	1.054080e-02
5.021799e+02	1.054150e-02
5.024044e+02	1.054090e-02
5.026375e+02	1.054270e-02
5.028623e+02	1.054200e-02
5.030934e+02	1.054160e-02
5.033184e+02	1.054020e-02
5.035488e+02	1.054220e-02
5.037726e+02	1.054230e-02
5.040068e+02	1.054100e-02
5.042303e+02	1.054310e-02
5.044655e+02	1.054260e-02
5.046893e+02	1.054230e-02
5.049183e+02	1.054240e-02
5.051553e+02	1.054250e-02
5.053982e+02	1.054080e-02
5.056229e+02	1.054250e-02
5.058537e+02	1.053980e-02
5.060991e+02	1.054200e-02
5.063225e+02	1.053980e-02
5.065505e+02	1.053920e-02
5.067782e+02	1.054060e-02
5.070078e+02	1.054040e-02
5.072401e+02	1.054050e-02
5.074635e+02	1.054240e-02
5.076944e+02	1.054340e-02
5.079186e+02	1.054120e-02
5.081516e+02	1.054200e-02
5.083952e+02	1.053970e-02
5.086196e+02	1.054120e-02
5.088549e+02	1.053850e-02
5.090804e+02	1.054050e-02
5.093078e+02	1.053930e-02
5.095327e+02	1.054050e-02
5.097695e+02	1.053880e-02
5.099929e+02	1.053750e-02
5.102442e+02	1.053920e-02
5.104693e+02	1.054160e-02
5.106999e+02	1.054020e-02
5.109315e+02	1.053970e-02
5.111567e+02	1.053850e-02
5.113895e+02	1.053790e-02
5.116336e+02	1.053840e-02
5.118576e+02	1.053780e-02
5.120924e+02	1.053970e-02
5.123159e+02	1.054010e-02
5.125478e+02	1.053670e-02
5.127723e+02	1.053730e-02
5.130130e+02	1.053950e-02
5.132373e+02	1.053480e-02
5.134667e+02	1.053470e-02
5.136979e+02	1.053780e-02
5.139438e+02	1.053550e-02
5.141878e+02	1.053660e-02
5.144104e+02	1.053700e-02
5.146386e+02	1.053670e-02
5.148696e+02	1.053560e-02
5.150936e+02	1.053760e-02
5.153231e+02	1.053630e-02
5.155515e+02	1.053800e-02
5.157832e+02	1.053830e-02
5.160131e+02	1.053800e-02
5.162492e+02	1.053790e-02
5.164739e+02	1.053730e-02
5.167025e+02	1.053720e-02
5.169733e+02	1.053780e-02
5.171982e+02	1.053840e-02
5.174336e+02	1.053920e-02
5.176578e+02	1.054070e-02
5.178864e+02	1.053970e-02
5.181152e+02	1.053780e-02
5.183634e+02	1.053780e-02
5.185876e+02	1.053660e-02
5.188169e+02	1.053600e-02
5.190528e+02	1.053790e-02
5.192778e+02	1.053660e-02
5.195087e+02	1.053840e-02
5.197354e+02	1.054050e-02
5.199647e+02	1.054020e-02
5.201936e+02	1.053770e-02
5.204209e+02	1.053830e-02
5.206532e+02	1.053590e-02
5.208778e+02	1.053910e-02
5.211066e+02	1.053700e-02
5.213342e+02	1.053570e-02
5.215695e+02	1.053650e-02
5.217938e+02	1.053850e-02
5.220265e+02	1.054090e-02
5.222709e+02	1.053570e-02
5.224946e+02	1.053630e-02
5.227283e+02	1.053770e-02
5.229524e+02	1.053720e-02
5.231855e+02	1.054000e-02
5.234378e+02	1.053580e-02
5.236706e+02	1.053710e-02
5.239032e+02	1.053590e-02
5.241285e+02	1.053590e-02
5.243641e+02	1.053820e-02
5.245874e+02	1.053700e-02
5.248163e+02	1.053590e-02
5.250456e+02	1.053660e-02
5.252735e+02	1.053870e-02
5.255077e+02	1.053780e-02
5.257324e+02	1.053810e-02
5.259605e+02	1.054040e-02
5.261926e+02	1.054150e-02
5.264376e+02	1.054040e-02
5.266608e+02	1.053710e-02
5.268894e+02	1.053760e-02
5.271224e+02	1.053680e-02
5.273461e+02	1.053970e-02
5.275758e+02	1.053880e-02
5.278077e+02	1.054140e-02
5.280319e+02	1.053880e-02
5.282642e+02	1.054110e-02
5.285274e+02	1.053890e-02
5.287514e+02	1.054060e-02
5.289845e+02	1.054010e-02
5.292278e+02	1.054050e-02
5.294526e+02	1.053800e-02
5.296892e+02	1.053850e-02
5.299332e+02	1.053860e-02
5.301568e+02	1.053740e-02
5.303854e+02	1.053460e-02
5.306208e+02	1.053590e-02
5.308446e+02	1.053710e-02
5.310770e+02	1.053700e-02
5.313168e+02	1.053520e-02
5.315627e+02	1.053670e-02
5.317856e+02	1.053620e-02
5.320609e+02	1.053690e-02
5.322855e+02	1.053870e-02
5.325155e+02	1.053790e-02
5.327505e+02	1.053750e-02
5.329946e+02	1.053690e-02
5.332391e+02	1.053360e-02
5.334823e+02	1.053540e-02
5.337267e+02	1.053510e-02
5.339515e+02	1.053300e-02
5.341806e+02	1.053360e-02
5.344048e+02	1.053460e-02
5.346413e+02	1.053760e-02
5.348658e+02	1.053640e-02
5.350990e+02	1.053670e-02
5.353219e+02	1.053520e-02
5.355511e+02	1.053680e-02
5.357768e+02	1.053900e-02
5.360126e+02	1.053450e-02
5.362365e+02	1.053490e-02
5.364650e+02	1.053400e-02
5.366970e+02	1.053600e-02
5.369420e+02	1.053260e-02
5.371667e+02	1.053430e-02
5.373996e+02	1.053210e-02
5.376464e+02	1.053300e-02
5.378905e+02	1.053300e-02
5.381300e+02	1.053230e-02
5.383566e+02	1.053360e-02
5.385875e+02	1.053200e-02
5.388121e+02	1.053300e-02
5.390446e+02	1.053090e-02
5.392695e+02	1.053380e-02
5.394968e+02	1.053460e-02
5.397297e+02	1.053520e-02
5.399546e+02	1.053180e-02
5.401893e+02	1.053270e-02
5.404146e+02	1.053440e-02
5.406465e+02	1.053340e-02
5.408775e+02	1.053090e-02
5.411035e+02	1.053380e-02
5.413363e+02	1.053430e-02
5.415682e+02	1.053130e-02
5.418017e+02	1.053040e-02
5.420443e+02	1.053460e-02
5.422885e+02	1.053390e-02
5.425142e+02	1.053270e-02
