Tiempo	Corriente
8.761640e-01	1.062670e-02
1.141845e+00	1.061830e-02
1.385389e+00	1.061240e-02
1.630757e+00	1.060860e-02
1.874237e+00	1.060960e-02
2.122743e+00	1.060620e-02
2.366180e+00	1.060680e-02
2.591196e+00	1.060500e-02
2.826257e+00	1.060480e-02
3.068526e+00	1.060500e-02
3.293910e+00	1.060170e-02
3.522732e+00	1.060030e-02
3.758819e+00	1.060000e-02
3.992575e+00	1.060100e-02
4.216764e+00	1.059920e-02
4.450927e+00	1.060030e-02
4.694858e+00	1.060000e-02
4.937332e+00	1.059920e-02
5.183377e+00	1.059780e-02
5.427091e+00	1.059840e-02
5.651212e+00	1.060050e-02
5.880177e+00	1.059450e-02
6.110396e+00	1.059980e-02
6.340507e+00	1.060120e-02
6.567203e+00	1.059950e-02
6.796329e+00	1.060000e-02
7.022708e+00	1.059740e-02
7.252125e+00	1.059800e-02
7.481568e+00	1.059760e-02
7.708389e+00	1.059780e-02
7.938732e+00	1.060030e-02
8.171195e+00	1.060890e-02
8.394707e+00	1.060460e-02
8.643941e+00	1.060450e-02
8.869355e+00	1.059570e-02
9.102264e+00	1.059580e-02
9.330734e+00	1.060420e-02
9.558668e+00	1.060430e-02
9.795878e+00	1.060230e-02
1.002062e+01	1.060460e-02
1.025021e+01	1.060240e-02
1.047930e+01	1.060550e-02
1.070550e+01	1.060000e-02
1.093168e+01	1.060100e-02
1.116283e+01	1.060370e-02
1.138713e+01	1.060300e-02
1.161856e+01	1.060170e-02
1.186270e+01	1.059760e-02
1.208539e+01	1.060290e-02
1.231535e+01	1.059860e-02
1.254378e+01	1.060200e-02
1.278724e+01	1.060250e-02
1.303148e+01	1.060110e-02
1.325669e+01	1.059620e-02
1.348442e+01	1.060160e-02
1.371305e+01	1.060040e-02
1.394921e+01	1.060040e-02
1.417182e+01	1.060230e-02
1.439809e+01	1.059850e-02
1.462613e+01	1.060100e-02
1.485782e+01	1.060110e-02
1.508243e+01	1.059790e-02
1.531408e+01	1.060060e-02
1.553778e+01	1.059490e-02
1.581028e+01	1.059920e-02
1.603521e+01	1.060070e-02
1.626226e+01	1.059970e-02
1.649133e+01	1.059770e-02
1.672231e+01	1.060160e-02
1.694928e+01	1.146350e-02
1.717824e+01	1.224780e-02
1.740566e+01	1.228360e-02
1.763760e+01	1.228760e-02
1.786123e+01	1.228090e-02
1.808695e+01	1.228640e-02
1.831306e+01	1.228040e-02
1.854432e+01	1.229470e-02
1.877219e+01	1.229740e-02
1.899967e+01	1.229930e-02
1.922602e+01	1.229930e-02
1.945425e+01	1.229540e-02
1.968325e+01	1.229430e-02
1.991552e+01	1.230190e-02
2.013949e+01	1.228520e-02
2.036772e+01	1.228660e-02
2.059930e+01	1.228490e-02
2.082411e+01	1.228350e-02
2.105027e+01	1.228460e-02
2.127794e+01	1.228390e-02
2.150633e+01	1.227940e-02
2.173221e+01	1.228680e-02
2.195934e+01	1.228420e-02
2.219098e+01	1.227570e-02
2.241421e+01	1.228430e-02
2.264215e+01	1.228200e-02
2.287382e+01	1.228300e-02
2.309750e+01	1.227920e-02
2.332941e+01	1.227950e-02
2.355296e+01	1.228010e-02
2.380426e+01	1.227850e-02
2.402709e+01	1.228990e-02
2.425339e+01	1.228950e-02
2.448427e+01	1.228910e-02
2.471485e+01	1.227940e-02
2.494220e+01	1.227950e-02
2.517093e+01	1.228070e-02
2.540146e+01	1.228460e-02
2.563178e+01	1.228210e-02
2.585694e+01	1.228430e-02
2.608358e+01	1.228270e-02
2.631528e+01	1.228410e-02
2.653858e+01	1.228420e-02
2.676575e+01	1.228230e-02
2.699622e+01	1.227990e-02
2.722284e+01	1.228270e-02
2.745432e+01	1.228560e-02
2.767928e+01	1.228880e-02
2.790750e+01	1.227860e-02
2.813621e+01	1.228270e-02
2.836633e+01	1.228010e-02
2.859177e+01	1.227990e-02
2.882070e+01	1.227730e-02
2.904950e+01	1.228120e-02
2.928083e+01	1.227890e-02
2.952472e+01	1.227920e-02
2.974922e+01	1.227770e-02
2.997581e+01	1.227540e-02
3.020267e+01	1.227560e-02
3.043239e+01	1.227570e-02
3.066856e+01	1.228110e-02
3.093639e+01	1.227550e-02
3.116465e+01	1.226980e-02
3.139068e+01	1.227970e-02
3.162376e+01	1.227850e-02
3.184764e+01	1.228030e-02
3.208489e+01	1.227500e-02
3.231053e+01	1.227910e-02
3.254509e+01	1.227670e-02
3.276931e+01	1.227290e-02
3.299735e+01	1.227900e-02
3.322459e+01	1.227320e-02
3.345161e+01	1.227240e-02
3.367836e+01	1.227820e-02
3.390959e+01	1.228150e-02
3.413446e+01	1.227730e-02
3.436256e+01	1.227460e-02
3.459061e+01	1.227060e-02
3.481999e+01	1.227220e-02
3.505436e+01	1.227420e-02
3.529753e+01	1.227810e-02
3.552251e+01	1.227850e-02
3.575115e+01	1.227870e-02
3.598233e+01	1.227370e-02
3.620799e+01	1.227440e-02
3.643648e+01	1.227330e-02
3.666614e+01	1.227010e-02
3.689473e+01	1.227290e-02
3.712457e+01	1.227280e-02
3.735292e+01	1.227820e-02
3.758353e+01	1.227390e-02
3.781455e+01	1.227470e-02
3.805905e+01	1.227000e-02
3.830345e+01	1.226330e-02
3.852712e+01	1.227020e-02
3.875534e+01	1.226800e-02
3.898374e+01	1.226460e-02
3.921037e+01	1.227020e-02
3.943821e+01	1.226480e-02
3.966519e+01	1.227140e-02
3.989685e+01	1.226970e-02
4.012085e+01	1.227320e-02
4.034799e+01	1.227000e-02
4.057822e+01	1.227210e-02
4.080531e+01	1.227140e-02
4.103912e+01	1.227210e-02
4.128408e+01	1.227310e-02
4.152740e+01	1.227510e-02
4.175224e+01	1.227370e-02
4.198037e+01	1.227310e-02
4.222050e+01	1.226910e-02
4.244326e+01	1.227180e-02
4.267174e+01	1.227360e-02
4.290368e+01	1.227480e-02
4.312941e+01	1.227600e-02
4.335697e+01	1.227590e-02
4.358749e+01	1.227500e-02
4.381392e+01	1.226950e-02
4.404569e+01	1.227010e-02
4.427125e+01	1.227040e-02
4.450224e+01	1.226260e-02
4.473508e+01	1.226520e-02
4.496463e+01	1.227060e-02
4.519072e+01	1.227150e-02
4.542180e+01	1.227220e-02
4.565385e+01	1.226700e-02
4.587988e+01	1.227090e-02
4.614984e+01	1.227120e-02
4.637808e+01	1.226800e-02
4.660640e+01	1.227000e-02
4.683921e+01	1.226830e-02
4.708323e+01	1.226700e-02
4.730677e+01	1.227040e-02
4.753527e+01	1.226470e-02
4.776438e+01	1.226650e-02
4.799227e+01	1.226380e-02
4.822094e+01	1.226930e-02
4.844827e+01	1.226850e-02
4.868030e+01	1.226100e-02
4.890270e+01	1.226640e-02
4.913107e+01	1.227000e-02
4.936070e+01	1.226820e-02
4.958994e+01	1.226680e-02
4.981854e+01	1.227050e-02
5.005021e+01	1.226130e-02
5.027352e+01	1.226910e-02
5.050552e+01	1.226650e-02
5.073227e+01	1.227070e-02
5.096464e+01	1.226670e-02
5.120831e+01	1.226840e-02
5.143269e+01	1.226320e-02
5.166289e+01	1.226610e-02
5.189220e+01	1.226830e-02
5.212214e+01	1.226870e-02
5.235953e+01	1.226400e-02
5.258376e+01	1.226510e-02
5.281131e+01	1.226670e-02
5.303835e+01	1.226620e-02
5.326826e+01	1.225800e-02
5.349663e+01	1.226110e-02
5.372227e+01	1.226070e-02
5.394855e+01	1.225660e-02
5.417626e+01	1.226220e-02
5.441441e+01	1.225820e-02
5.463880e+01	1.225930e-02
5.486823e+01	1.225670e-02
5.509555e+01	1.225440e-02
5.532690e+01	1.226380e-02
5.556932e+01	1.225580e-02
5.579369e+01	1.226030e-02
5.602308e+01	1.226170e-02
5.625172e+01	1.226540e-02
5.648199e+01	1.225380e-02
5.670727e+01	1.226820e-02
5.693442e+01	1.226760e-02
5.716536e+01	1.225550e-02
5.740921e+01	1.225430e-02
5.763287e+01	1.224900e-02
5.786391e+01	1.225630e-02
5.808786e+01	1.225120e-02
5.831616e+01	1.225420e-02
5.854200e+01	1.226090e-02
5.877396e+01	1.226320e-02
5.899754e+01	1.225560e-02
5.922883e+01	1.225530e-02
5.947220e+01	1.226080e-02
5.969631e+01	1.226140e-02
5.992377e+01	1.225890e-02
6.015202e+01	1.226720e-02
6.037947e+01	1.226450e-02
6.061334e+01	1.226400e-02
6.083613e+01	1.225940e-02
6.106492e+01	1.226220e-02
6.133247e+01	1.225760e-02
6.156445e+01	1.225540e-02
6.178825e+01	1.225900e-02
6.202104e+01	1.224900e-02
6.224473e+01	1.225500e-02
6.248418e+01	1.225500e-02
6.270672e+01	1.225540e-02
6.293276e+01	1.225270e-02
6.316082e+01	1.225430e-02
6.338966e+01	1.224980e-02
6.361799e+01	1.224970e-02
6.384622e+01	1.225320e-02
6.407437e+01	1.225460e-02
6.430695e+01	1.225170e-02
6.455155e+01	1.225310e-02
6.477560e+01	1.226270e-02
6.500392e+01	1.225590e-02
6.523289e+01	1.224920e-02
6.546223e+01	1.225090e-02
6.569786e+01	1.225680e-02
6.592158e+01	1.225640e-02
6.615052e+01	1.225430e-02
6.637923e+01	1.225360e-02
6.661629e+01	1.225560e-02
6.684091e+01	1.225610e-02
6.707385e+01	1.225800e-02
6.730402e+01	1.225960e-02
6.752833e+01	1.225290e-02
6.775804e+01	1.224510e-02
6.799562e+01	1.225400e-02
6.822089e+01	1.225100e-02
6.845216e+01	1.225370e-02
6.867855e+01	1.225600e-02
6.890752e+01	1.224940e-02
6.913752e+01	1.224870e-02
6.936639e+01	1.225470e-02
6.959732e+01	1.225280e-02
6.982050e+01	1.225590e-02
7.004992e+01	1.225510e-02
7.027842e+01	1.225660e-02
7.050857e+01	1.225570e-02
7.073709e+01	1.224960e-02
7.096623e+01	1.225100e-02
7.119345e+01	1.225150e-02
7.142420e+01	1.225460e-02
7.165404e+01	1.225260e-02
7.188590e+01	1.225010e-02
7.212895e+01	1.225070e-02
7.235394e+01	1.224640e-02
7.258228e+01	1.225150e-02
7.281220e+01	1.225000e-02
7.304644e+01	1.224950e-02
7.326909e+01	1.224580e-02
7.350224e+01	1.224190e-02
7.373062e+01	1.224660e-02
7.395922e+01	1.224140e-02
7.419362e+01	1.224650e-02
7.441641e+01	1.224290e-02
7.463975e+01	1.224360e-02
7.487174e+01	1.225070e-02
7.509608e+01	1.224430e-02
7.532438e+01	1.224940e-02
7.555239e+01	1.224920e-02
7.578429e+01	1.224840e-02
7.601555e+01	1.224350e-02
7.623985e+01	1.224480e-02
7.650820e+01	1.224140e-02
7.673611e+01	1.224650e-02
7.696458e+01	1.223980e-02
7.719270e+01	1.224210e-02
7.741983e+01	1.224740e-02
7.764705e+01	1.224280e-02
7.787791e+01	1.223840e-02
7.810153e+01	1.223720e-02
7.832990e+01	1.223550e-02
7.855925e+01	1.224120e-02
7.878413e+01	1.224190e-02
7.901304e+01	1.223770e-02
7.924482e+01	1.224120e-02
7.946862e+01	1.224370e-02
7.969669e+01	1.224270e-02
7.992616e+01	1.224000e-02
8.015719e+01	1.224440e-02
8.038993e+01	1.224180e-02
8.061442e+01	1.224210e-02
8.084163e+01	1.224170e-02
8.106804e+01	1.223770e-02
8.129766e+01	1.224140e-02
8.152865e+01	1.224250e-02
8.175334e+01	1.223970e-02
8.198315e+01	1.223850e-02
8.220904e+01	1.223770e-02
8.244060e+01	1.224240e-02
8.266542e+01	1.224150e-02
8.289325e+01	1.223830e-02
8.312532e+01	1.223950e-02
8.337030e+01	1.224070e-02
8.363527e+01	1.223970e-02
8.385793e+01	1.224490e-02
8.408728e+01	1.223990e-02
8.431728e+01	1.224250e-02
8.454804e+01	1.224150e-02
8.477266e+01	1.223890e-02
8.500149e+01	1.223350e-02
8.523725e+01	1.224530e-02
8.546026e+01	1.224140e-02
8.568986e+01	1.224290e-02
8.592532e+01	1.224230e-02
8.614964e+01	1.224510e-02
8.638028e+01	1.224270e-02
8.661128e+01	1.224120e-02
8.683602e+01	1.224320e-02
8.706548e+01	1.223500e-02
8.729512e+01	1.223570e-02
8.752421e+01	1.223140e-02
8.775409e+01	1.223780e-02
8.799843e+01	1.223320e-02
8.822389e+01	1.224360e-02
8.845503e+01	1.223850e-02
8.868295e+01	1.223920e-02
8.891041e+01	1.224290e-02
8.914187e+01	1.223760e-02
8.936815e+01	1.224200e-02
8.959725e+01	1.223670e-02
8.983760e+01	1.223290e-02
9.006205e+01	1.224590e-02
9.029380e+01	1.223640e-02
9.051919e+01	1.224350e-02
9.074846e+01	1.223820e-02
9.098114e+01	1.224120e-02
9.121053e+01	1.223720e-02
9.143880e+01	1.223710e-02
9.170815e+01	1.224290e-02
9.193468e+01	1.224060e-02
9.216332e+01	1.223960e-02
9.239220e+01	1.223610e-02
9.262065e+01	1.223650e-02
9.285182e+01	1.222840e-02
9.307721e+01	1.223650e-02
9.330602e+01	1.223560e-02
9.353261e+01	1.223990e-02
9.376427e+01	1.224130e-02
9.398920e+01	1.223820e-02
9.421843e+01	1.223360e-02
9.444455e+01	1.223560e-02
9.467084e+01	1.223010e-02
9.490021e+01	1.223540e-02
9.513118e+01	1.223210e-02
9.535572e+01	1.223440e-02
9.558396e+01	1.223710e-02
9.581699e+01	1.223810e-02
9.604012e+01	1.223840e-02
9.626828e+01	1.223930e-02
9.649973e+01	1.223620e-02
9.672801e+01	1.222970e-02
9.695631e+01	1.223460e-02
9.718428e+01	1.223020e-02
9.741378e+01	1.223620e-02
9.764182e+01	1.223230e-02
9.788950e+01	1.222790e-02
9.811449e+01	1.222880e-02
9.834851e+01	1.223400e-02
9.857227e+01	1.223430e-02
9.880456e+01	1.223040e-02
9.902871e+01	1.223430e-02
9.925713e+01	1.223290e-02
9.948638e+01	1.222910e-02
9.971878e+01	1.222820e-02
9.995080e+01	1.223060e-02
1.001732e+02	1.223020e-02
1.003989e+02	1.222940e-02
1.006242e+02	1.223410e-02
1.008574e+02	1.223160e-02
1.010822e+02	1.223370e-02
1.013100e+02	1.223500e-02
1.015388e+02	1.223250e-02
1.017673e+02	1.223030e-02
1.019963e+02	1.223610e-02
1.022282e+02	1.222980e-02
1.024527e+02	1.222610e-02
1.026835e+02	1.223460e-02
1.029304e+02	1.223210e-02
1.031677e+02	1.223210e-02
1.033923e+02	1.222660e-02
1.036243e+02	1.222830e-02
1.038484e+02	1.222950e-02
1.040781e+02	1.223120e-02
1.043095e+02	1.222580e-02
1.045403e+02	1.222590e-02
1.047653e+02	1.222740e-02
1.049929e+02	1.222400e-02
1.052204e+02	1.222650e-02
1.054473e+02	1.222880e-02
1.056794e+02	1.222670e-02
1.059041e+02	1.223090e-02
1.061321e+02	1.223020e-02
1.063612e+02	1.222430e-02
1.065891e+02	1.222700e-02
1.068603e+02	1.222050e-02
1.070839e+02	1.222480e-02
1.073115e+02	1.222930e-02
1.075432e+02	1.223130e-02
1.077670e+02	1.222850e-02
1.080187e+02	1.222450e-02
1.082432e+02	1.223020e-02
1.084714e+02	1.222150e-02
1.087011e+02	1.221350e-02
1.089313e+02	1.221440e-02
1.091574e+02	1.222290e-02
1.093898e+02	1.222050e-02
1.096241e+02	1.222170e-02
1.098469e+02	1.222640e-02
1.100747e+02	1.222720e-02
1.103050e+02	1.222100e-02
1.105370e+02	1.222540e-02
1.107610e+02	1.222730e-02
1.109873e+02	1.222360e-02
1.112206e+02	1.222480e-02
1.114553e+02	1.222510e-02
1.116857e+02	1.222920e-02
1.119141e+02	1.222660e-02
1.121422e+02	1.222720e-02
1.123706e+02	1.222840e-02
1.126057e+02	1.222740e-02
1.128286e+02	1.222920e-02
1.130576e+02	1.222670e-02
1.132893e+02	1.223160e-02
1.135191e+02	1.222620e-02
1.137486e+02	1.222160e-02
1.139764e+02	1.222940e-02
1.142037e+02	1.222760e-02
1.144324e+02	1.222330e-02
1.146611e+02	1.222720e-02
1.148913e+02	1.223000e-02
1.151391e+02	1.223100e-02
1.153635e+02	1.222520e-02
1.155923e+02	1.222590e-02
1.158241e+02	1.222260e-02
1.160580e+02	1.222540e-02
1.162815e+02	1.222580e-02
1.165182e+02	1.222480e-02
1.167442e+02	1.222560e-02
1.169777e+02	1.222900e-02
1.172017e+02	1.222970e-02
1.174304e+02	1.222450e-02
1.176580e+02	1.223010e-02
1.178882e+02	1.223000e-02
1.181203e+02	1.223020e-02
1.183442e+02	1.222190e-02
1.185720e+02	1.222940e-02
1.187985e+02	1.222760e-02
1.190295e+02	1.215590e-02
1.192528e+02	1.211020e-02
1.194793e+02	1.208400e-02
1.197111e+02	1.206090e-02
1.199383e+02	1.204480e-02
1.201660e+02	1.202690e-02
1.203941e+02	1.201290e-02
1.206201e+02	1.200270e-02
1.208534e+02	1.198730e-02
1.210813e+02	1.197540e-02
1.213122e+02	1.196540e-02
1.215351e+02	1.195340e-02
1.217681e+02	1.194120e-02
1.220334e+02	1.193160e-02
1.222636e+02	1.192190e-02
1.224932e+02	1.191080e-02
1.227206e+02	1.190260e-02
1.229492e+02	1.189170e-02
1.231774e+02	1.188160e-02
1.234070e+02	1.187210e-02
1.236388e+02	1.186400e-02
1.238691e+02	1.185440e-02
1.240985e+02	1.184560e-02
1.243271e+02	1.183830e-02
1.245581e+02	1.183200e-02
1.247893e+02	1.182040e-02
1.250127e+02	1.181370e-02
1.252641e+02	1.180730e-02
1.254969e+02	1.179830e-02
1.257213e+02	1.179300e-02
1.259481e+02	1.178370e-02
1.261742e+02	1.177940e-02
1.264146e+02	1.177100e-02
1.266388e+02	1.176380e-02
1.268713e+02	1.175530e-02
1.271032e+02	1.175160e-02
1.273267e+02	1.174420e-02
1.275598e+02	1.173630e-02
1.277850e+02	1.173020e-02
1.280162e+02	1.172280e-02
1.282422e+02	1.171630e-02
1.284752e+02	1.171010e-02
1.287028e+02	1.170230e-02
1.289303e+02	1.169720e-02
1.291579e+02	1.169100e-02
1.293892e+02	1.168380e-02
1.296144e+02	1.167680e-02
1.298419e+02	1.167230e-02
1.300717e+02	1.166740e-02
1.303225e+02	1.165840e-02
1.305473e+02	1.165510e-02
1.307754e+02	1.165130e-02
1.310073e+02	1.164410e-02
1.312327e+02	1.163830e-02
1.314602e+02	1.162920e-02
1.316906e+02	1.162460e-02
1.319215e+02	1.162110e-02
1.321495e+02	1.161520e-02
1.323803e+02	1.161140e-02
1.326099e+02	1.160400e-02
1.328385e+02	1.160130e-02
1.330696e+02	1.159200e-02
1.333013e+02	1.158740e-02
1.335251e+02	1.158510e-02
1.337546e+02	1.158280e-02
1.339833e+02	1.157750e-02
1.342112e+02	1.157060e-02
1.344413e+02	1.156520e-02
1.346719e+02	1.156390e-02
1.349004e+02	1.155490e-02
1.351293e+02	1.154940e-02
1.353612e+02	1.154510e-02
1.355858e+02	1.154050e-02
1.358192e+02	1.153540e-02
1.360417e+02	1.153090e-02
1.362702e+02	1.152640e-02
1.365000e+02	1.152230e-02
1.367339e+02	1.151560e-02
1.369587e+02	1.150990e-02
1.372302e+02	1.150690e-02
1.374547e+02	1.150040e-02
1.376843e+02	1.149510e-02
1.379105e+02	1.149080e-02
1.381386e+02	1.148740e-02
1.383669e+02	1.148130e-02
1.386035e+02	1.147760e-02
1.388286e+02	1.147370e-02
1.390547e+02	1.146840e-02
1.392813e+02	1.146200e-02
1.395103e+02	1.146000e-02
1.397400e+02	1.145510e-02
1.399680e+02	1.145060e-02
1.401975e+02	1.144650e-02
1.404245e+02	1.144540e-02
1.406542e+02	1.143670e-02
1.408844e+02	1.143400e-02
1.411137e+02	1.143240e-02
1.413409e+02	1.142740e-02
1.415791e+02	1.142060e-02
1.418024e+02	1.141900e-02
1.420293e+02	1.141250e-02
1.422568e+02	1.141070e-02
1.424884e+02	1.140840e-02
1.427127e+02	1.140400e-02
1.429402e+02	1.140140e-02
1.431688e+02	1.140050e-02
1.433968e+02	1.139860e-02
1.436270e+02	1.139610e-02
1.438543e+02	1.138670e-02
1.440866e+02	1.138430e-02
1.443107e+02	1.138190e-02
1.445388e+02	1.138150e-02
1.447713e+02	1.137450e-02
1.450014e+02	1.137070e-02
1.452312e+02	1.136720e-02
1.454768e+02	1.136260e-02
1.457086e+02	1.135940e-02
1.459521e+02	1.135460e-02
1.461787e+02	1.134870e-02
1.464093e+02	1.134890e-02
1.466470e+02	1.134100e-02
1.468898e+02	1.133980e-02
1.471152e+02	1.133710e-02
1.473441e+02	1.133250e-02
1.475721e+02	1.133120e-02
1.478013e+02	1.132690e-02
1.480299e+02	1.132040e-02
1.482557e+02	1.131710e-02
1.484900e+02	1.131480e-02
1.487189e+02	1.131190e-02
1.489452e+02	1.130710e-02
1.491815e+02	1.130420e-02
1.494070e+02	1.130130e-02
1.496363e+02	1.130020e-02
1.498641e+02	1.129620e-02
1.500953e+02	1.129190e-02
1.503273e+02	1.128860e-02
1.505504e+02	1.128690e-02
1.507801e+02	1.128460e-02
1.510082e+02	1.128160e-02
1.512412e+02	1.127620e-02
1.514731e+02	1.127120e-02
1.517065e+02	1.127190e-02
1.519314e+02	1.126530e-02
1.521634e+02	1.126490e-02
1.524283e+02	1.126300e-02
1.526567e+02	1.125790e-02
1.528853e+02	1.125280e-02
1.531150e+02	1.124940e-02
1.533459e+02	1.124570e-02
1.535754e+02	1.124540e-02
1.537996e+02	1.124320e-02
1.540316e+02	1.124210e-02
1.542556e+02	1.123980e-02
1.544899e+02	1.123740e-02
1.547138e+02	1.122850e-02
1.549444e+02	1.123340e-02
1.551724e+02	1.122470e-02
1.554022e+02	1.121770e-02
1.556355e+02	1.121240e-02
1.558655e+02	1.121000e-02
1.560936e+02	1.120510e-02
1.563263e+02	1.120530e-02
1.565495e+02	1.119900e-02
1.567771e+02	1.119870e-02
1.570092e+02	1.119460e-02
1.572342e+02	1.119120e-02
1.574642e+02	1.118900e-02
1.576974e+02	1.118730e-02
1.579201e+02	1.118720e-02
1.581482e+02	1.118490e-02
1.583779e+02	1.118080e-02
1.586064e+02	1.117650e-02
1.588385e+02	1.117700e-02
1.590640e+02	1.117250e-02
1.592911e+02	1.116710e-02
1.595199e+02	1.116540e-02
1.597532e+02	1.116540e-02
1.599774e+02	1.116270e-02
1.602053e+02	1.116060e-02
1.604339e+02	1.116100e-02
1.606651e+02	1.115930e-02
1.608878e+02	1.115640e-02
1.611160e+02	1.115170e-02
1.613480e+02	1.114960e-02
1.615913e+02	1.114880e-02
1.618167e+02	1.114350e-02
1.620495e+02	1.114170e-02
1.622728e+02	1.113680e-02
1.625033e+02	1.113700e-02
1.627556e+02	1.113560e-02
1.629983e+02	1.113230e-02
1.632236e+02	1.112820e-02
1.634543e+02	1.112720e-02
1.636825e+02	1.112760e-02
1.639120e+02	1.112120e-02
1.641393e+02	1.111870e-02
1.643741e+02	1.111850e-02
1.645979e+02	1.111630e-02
1.648250e+02	1.111330e-02
1.650592e+02	1.111310e-02
1.652824e+02	1.110950e-02
1.655156e+02	1.110720e-02
1.657390e+02	1.110580e-02
1.659716e+02	1.110360e-02
1.661946e+02	1.110120e-02
1.664250e+02	1.110260e-02
1.666560e+02	1.109780e-02
1.668812e+02	1.109580e-02
1.671105e+02	1.109480e-02
1.673360e+02	1.109380e-02
1.676068e+02	1.108990e-02
1.678401e+02	1.108840e-02
1.680629e+02	1.108680e-02
1.682945e+02	1.108650e-02
1.685291e+02	1.108330e-02
1.687521e+02	1.108250e-02
1.689832e+02	1.108000e-02
1.692081e+02	1.107550e-02
1.694398e+02	1.107400e-02
1.696638e+02	1.107480e-02
1.698964e+02	1.107420e-02
1.701243e+02	1.107110e-02
1.703554e+02	1.107150e-02
1.705838e+02	1.106860e-02
1.708136e+02	1.106770e-02
1.710388e+02	1.106370e-02
1.712683e+02	1.106350e-02
1.715002e+02	1.106220e-02
1.717243e+02	1.105950e-02
1.719551e+02	1.105830e-02
1.721858e+02	1.105590e-02
1.724173e+02	1.105530e-02
1.726535e+02	1.105430e-02
1.728972e+02	1.104820e-02
1.731361e+02	1.104980e-02
1.733613e+02	1.104550e-02
1.735932e+02	1.104430e-02
1.738168e+02	1.104180e-02
1.740399e+02	1.104180e-02
1.742732e+02	1.104080e-02
1.745163e+02	1.103810e-02
1.747405e+02	1.103850e-02
1.749700e+02	1.103870e-02
1.752014e+02	1.103620e-02
1.754306e+02	1.103090e-02
1.756645e+02	1.103090e-02
1.758888e+02	1.102810e-02
1.761226e+02	1.102880e-02
1.763453e+02	1.102360e-02
1.765774e+02	1.102080e-02
1.768079e+02	1.101870e-02
1.770382e+02	1.101930e-02
1.772681e+02	1.101830e-02
1.775052e+02	1.101650e-02
1.777289e+02	1.101520e-02
1.779606e+02	1.101440e-02
1.782060e+02	1.101290e-02
1.784307e+02	1.101160e-02
1.786633e+02	1.100930e-02
1.788866e+02	1.100740e-02
1.791175e+02	1.100710e-02
1.793466e+02	1.100750e-02
1.795749e+02	1.100570e-02
1.798028e+02	1.100470e-02
1.800353e+02	1.100130e-02
1.802648e+02	1.099730e-02
1.804943e+02	1.099930e-02
1.807231e+02	1.099240e-02
1.809575e+02	1.099270e-02
1.812008e+02	1.098940e-02
1.814247e+02	1.099110e-02
1.816540e+02	1.098870e-02
1.818854e+02	1.098790e-02
1.821097e+02	1.098740e-02
1.823374e+02	1.098760e-02
1.825640e+02	1.098620e-02
1.828349e+02	1.098550e-02
1.830595e+02	1.098020e-02
1.832858e+02	1.097790e-02
1.835189e+02	1.097670e-02
1.837429e+02	1.097540e-02
1.839718e+02	1.097650e-02
1.841993e+02	1.097510e-02
1.844336e+02	1.097510e-02
1.846591e+02	1.097120e-02
1.848878e+02	1.096890e-02
1.851172e+02	1.096730e-02
1.853478e+02	1.096550e-02
1.855772e+02	1.096520e-02
1.858021e+02	1.096640e-02
1.860310e+02	1.096200e-02
1.862606e+02	1.096120e-02
1.864850e+02	1.096050e-02
1.867172e+02	1.096040e-02
1.869422e+02	1.095890e-02
1.871694e+02	1.095840e-02
1.873985e+02	1.095540e-02
1.876303e+02	1.095780e-02
1.878594e+02	1.095450e-02
1.880872e+02	1.095500e-02
1.883141e+02	1.095160e-02
1.885452e+02	1.095030e-02
1.888095e+02	1.094920e-02
1.890441e+02	1.094720e-02
1.892674e+02	1.094670e-02
1.894959e+02	1.094750e-02
1.897240e+02	1.094640e-02
1.899555e+02	1.094390e-02
1.902005e+02	1.094550e-02
1.904442e+02	1.094360e-02
1.906676e+02	1.094250e-02
1.909038e+02	1.093950e-02
1.911286e+02	1.093780e-02
1.913609e+02	1.093800e-02
1.915847e+02	1.093680e-02
1.918138e+02	1.093460e-02
1.920445e+02	1.093210e-02
1.922762e+02	1.093030e-02
1.925016e+02	1.092980e-02
1.927302e+02	1.092770e-02
1.929609e+02	1.092950e-02
1.931869e+02	1.092680e-02
1.934185e+02	1.092380e-02
1.936425e+02	1.092490e-02
1.938721e+02	1.092510e-02
1.941062e+02	1.092340e-02
1.943303e+02	1.092320e-02
1.945595e+02	1.092360e-02
1.947856e+02	1.092230e-02
1.950138e+02	1.091970e-02
1.952601e+02	1.091830e-02
1.955053e+02	1.091950e-02
1.957294e+02	1.091800e-02
1.959598e+02	1.091690e-02
1.961902e+02	1.091470e-02
1.964223e+02	1.091400e-02
1.966467e+02	1.091180e-02
1.968736e+02	1.091140e-02
1.971040e+02	1.090950e-02
1.973352e+02	1.091010e-02
1.975633e+02	1.090950e-02
1.977942e+02	1.090910e-02
1.980652e+02	1.090700e-02
1.982919e+02	1.090580e-02
1.985222e+02	1.090120e-02
1.987504e+02	1.090010e-02
1.989812e+02	1.090030e-02
1.992126e+02	1.090170e-02
1.994384e+02	1.090150e-02
1.996667e+02	1.089950e-02
1.998964e+02	1.089920e-02
2.001251e+02	1.089860e-02
2.003522e+02	1.089850e-02
2.005812e+02	1.089630e-02
2.008093e+02	1.089870e-02
2.010393e+02	1.089440e-02
2.012662e+02	1.089350e-02
2.014968e+02	1.089190e-02
2.017195e+02	1.089140e-02
2.019513e+02	1.088940e-02
2.021827e+02	1.089310e-02
2.024063e+02	1.089030e-02
2.026343e+02	1.088940e-02
2.028651e+02	1.088950e-02
2.030923e+02	1.089020e-02
2.033214e+02	1.088800e-02
2.035554e+02	1.088610e-02
2.037793e+02	1.088620e-02
2.040071e+02	1.088410e-02
2.042335e+02	1.088260e-02
2.044674e+02	1.088140e-02
2.046908e+02	1.088180e-02
2.049227e+02	1.088110e-02
2.051478e+02	1.087930e-02
2.053785e+02	1.087690e-02
2.056083e+02	1.087700e-02
2.058401e+02	1.087630e-02
2.060639e+02	1.087460e-02
2.062922e+02	1.087680e-02
2.065180e+02	1.087700e-02
2.067462e+02	1.087230e-02
2.069781e+02	1.087040e-02
2.072214e+02	1.086750e-02
2.074451e+02	1.086970e-02
2.076771e+02	1.087150e-02
2.079038e+02	1.087030e-02
2.081303e+02	1.086610e-02
2.083624e+02	1.086730e-02
2.085955e+02	1.086730e-02
2.088203e+02	1.086760e-02
2.090515e+02	1.086470e-02
2.092835e+02	1.086880e-02
2.095299e+02	1.086660e-02
2.097541e+02	1.086380e-02
2.099810e+02	1.086540e-02
2.102095e+02	1.086220e-02
2.104408e+02	1.085980e-02
2.106686e+02	1.086000e-02
2.108947e+02	1.085900e-02
2.111232e+02	1.085730e-02
2.113533e+02	1.085710e-02
2.115840e+02	1.085700e-02
2.118136e+02	1.085820e-02
2.120410e+02	1.085470e-02
2.122673e+02	1.085720e-02
2.125406e+02	1.085230e-02
2.127645e+02	1.085090e-02
2.129915e+02	1.085230e-02
2.132613e+02	1.085260e-02
2.134923e+02	1.084810e-02
2.137198e+02	1.084820e-02
2.139513e+02	1.084740e-02
2.141769e+02	1.084450e-02
2.144070e+02	1.084980e-02
2.146361e+02	1.084630e-02
2.148664e+02	1.084640e-02
2.150942e+02	1.084480e-02
2.153230e+02	1.084390e-02
2.155562e+02	1.084310e-02
2.157812e+02	1.084330e-02
2.160101e+02	1.084050e-02
2.162373e+02	1.084240e-02
2.164705e+02	1.083980e-02
2.166983e+02	1.084140e-02
2.169287e+02	1.083760e-02
2.171604e+02	1.083860e-02
2.173855e+02	1.083840e-02
2.176152e+02	1.083490e-02
2.178412e+02	1.083600e-02
2.180709e+02	1.083470e-02
2.183042e+02	1.083300e-02
2.185283e+02	1.083530e-02
2.187563e+02	1.083440e-02
2.189893e+02	1.083330e-02
2.192115e+02	1.083130e-02
2.194406e+02	1.083140e-02
2.196712e+02	1.082890e-02
2.198992e+02	1.083140e-02
2.201284e+02	1.083020e-02
2.203605e+02	1.082880e-02
2.206260e+02	1.082830e-02
2.208500e+02	1.082470e-02
2.210777e+02	1.082620e-02
2.213094e+02	1.082430e-02
2.215333e+02	1.082340e-02
2.217680e+02	1.082410e-02
2.220124e+02	1.082260e-02
2.222352e+02	1.082330e-02
2.224637e+02	1.082400e-02
2.226950e+02	1.082540e-02
2.229198e+02	1.082240e-02
2.231461e+02	1.082380e-02
2.233803e+02	1.081960e-02
2.236041e+02	1.082240e-02
2.238331e+02	1.082220e-02
2.240667e+02	1.081870e-02
2.242898e+02	1.082050e-02
2.245198e+02	1.081740e-02
2.247477e+02	1.082040e-02
2.249789e+02	1.081700e-02
2.252039e+02	1.081880e-02
2.254357e+02	1.081840e-02
2.256820e+02	1.081780e-02
2.259114e+02	1.081610e-02
2.261404e+02	1.081560e-02
2.263687e+02	1.081300e-02
2.266012e+02	1.081570e-02
2.268457e+02	1.081430e-02
2.270696e+02	1.081220e-02
2.273045e+02	1.081070e-02
2.275282e+02	1.081000e-02
2.277628e+02	1.081020e-02
2.279863e+02	1.081090e-02
2.282179e+02	1.081000e-02
2.284821e+02	1.080960e-02
2.287113e+02	1.080730e-02
2.289390e+02	1.080740e-02
2.291662e+02	1.080770e-02
2.293981e+02	1.080780e-02
2.296226e+02	1.080550e-02
2.298450e+02	1.080650e-02
2.300762e+02	1.080610e-02
2.303003e+02	1.080730e-02
2.305338e+02	1.080240e-02
2.307579e+02	1.080410e-02
2.309906e+02	1.080400e-02
2.312135e+02	1.080260e-02
2.314421e+02	1.080280e-02
2.316696e+02	1.080220e-02
2.319024e+02	1.080300e-02
2.321429e+02	1.079870e-02
2.323682e+02	1.079810e-02
2.325982e+02	1.079710e-02
2.328242e+02	1.080150e-02
2.330563e+02	1.079850e-02
2.332807e+02	1.079540e-02
2.335136e+02	1.079890e-02
2.337589e+02	1.079480e-02
2.339894e+02	1.079570e-02
2.342197e+02	1.079430e-02
2.344471e+02	1.079330e-02
2.346783e+02	1.079250e-02
2.349023e+02	1.079310e-02
2.351337e+02	1.079150e-02
2.353580e+02	1.079270e-02
2.355864e+02	1.079160e-02
2.358142e+02	1.079150e-02
2.360429e+02	1.079210e-02
2.362741e+02	1.079240e-02
2.365179e+02	1.079280e-02
2.367426e+02	1.079320e-02
2.369767e+02	1.079170e-02
2.371999e+02	1.078950e-02
2.374361e+02	1.078810e-02
2.376611e+02	1.078700e-02
2.378888e+02	1.078650e-02
2.381180e+02	1.078420e-02
2.383493e+02	1.078350e-02
2.385730e+02	1.078200e-02
2.388015e+02	1.078090e-02
2.390345e+02	1.078130e-02
2.392591e+02	1.078430e-02
2.394900e+02	1.078300e-02
2.397213e+02	1.078220e-02
2.399552e+02	1.078340e-02
2.401780e+02	1.078260e-02
2.404072e+02	1.078110e-02
2.406343e+02	1.078340e-02
2.408823e+02	1.078350e-02
2.411097e+02	1.078380e-02
2.413380e+02	1.078340e-02
2.415713e+02	1.078120e-02
2.418012e+02	1.078070e-02
2.420247e+02	1.077660e-02
2.422522e+02	1.077910e-02
2.424826e+02	1.078420e-02
2.427134e+02	1.077820e-02
2.429368e+02	1.077720e-02
2.431660e+02	1.077680e-02
2.433961e+02	1.077440e-02
2.436664e+02	1.077560e-02
2.438980e+02	1.077210e-02
2.441285e+02	1.077450e-02
2.443600e+02	1.077350e-02
2.445836e+02	1.077190e-02
2.448122e+02	1.077270e-02
2.450401e+02	1.077190e-02
2.452699e+02	1.077100e-02
2.454974e+02	1.077220e-02
2.457243e+02	1.077320e-02
2.459604e+02	1.077280e-02
2.461839e+02	1.077090e-02
2.464104e+02	1.076960e-02
2.466355e+02	1.076850e-02
2.468633e+02	1.076840e-02
2.470900e+02	1.076610e-02
2.473172e+02	1.076830e-02
2.475473e+02	1.076640e-02
2.477719e+02	1.076270e-02
2.480023e+02	1.076440e-02
2.482302e+02	1.076540e-02
2.484591e+02	1.076700e-02
2.486870e+02	1.076500e-02
2.489123e+02	1.076510e-02
2.491386e+02	1.076380e-02
2.493672e+02	1.076540e-02
2.495963e+02	1.076780e-02
2.498250e+02	1.076550e-02
2.500524e+02	1.076590e-02
2.502789e+02	1.076450e-02
2.505053e+02	1.076450e-02
2.507319e+02	1.076560e-02
2.509605e+02	1.076640e-02
2.511882e+02	1.076500e-02
2.514162e+02	1.076420e-02
2.516432e+02	1.076410e-02
2.518717e+02	1.076310e-02
2.520998e+02	1.076490e-02
2.523259e+02	1.076510e-02
2.525509e+02	1.076260e-02
2.527805e+02	1.076140e-02
2.530070e+02	1.075940e-02
2.532342e+02	1.075700e-02
2.534614e+02	1.075890e-02
2.536884e+02	1.075940e-02
2.539162e+02	1.076090e-02
2.541413e+02	1.075660e-02
2.543673e+02	1.075490e-02
2.545936e+02	1.075620e-02
2.548203e+02	1.075610e-02
2.550489e+02	1.075560e-02
2.552756e+02	1.075410e-02
2.555008e+02	1.075370e-02
2.557290e+02	1.075220e-02
2.559573e+02	1.075290e-02
2.561863e+02	1.075070e-02
2.564139e+02	1.075180e-02
2.566409e+02	1.075130e-02
2.568691e+02	1.075310e-02
2.570980e+02	1.075010e-02
2.573250e+02	1.075000e-02
2.575531e+02	1.075170e-02
2.577806e+02	1.075270e-02
2.580070e+02	1.075190e-02
2.582363e+02	1.075080e-02
2.584648e+02	1.075060e-02
2.587334e+02	1.074880e-02
2.589584e+02	1.074960e-02
2.591875e+02	1.074930e-02
2.594132e+02	1.074990e-02
2.596397e+02	1.074950e-02
2.598672e+02	1.075260e-02
2.600960e+02	1.075190e-02
2.603208e+02	1.074970e-02
2.605481e+02	1.074870e-02
2.607753e+02	1.074880e-02
2.610030e+02	1.074830e-02
2.612308e+02	1.074970e-02
2.614583e+02	1.075210e-02
2.616859e+02	1.074760e-02
2.619124e+02	1.074950e-02
2.621396e+02	1.074690e-02
2.623675e+02	1.074830e-02
2.625948e+02	1.074780e-02
2.628240e+02	1.074730e-02
2.630541e+02	1.074880e-02
2.632817e+02	1.074820e-02
2.635169e+02	1.074810e-02
2.637398e+02	1.074750e-02
2.639668e+02	1.074580e-02
2.641941e+02	1.074550e-02
2.644233e+02	1.074600e-02
2.646515e+02	1.074520e-02
2.648783e+02	1.074710e-02
2.651073e+02	1.074850e-02
2.653364e+02	1.074530e-02
2.655645e+02	1.074460e-02
2.657915e+02	1.074400e-02
2.660192e+02	1.074640e-02
2.662463e+02	1.074510e-02
2.664734e+02	1.074580e-02
2.667004e+02	1.074430e-02
2.669294e+02	1.074430e-02
2.671562e+02	1.074320e-02
2.673862e+02	1.074310e-02
2.676141e+02	1.074160e-02
2.678431e+02	1.074170e-02
2.680681e+02	1.074060e-02
2.682954e+02	1.073910e-02
2.685235e+02	1.074310e-02
2.687552e+02	1.074280e-02
2.689783e+02	1.074200e-02
2.692051e+02	1.074240e-02
2.694312e+02	1.074120e-02
2.696584e+02	1.074110e-02
2.698862e+02	1.073590e-02
2.701132e+02	1.073660e-02
2.703396e+02	1.073610e-02
2.705670e+02	1.073860e-02
2.707958e+02	1.073820e-02
2.710221e+02	1.073840e-02
2.712507e+02	1.073570e-02
2.714779e+02	1.073730e-02
2.717044e+02	1.073460e-02
2.719321e+02	1.073780e-02
2.721589e+02	1.073520e-02
2.723861e+02	1.073520e-02
2.726133e+02	1.073410e-02
2.728396e+02	1.073610e-02
2.730676e+02	1.073520e-02
2.732942e+02	1.073290e-02
2.735233e+02	1.073440e-02
2.737915e+02	1.073350e-02
2.740603e+02	1.073310e-02
2.742894e+02	1.073290e-02
2.745173e+02	1.073330e-02
2.747465e+02	1.073200e-02
2.749723e+02	1.073280e-02
2.751997e+02	1.073400e-02
2.754271e+02	1.073170e-02
2.756543e+02	1.073130e-02
2.758819e+02	1.072980e-02
2.761108e+02	1.073290e-02
2.763379e+02	1.073170e-02
2.765653e+02	1.073160e-02
2.767924e+02	1.073090e-02
2.770199e+02	1.073040e-02
2.772468e+02	1.073000e-02
2.774758e+02	1.073000e-02
2.777017e+02	1.073150e-02
2.779291e+02	1.072910e-02
2.781563e+02	1.072920e-02
2.783841e+02	1.072960e-02
2.786114e+02	1.073000e-02
2.788408e+02	1.072910e-02
2.790683e+02	1.072790e-02
2.792955e+02	1.072650e-02
2.795223e+02	1.072930e-02
2.797498e+02	1.072610e-02
2.799770e+02	1.072780e-02
2.802017e+02	1.072860e-02
2.804294e+02	1.072700e-02
2.806564e+02	1.072630e-02
2.808863e+02	1.072400e-02
2.811216e+02	1.072640e-02
2.813449e+02	1.072470e-02
2.815852e+02	1.072460e-02
2.818282e+02	1.072680e-02
2.820525e+02	1.072530e-02
2.822814e+02	1.072330e-02
2.825101e+02	1.072320e-02
2.827442e+02	1.072300e-02
2.829695e+02	1.072390e-02
2.832005e+02	1.072290e-02
2.834246e+02	1.072200e-02
2.836546e+02	1.072110e-02
2.838881e+02	1.072290e-02
2.841120e+02	1.072140e-02
2.843421e+02	1.072090e-02
2.845733e+02	1.071900e-02
2.847963e+02	1.071910e-02
2.850302e+02	1.071940e-02
2.852643e+02	1.072050e-02
2.854884e+02	1.072060e-02
2.857222e+02	1.072140e-02
2.859462e+02	1.072110e-02
2.861742e+02	1.071770e-02
2.864063e+02	1.072000e-02
2.866314e+02	1.071960e-02
2.868677e+02	1.071900e-02
2.870919e+02	1.072370e-02
2.873238e+02	1.072250e-02
2.875680e+02	1.072250e-02
2.877911e+02	1.072070e-02
2.880308e+02	1.071860e-02
4.000177e+02	1.065300e-02
4.104625e+02	1.064610e-02
4.106880e+02	1.064660e-02
4.109193e+02	1.064380e-02
4.111631e+02	1.064350e-02
4.113868e+02	1.064440e-02
4.116153e+02	1.064560e-02
4.118454e+02	1.064570e-02
4.120763e+02	1.064900e-02
4.123213e+02	1.064600e-02
4.125449e+02	1.064600e-02
4.127769e+02	1.064730e-02
4.130108e+02	1.064620e-02
4.132342e+02	1.064660e-02
4.134642e+02	1.064580e-02
4.136930e+02	1.064530e-02
4.139222e+02	1.064560e-02
4.141516e+02	1.064740e-02
4.143804e+02	1.064630e-02
4.146307e+02	1.064660e-02
4.148613e+02	1.064900e-02
4.151443e+02	1.064550e-02
4.153695e+02	1.064580e-02
4.156042e+02	1.064340e-02
4.158274e+02	1.064600e-02
4.160580e+02	1.064490e-02
4.162831e+02	1.064700e-02
4.165191e+02	1.064350e-02
4.167436e+02	1.064420e-02
4.169772e+02	1.064410e-02
4.172003e+02	1.064340e-02
4.174293e+02	1.064280e-02
4.176780e+02	1.064330e-02
4.179106e+02	1.064270e-02
4.181344e+02	1.064460e-02
4.183644e+02	1.064370e-02
4.185966e+02	1.064530e-02
4.188212e+02	1.064470e-02
4.190561e+02	1.064250e-02
4.192793e+02	1.064480e-02
4.195070e+02	1.064080e-02
4.197334e+02	1.064130e-02
4.199609e+02	1.064120e-02
4.201936e+02	1.064250e-02
4.204166e+02	1.064030e-02
4.206471e+02	1.063780e-02
4.208809e+02	1.063560e-02
4.211046e+02	1.064020e-02
4.213320e+02	1.063860e-02
4.215681e+02	1.064320e-02
4.217917e+02	1.064310e-02
4.220251e+02	1.064190e-02
4.222488e+02	1.064030e-02
4.224857e+02	1.064230e-02
4.227094e+02	1.064150e-02
4.229446e+02	1.064450e-02
4.231698e+02	1.064240e-02
4.233970e+02	1.064240e-02
4.236287e+02	1.064380e-02
4.238535e+02	1.064290e-02
4.240847e+02	1.064130e-02
4.243093e+02	1.064280e-02
4.245407e+02	1.064200e-02
4.247711e+02	1.064260e-02
4.249960e+02	1.064220e-02
4.252288e+02	1.064140e-02
4.254530e+02	1.064250e-02
4.256861e+02	1.064180e-02
4.259285e+02	1.064240e-02
4.261537e+02	1.064310e-02
4.263866e+02	1.064200e-02
4.266110e+02	1.064130e-02
4.268421e+02	1.064240e-02
4.270852e+02	1.064250e-02
4.273306e+02	1.064220e-02
4.275552e+02	1.064090e-02
4.277843e+02	1.064200e-02
4.280151e+02	1.063850e-02
4.282398e+02	1.064080e-02
4.284711e+02	1.063980e-02
4.286960e+02	1.064390e-02
4.289303e+02	1.064210e-02
4.291541e+02	1.063920e-02
4.293822e+02	1.063680e-02
4.296134e+02	1.063730e-02
4.298437e+02	1.063720e-02
4.300679e+02	1.063610e-02
4.303371e+02	1.063620e-02
4.305666e+02	1.063770e-02
4.307951e+02	1.063710e-02
4.310343e+02	1.063930e-02
4.312599e+02	1.063970e-02
4.314894e+02	1.064080e-02
4.317184e+02	1.064030e-02
4.319492e+02	1.063960e-02
4.321928e+02	1.064030e-02
4.324175e+02	1.063880e-02
4.326452e+02	1.063880e-02
4.328783e+02	1.063670e-02
4.331122e+02	1.063740e-02
4.333362e+02	1.063670e-02
4.335682e+02	1.063580e-02
4.337923e+02	1.063550e-02
4.340241e+02	1.063490e-02
4.342492e+02	1.063690e-02
4.344783e+02	1.063960e-02
4.347038e+02	1.063390e-02
4.349313e+02	1.063870e-02
4.351591e+02	1.063720e-02
4.353890e+02	1.063840e-02
4.356206e+02	1.063700e-02
4.358452e+02	1.063400e-02
4.360782e+02	1.063560e-02
4.363024e+02	1.063820e-02
4.365334e+02	1.063550e-02
4.367581e+02	1.063670e-02
4.370098e+02	1.063760e-02
4.372403e+02	1.063690e-02
4.374637e+02	1.063910e-02
4.376919e+02	1.063640e-02
4.379225e+02	1.063650e-02
4.381542e+02	1.063940e-02
4.383779e+02	1.063740e-02
4.386068e+02	1.063650e-02
4.388391e+02	1.063770e-02
4.390631e+02	1.064030e-02
4.392956e+02	1.063730e-02
4.395203e+02	1.063910e-02
4.397481e+02	1.063850e-02
4.399808e+02	1.063710e-02
4.402102e+02	1.063590e-02
4.404403e+02	1.063700e-02
4.406734e+02	1.063280e-02
4.408990e+02	1.063700e-02
4.411316e+02	1.063720e-02
4.413547e+02	1.063610e-02
4.415882e+02	1.063470e-02
4.418123e+02	1.063590e-02
4.420449e+02	1.063530e-02
4.422683e+02	1.063610e-02
4.424973e+02	1.063310e-02
4.427261e+02	1.063440e-02
4.429581e+02	1.063470e-02
4.431822e+02	1.063410e-02
4.434198e+02	1.063310e-02
4.436425e+02	1.063580e-02
4.438716e+02	1.063490e-02
4.440999e+02	1.063240e-02
4.443319e+02	1.063300e-02
4.445545e+02	1.063620e-02
4.447859e+02	1.063320e-02
4.450101e+02	1.063140e-02
4.452375e+02	1.063310e-02
4.455088e+02	1.063190e-02
4.457472e+02	1.063260e-02
4.459721e+02	1.063420e-02
4.462044e+02	1.063300e-02
4.464283e+02	1.063200e-02
4.466571e+02	1.063210e-02
4.468867e+02	1.062980e-02
4.471115e+02	1.063090e-02
4.473501e+02	1.063220e-02
4.475750e+02	1.063290e-02
4.478122e+02	1.063080e-02
4.480365e+02	1.062920e-02
4.482671e+02	1.063000e-02
4.484912e+02	1.062980e-02
4.487245e+02	1.063000e-02
4.489482e+02	1.063050e-02
4.492011e+02	1.062910e-02
4.494249e+02	1.062910e-02
4.496524e+02	1.062970e-02
4.498821e+02	1.062730e-02
4.501152e+02	1.062970e-02
4.503396e+02	1.062850e-02
4.505722e+02	1.062890e-02
4.507952e+02	1.063020e-02
4.510225e+02	1.062880e-02
4.512541e+02	1.062720e-02
4.514795e+02	1.063050e-02
4.517060e+02	1.062980e-02
4.519392e+02	1.063060e-02
4.521645e+02	1.063030e-02
4.523881e+02	1.062990e-02
4.526189e+02	1.062770e-02
4.528418e+02	1.063000e-02
4.530714e+02	1.063070e-02
4.532966e+02	1.062940e-02
4.535260e+02	1.062890e-02
4.537538e+02	1.062790e-02
4.539873e+02	1.062870e-02
4.542109e+02	1.062590e-02
4.544432e+02	1.062600e-02
4.546682e+02	1.062840e-02
4.548992e+02	1.062700e-02
4.551262e+02	1.062890e-02
4.553631e+02	1.062670e-02
4.555871e+02	1.062850e-02
4.558182e+02	1.062810e-02
4.560422e+02	1.062700e-02
4.562913e+02	1.063130e-02
4.565358e+02	1.062580e-02
4.567596e+02	1.062870e-02
4.569973e+02	1.062850e-02
4.572232e+02	1.062700e-02
4.574579e+02	1.062670e-02
4.576849e+02	1.062740e-02
4.579142e+02	1.062950e-02
4.581420e+02	1.063140e-02
4.583757e+02	1.062910e-02
4.586043e+02	1.062770e-02
4.588322e+02	1.062700e-02
4.590631e+02	1.062640e-02
4.592887e+02	1.062680e-02
4.595211e+02	1.062560e-02
4.597447e+02	1.062630e-02
4.599739e+02	1.062920e-02
4.602010e+02	1.063210e-02
4.604338e+02	1.063040e-02
4.607046e+02	1.062680e-02
4.609281e+02	1.062660e-02
4.611555e+02	1.062950e-02
4.613870e+02	1.062910e-02
4.616119e+02	1.062980e-02
4.618420e+02	1.063030e-02
4.620657e+02	1.062880e-02
4.622944e+02	1.063080e-02
4.625275e+02	1.063010e-02
4.627565e+02	1.062770e-02
4.629839e+02	1.062970e-02
4.632150e+02	1.062780e-02
4.634476e+02	1.063070e-02
4.636711e+02	1.063020e-02
4.639035e+02	1.062860e-02
4.641288e+02	1.062670e-02
4.643613e+02	1.062750e-02
4.646044e+02	1.062860e-02
4.648283e+02	1.062710e-02
4.650549e+02	1.062930e-02
4.652889e+02	1.062710e-02
4.655116e+02	1.062610e-02
4.657421e+02	1.062500e-02
4.659674e+02	1.062820e-02
4.662002e+02	1.062440e-02
4.664242e+02	1.062400e-02
4.666573e+02	1.062640e-02
4.668816e+02	1.062520e-02
4.671082e+02	1.062670e-02
4.673373e+02	1.062960e-02
4.675718e+02	1.062570e-02
4.677957e+02	1.062440e-02
4.680307e+02	1.062540e-02
4.682549e+02	1.062510e-02
4.684886e+02	1.062780e-02
4.687129e+02	1.062530e-02
4.689403e+02	1.062660e-02
4.691729e+02	1.062490e-02
4.694020e+02	1.062710e-02
4.696275e+02	1.062810e-02
4.698606e+02	1.062610e-02
4.700830e+02	1.062580e-02
4.703141e+02	1.062660e-02
4.705391e+02	1.062540e-02
4.707682e+02	1.062470e-02
4.710039e+02	1.062640e-02
4.712323e+02	1.062760e-02
4.714883e+02	1.062690e-02
4.717324e+02	1.062640e-02
4.719579e+02	1.062790e-02
4.721850e+02	1.062640e-02
4.724141e+02	1.062810e-02
4.726465e+02	1.062470e-02
4.728702e+02	1.062440e-02
4.730969e+02	1.062480e-02
4.733285e+02	1.062630e-02
4.735614e+02	1.062810e-02
4.737861e+02	1.062630e-02
4.740173e+02	1.062360e-02
4.742472e+02	1.062480e-02
4.744709e+02	1.062690e-02
4.746997e+02	1.062700e-02
4.749311e+02	1.062720e-02
4.751557e+02	1.062610e-02
4.753887e+02	1.062440e-02
4.756132e+02	1.062300e-02
4.758861e+02	1.062630e-02
4.761103e+02	1.062480e-02
4.763376e+02	1.062440e-02
4.765701e+02	1.062600e-02
4.767952e+02	1.062620e-02
4.770256e+02	1.062510e-02
4.772507e+02	1.062560e-02
4.774834e+02	1.062590e-02
4.777084e+02	1.062380e-02
4.779391e+02	1.062460e-02
4.781625e+02	1.062390e-02
4.783946e+02	1.062320e-02
4.786336e+02	1.062620e-02
4.788590e+02	1.062490e-02
4.790882e+02	1.062650e-02
4.793212e+02	1.062320e-02
4.795461e+02	1.062420e-02
4.797744e+02	1.062560e-02
4.800080e+02	1.062760e-02
4.802319e+02	1.062290e-02
4.804648e+02	1.062100e-02
4.806872e+02	1.062270e-02
4.809169e+02	1.062210e-02
4.811453e+02	1.062290e-02
4.813766e+02	1.062410e-02
4.816011e+02	1.062670e-02
4.818310e+02	1.062150e-02
4.820581e+02	1.062400e-02
4.822891e+02	1.062000e-02
4.825132e+02	1.061970e-02
4.827437e+02	1.062170e-02
4.829690e+02	1.062350e-02
4.832001e+02	1.062390e-02
4.834285e+02	1.062260e-02
4.836809e+02	1.062350e-02
4.839056e+02	1.062300e-02
4.841359e+02	1.062460e-02
4.843652e+02	1.062220e-02
4.845976e+02	1.062410e-02
4.848212e+02	1.062490e-02
4.850507e+02	1.062120e-02
4.852808e+02	1.062400e-02
4.855112e+02	1.062330e-02
4.857419e+02	1.062250e-02
4.859648e+02	1.062070e-02
4.861937e+02	1.062060e-02
4.864238e+02	1.061810e-02
4.866474e+02	1.062160e-02
4.868777e+02	1.062150e-02
4.871010e+02	1.062100e-02
4.873287e+02	1.062360e-02
4.875557e+02	1.062260e-02
4.877866e+02	1.062110e-02
4.880100e+02	1.062160e-02
4.882379e+02	1.062440e-02
4.884681e+02	1.062140e-02
4.886991e+02	1.062220e-02
4.889244e+02	1.062350e-02
4.891572e+02	1.062320e-02
4.893806e+02	1.062570e-02
4.896081e+02	1.061950e-02
4.898387e+02	1.062000e-02
4.900622e+02	1.061970e-02
4.902922e+02	1.062020e-02
4.905258e+02	1.061950e-02
4.907487e+02	1.061970e-02
4.910182e+02	1.062220e-02
4.912489e+02	1.062140e-02
4.914725e+02	1.062020e-02
4.917013e+02	1.061980e-02
4.919246e+02	1.061900e-02
4.921524e+02	1.062080e-02
4.923812e+02	1.062030e-02
4.926136e+02	1.062070e-02
4.928380e+02	1.061880e-02
4.930662e+02	1.062350e-02
4.933002e+02	1.062100e-02
4.935248e+02	1.062070e-02
4.937539e+02	1.062020e-02
4.939791e+02	1.062150e-02
4.942072e+02	1.061960e-02
4.944321e+02	1.061840e-02
4.946623e+02	1.061850e-02
4.948862e+02	1.061940e-02
4.951174e+02	1.061720e-02
4.953419e+02	1.061550e-02
4.955693e+02	1.061640e-02
4.958002e+02	1.061660e-02
4.960246e+02	1.061650e-02
4.962531e+02	1.061580e-02
4.964856e+02	1.062000e-02
4.967298e+02	1.061840e-02
4.969536e+02	1.061710e-02
4.971868e+02	1.061780e-02
4.974114e+02	1.061700e-02
4.976403e+02	1.062010e-02
4.978698e+02	1.061760e-02
4.981027e+02	1.061570e-02
4.983317e+02	1.061790e-02
4.985620e+02	1.061940e-02
4.987849e+02	1.061850e-02
4.990132e+02	1.061790e-02
4.992464e+02	1.061920e-02
4.994711e+02	1.061970e-02
4.996981e+02	1.062310e-02
4.999443e+02	1.062010e-02
5.001748e+02	1.061810e-02
5.004005e+02	1.061880e-02
5.006301e+02	1.061570e-02
5.008582e+02	1.061910e-02
5.010910e+02	1.062240e-02
5.013362e+02	1.062150e-02
5.015601e+02	1.061890e-02
5.017892e+02	1.061820e-02
5.020203e+02	1.061930e-02
5.022450e+02	1.061910e-02
5.024801e+02	1.061940e-02
5.027032e+02	1.061840e-02
5.029358e+02	1.061960e-02
5.031599e+02	1.061850e-02
5.033889e+02	1.061780e-02
5.036225e+02	1.061980e-02
5.038461e+02	1.061580e-02
5.040727e+02	1.061800e-02
5.043012e+02	1.062070e-02
5.045346e+02	1.062150e-02
5.047652e+02	1.061790e-02
5.050097e+02	1.061940e-02
5.052402e+02	1.061840e-02
5.054660e+02	1.061930e-02
5.056941e+02	1.061870e-02
5.059248e+02	1.062110e-02
5.062090e+02	1.062170e-02
5.064315e+02	1.062210e-02
5.066592e+02	1.062140e-02
5.068933e+02	1.062030e-02
5.071382e+02	1.062010e-02
5.073615e+02	1.062110e-02
5.075943e+02	1.062330e-02
5.078185e+02	1.062210e-02
5.080473e+02	1.061990e-02
5.082819e+02	1.061850e-02
5.085062e+02	1.061930e-02
5.087359e+02	1.061980e-02
5.089662e+02	1.061890e-02
5.091992e+02	1.062460e-02
5.094303e+02	1.062360e-02
5.096584e+02	1.062160e-02
5.098891e+02	1.062180e-02
5.101131e+02	1.062070e-02
5.103403e+02	1.062190e-02
5.105677e+02	1.062080e-02
5.107982e+02	1.062290e-02
5.110493e+02	1.061750e-02
5.112732e+02	1.062110e-02
5.115069e+02	1.062070e-02
5.117306e+02	1.062050e-02
5.119593e+02	1.062040e-02
5.121959e+02	1.062100e-02
5.124209e+02	1.061750e-02
5.126513e+02	1.062040e-02
5.128852e+02	1.061800e-02
5.131097e+02	1.062190e-02
5.133378e+02	1.061930e-02
5.135696e+02	1.061800e-02
5.137942e+02	1.061690e-02
5.140250e+02	1.061810e-02
5.142685e+02	1.061770e-02
5.145132e+02	1.061540e-02
5.147573e+02	1.061800e-02
5.150016e+02	1.061750e-02
5.152250e+02	1.061770e-02
5.154550e+02	1.061990e-02
5.156891e+02	1.061930e-02
5.159131e+02	1.061970e-02
5.161443e+02	1.061410e-02
5.163822e+02	1.061800e-02
5.166108e+02	1.062050e-02
5.168407e+02	1.061750e-02
5.170939e+02	1.061780e-02
5.173222e+02	1.061750e-02
5.175532e+02	1.061570e-02
5.177834e+02	1.061690e-02
5.180275e+02	1.061400e-02
5.182519e+02	1.061530e-02
5.184885e+02	1.061690e-02
5.187119e+02	1.061870e-02
5.189444e+02	1.061810e-02
5.191688e+02	1.061880e-02
5.194011e+02	1.061830e-02
5.196302e+02	1.061990e-02
5.198662e+02	1.061760e-02
5.200907e+02	1.061900e-02
5.203213e+02	1.061590e-02
5.205535e+02	1.061780e-02
5.207782e+02	1.061600e-02
5.210137e+02	1.061690e-02
5.212791e+02	1.061940e-02
5.215058e+02	1.061970e-02
5.217353e+02	1.061770e-02
5.219665e+02	1.061840e-02
5.221904e+02	1.061840e-02
5.224233e+02	1.062070e-02
5.226475e+02	1.061760e-02
5.228816e+02	1.061780e-02
5.231061e+02	1.061960e-02
5.233412e+02	1.061920e-02
5.235661e+02	1.061980e-02
5.237980e+02	1.061770e-02
5.240232e+02	1.061900e-02
5.242544e+02	1.061940e-02
5.244889e+02	1.061770e-02
5.247132e+02	1.061930e-02
5.249442e+02	1.061790e-02
5.251881e+02	1.061720e-02
5.254129e+02	1.061820e-02
5.256503e+02	1.061850e-02
5.258743e+02	1.061880e-02
5.261055e+02	1.061690e-02
5.263290e+02	1.061610e-02
5.265633e+02	1.061900e-02
5.267890e+02	1.061870e-02
5.270241e+02	1.061990e-02
5.272694e+02	1.061690e-02
5.274923e+02	1.061580e-02
5.277212e+02	1.061630e-02
5.279559e+02	1.061530e-02
5.281804e+02	1.061770e-02
5.284069e+02	1.061540e-02
5.286400e+02	1.061570e-02
5.288647e+02	1.061750e-02
5.290930e+02	1.061540e-02
5.293214e+02	1.061560e-02
5.295534e+02	1.061630e-02
5.297901e+02	1.061260e-02
5.300154e+02	1.061360e-02
5.302490e+02	1.061510e-02
5.304733e+02	1.061370e-02
5.307045e+02	1.061330e-02
5.309292e+02	1.061150e-02
5.311643e+02	1.061330e-02
5.313882e+02	1.061280e-02
5.316313e+02	1.061130e-02
5.318586e+02	1.061300e-02
5.320939e+02	1.061560e-02
5.323269e+02	1.061460e-02
5.325509e+02	1.061530e-02
5.327801e+02	1.061470e-02
5.330114e+02	1.061640e-02
5.332361e+02	1.061450e-02
5.334651e+02	1.061520e-02
5.336971e+02	1.061460e-02
5.339210e+02	1.061480e-02
5.341506e+02	1.061330e-02
5.343756e+02	1.061430e-02
5.346108e+02	1.061650e-02
5.348553e+02	1.061560e-02
5.350791e+02	1.061790e-02
5.353132e+02	1.061700e-02
5.355371e+02	1.061590e-02
5.357644e+02	1.061340e-02
5.359972e+02	1.061510e-02
5.362240e+02	1.061530e-02
5.364982e+02	1.061450e-02
5.367427e+02	1.061840e-02
5.369847e+02	1.061760e-02
5.372102e+02	1.061750e-02
5.374439e+02	1.061520e-02
5.376742e+02	1.061500e-02
5.379192e+02	1.061460e-02
5.381426e+02	1.061690e-02
5.383724e+02	1.061640e-02
5.386030e+02	1.061490e-02
5.388496e+02	1.061260e-02
5.390736e+02	1.061340e-02
5.393038e+02	1.061360e-02
5.395412e+02	1.061300e-02
5.397652e+02	1.061420e-02
5.399970e+02	1.061270e-02
5.402204e+02	1.061240e-02
5.404538e+02	1.061050e-02
5.406976e+02	1.061110e-02
5.409207e+02	1.061170e-02
5.411535e+02	1.061350e-02
5.413884e+02	1.061500e-02
5.416117e+02	1.061190e-02
5.418469e+02	1.061020e-02
5.420702e+02	1.061100e-02
5.423035e+02	1.061190e-02
5.425273e+02	1.061220e-02
