Tiempo	Corriente
8.425630e-01	1.085140e-02
1.107482e+00	1.083290e-02
1.353404e+00	1.083360e-02
1.600493e+00	1.082720e-02
1.863465e+00	1.082170e-02
2.105607e+00	1.082040e-02
2.349420e+00	1.082070e-02
2.593794e+00	1.082690e-02
2.819712e+00	1.082510e-02
3.048904e+00	1.082550e-02
3.275331e+00	1.082180e-02
3.506714e+00	1.081200e-02
3.735585e+00	1.082230e-02
3.962529e+00	1.082520e-02
4.195745e+00	1.082350e-02
4.427501e+00	1.082310e-02
4.656852e+00	1.082280e-02
4.886209e+00	1.082130e-02
5.116326e+00	1.082240e-02
5.346200e+00	1.082130e-02
5.573927e+00	1.082070e-02
5.800781e+00	1.081480e-02
6.030629e+00	1.081490e-02
6.260349e+00	1.081680e-02
6.490228e+00	1.081600e-02
6.719267e+00	1.082040e-02
6.965548e+00	1.081890e-02
7.189878e+00	1.081830e-02
7.416669e+00	1.081900e-02
7.647852e+00	1.082170e-02
7.878005e+00	1.082070e-02
8.100585e+00	1.082160e-02
8.330568e+00	1.081940e-02
8.567071e+00	1.081950e-02
8.795933e+00	1.081690e-02
9.022558e+00	1.081260e-02
9.249507e+00	1.082040e-02
9.477925e+00	1.082140e-02
9.708655e+00	1.081910e-02
9.942560e+00	1.082380e-02
1.018725e+01	1.081880e-02
1.041087e+01	1.077950e-02
1.063940e+01	1.079220e-02
1.086804e+01	1.081580e-02
1.109742e+01	1.080490e-02
1.132179e+01	1.081480e-02
1.155552e+01	1.081810e-02
1.177865e+01	1.081390e-02
1.202771e+01	1.081330e-02
1.225170e+01	1.081650e-02
1.247974e+01	1.079560e-02
1.270784e+01	1.081760e-02
1.293724e+01	1.080120e-02
1.316219e+01	1.080960e-02
1.339225e+01	1.077650e-02
1.362435e+01	1.081680e-02
1.384997e+01	1.081230e-02
1.408055e+01	1.081790e-02
1.431337e+01	1.077800e-02
1.454391e+01	1.081860e-02
1.477052e+01	1.081640e-02
1.499959e+01	1.081740e-02
1.523227e+01	1.081920e-02
1.546286e+01	1.081920e-02
1.573184e+01	1.077840e-02
1.596337e+01	1.077980e-02
1.618744e+01	1.081840e-02
1.641693e+01	1.081830e-02
1.664848e+01	1.081600e-02
1.688192e+01	1.080760e-02
1.710988e+01	1.081780e-02
1.734443e+01	1.078380e-02
1.756952e+01	1.081840e-02
1.779827e+01	1.081800e-02
1.803079e+01	1.081600e-02
1.825354e+01	1.081440e-02
1.848359e+01	1.081310e-02
1.871638e+01	1.081510e-02
1.894398e+01	1.081430e-02
1.917405e+01	1.081560e-02
1.940375e+01	1.081130e-02
1.962938e+01	1.081040e-02
1.986102e+01	1.081100e-02
2.010652e+01	1.080510e-02
2.033034e+01	1.081160e-02
2.055772e+01	1.081140e-02
2.078429e+01	1.081420e-02
2.101440e+01	1.081340e-02
2.124740e+01	1.081400e-02
2.147412e+01	1.080880e-02
2.170150e+01	1.081550e-02
2.193338e+01	1.081250e-02
2.215724e+01	1.080930e-02
2.238563e+01	1.081330e-02
2.261586e+01	1.080880e-02
2.284924e+01	1.081130e-02
2.309375e+01	1.081180e-02
2.333742e+01	1.080890e-02
2.356202e+01	1.081010e-02
2.378978e+01	1.081140e-02
2.402026e+01	1.081220e-02
2.425225e+01	1.081250e-02
2.447730e+01	1.081350e-02
2.470719e+01	1.081290e-02
2.493465e+01	1.081190e-02
2.518443e+01	1.081170e-02
2.540938e+01	1.081090e-02
2.563739e+01	1.080940e-02
2.586837e+01	1.081500e-02
2.609533e+01	1.079690e-02
2.633097e+01	1.081370e-02
2.655524e+01	1.081350e-02
2.678484e+01	1.081760e-02
2.701305e+01	1.081390e-02
2.723976e+01	1.081190e-02
2.747136e+01	1.080950e-02
2.769908e+01	1.080780e-02
2.792961e+01	1.080960e-02
2.815537e+01	1.081030e-02
2.839009e+01	1.081260e-02
2.861486e+01	1.080880e-02
2.884097e+01	1.080890e-02
2.907332e+01	1.081020e-02
2.930246e+01	1.080820e-02
2.953034e+01	1.080740e-02
2.975757e+01	1.080970e-02
2.998951e+01	1.081000e-02
3.021472e+01	1.081020e-02
3.044419e+01	1.081070e-02
3.067627e+01	1.081240e-02
3.094537e+01	1.080700e-02
3.117537e+01	1.080920e-02
3.139853e+01	1.080960e-02
3.162654e+01	1.080760e-02
3.186025e+01	1.080980e-02
3.209032e+01	1.081170e-02
3.231862e+01	1.080930e-02
3.254379e+01	1.080940e-02
3.277585e+01	1.080580e-02
3.300072e+01	1.081120e-02
3.322897e+01	1.080840e-02
3.346105e+01	1.081140e-02
3.370554e+01	1.080730e-02
3.393902e+01	1.081090e-02
3.417033e+01	1.081070e-02
3.439531e+01	1.080890e-02
3.462623e+01	1.080800e-02
3.485458e+01	1.080750e-02
3.508601e+01	1.080700e-02
3.531130e+01	1.238040e-02
3.554024e+01	1.242710e-02
3.576685e+01	1.244080e-02
3.599414e+01	1.244340e-02
3.622736e+01	1.244070e-02
3.645138e+01	1.243870e-02
3.668159e+01	1.243870e-02
3.690693e+01	1.244280e-02
3.713727e+01	1.243730e-02
3.736681e+01	1.244060e-02
3.759845e+01	1.243600e-02
3.782325e+01	1.242620e-02
3.804923e+01	1.243780e-02
3.828008e+01	1.243220e-02
3.850419e+01	1.243610e-02
3.873169e+01	1.244440e-02
3.896306e+01	1.243980e-02
3.918865e+01	1.239470e-02
3.941736e+01	1.239170e-02
3.964770e+01	1.239770e-02
3.987529e+01	1.239540e-02
4.010649e+01	1.239580e-02
4.035039e+01	1.239830e-02
4.057942e+01	1.240170e-02
4.080730e+01	1.239580e-02
4.103690e+01	1.239310e-02
4.126809e+01	1.239630e-02
4.149137e+01	1.238550e-02
4.171729e+01	1.237830e-02
4.194676e+01	1.238470e-02
4.217956e+01	1.238980e-02
4.240786e+01	1.238540e-02
4.263864e+01	1.239040e-02
4.286599e+01	1.239340e-02
4.309327e+01	1.239470e-02
4.332337e+01	1.239570e-02
4.354989e+01	1.239680e-02
4.378043e+01	1.239330e-02
4.401548e+01	1.238620e-02
4.423838e+01	1.238970e-02
4.447070e+01	1.238780e-02
4.470053e+01	1.239190e-02
4.492582e+01	1.239250e-02
4.515670e+01	1.239310e-02
4.538131e+01	1.238940e-02
4.561263e+01	1.238730e-02
4.584014e+01	1.238750e-02
4.611021e+01	1.239570e-02
4.633752e+01	1.237780e-02
4.657624e+01	1.238580e-02
4.680024e+01	1.238790e-02
4.702901e+01	1.239350e-02
4.725518e+01	1.239030e-02
4.748653e+01	1.238750e-02
4.771128e+01	1.238730e-02
4.793870e+01	1.238210e-02
4.816615e+01	1.238170e-02
4.839604e+01	1.238440e-02
4.863163e+01	1.238120e-02
4.885607e+01	1.237950e-02
4.908549e+01	1.237660e-02
4.931824e+01	1.238210e-02
4.954725e+01	1.237770e-02
4.977264e+01	1.238290e-02
5.000068e+01	1.238090e-02
5.023587e+01	1.237920e-02
5.046047e+01	1.237850e-02
5.068784e+01	1.237460e-02
5.091508e+01	1.237610e-02
5.114474e+01	1.237400e-02
5.138011e+01	1.237300e-02
5.160424e+01	1.237720e-02
5.183146e+01	1.237880e-02
5.205840e+01	1.237000e-02
5.228754e+01	1.236310e-02
5.251525e+01	1.237560e-02
5.274119e+01	1.237340e-02
5.297438e+01	1.237190e-02
5.321720e+01	1.237020e-02
5.344086e+01	1.236770e-02
5.366826e+01	1.236300e-02
5.389599e+01	1.235290e-02
5.412764e+01	1.236570e-02
5.435693e+01	1.236760e-02
5.460487e+01	1.235970e-02
5.483571e+01	1.237190e-02
5.505973e+01	1.237130e-02
5.528652e+01	1.236560e-02
5.551489e+01	1.236500e-02
5.575211e+01	1.236640e-02
5.597674e+01	1.236280e-02
5.620651e+01	1.236560e-02
5.643510e+01	1.237050e-02
5.666150e+01	1.237220e-02
5.689067e+01	1.236840e-02
5.711814e+01	1.236900e-02
5.734616e+01	1.236790e-02
5.757466e+01	1.236600e-02
5.780820e+01	1.236180e-02
5.803264e+01	1.236580e-02
5.826073e+01	1.236320e-02
5.848919e+01	1.235760e-02
5.872280e+01	1.235920e-02
5.894798e+01	1.235750e-02
5.917634e+01	1.235290e-02
5.940417e+01	1.235410e-02
5.965438e+01	1.236100e-02
5.988326e+01	1.235520e-02
6.011189e+01	1.235750e-02
6.034005e+01	1.235820e-02
6.056625e+01	1.235620e-02
6.078865e+01	1.236280e-02
6.101626e+01	1.235920e-02
6.128781e+01	1.235920e-02
6.151199e+01	1.235860e-02
6.173981e+01	1.236270e-02
6.196692e+01	1.236170e-02
6.219616e+01	1.236050e-02
6.242545e+01	1.235510e-02
6.265148e+01	1.236260e-02
6.288912e+01	1.235190e-02
6.311216e+01	1.235010e-02
6.334104e+01	1.235090e-02
6.356822e+01	1.235520e-02
6.379685e+01	1.235240e-02
6.402675e+01	1.235680e-02
6.426426e+01	1.235660e-02
6.448717e+01	1.236330e-02
6.473822e+01	1.236290e-02
6.496707e+01	1.235840e-02
6.519441e+01	1.235800e-02
6.542246e+01	1.235500e-02
6.565469e+01	1.235570e-02
6.587913e+01	1.235640e-02
6.610724e+01	1.235950e-02
6.633533e+01	1.235820e-02
6.656397e+01	1.235990e-02
6.679186e+01	1.235630e-02
6.702081e+01	1.236280e-02
6.724826e+01	1.236010e-02
6.748042e+01	1.236230e-02
6.771033e+01	1.235420e-02
6.794091e+01	1.235360e-02
6.816788e+01	1.235650e-02
6.840027e+01	1.235460e-02
6.864430e+01	1.235840e-02
6.888865e+01	1.235730e-02
6.913182e+01	1.235440e-02
6.935567e+01	1.236260e-02
6.958364e+01	1.235730e-02
6.981051e+01	1.235770e-02
7.003820e+01	1.235660e-02
7.026627e+01	1.235630e-02
7.049931e+01	1.236160e-02
7.073086e+01	1.236010e-02
7.095339e+01	1.235750e-02
7.118311e+01	1.235470e-02
7.141084e+01	1.234820e-02
7.164324e+01	1.235300e-02
7.187295e+01	1.235060e-02
7.210112e+01	1.234950e-02
7.233357e+01	1.234990e-02
7.255682e+01	1.235460e-02
7.278431e+01	1.235300e-02
7.301407e+01	1.235130e-02
7.324577e+01	1.235110e-02
7.347103e+01	1.234690e-02
7.370230e+01	1.234820e-02
7.392547e+01	1.234200e-02
7.415414e+01	1.235390e-02
7.438499e+01	1.234840e-02
7.461320e+01	1.234530e-02
7.484060e+01	1.234650e-02
7.506667e+01	1.234930e-02
7.529403e+01	1.233930e-02
7.552594e+01	1.233470e-02
7.575522e+01	1.234100e-02
7.598432e+01	1.234770e-02
7.621430e+01	1.234600e-02
7.649038e+01	1.234900e-02
7.671600e+01	1.233980e-02
7.694755e+01	1.234060e-02
7.717300e+01	1.233780e-02
7.740295e+01	1.233910e-02
7.763091e+01	1.234050e-02
7.786010e+01	1.234660e-02
7.808947e+01	1.233920e-02
7.832018e+01	1.234000e-02
7.854812e+01	1.234120e-02
7.877407e+01	1.234110e-02
7.900216e+01	1.234020e-02
7.923083e+01	1.234080e-02
7.946193e+01	1.233440e-02
7.968625e+01	1.233780e-02
7.991357e+01	1.233470e-02
8.014179e+01	1.233620e-02
8.037484e+01	1.233190e-02
8.060001e+01	1.233120e-02
8.082822e+01	1.233340e-02
8.105739e+01	1.232600e-02
8.128928e+01	1.233050e-02
8.152052e+01	1.232550e-02
8.174362e+01	1.233300e-02
8.197357e+01	1.233200e-02
8.220184e+01	1.233530e-02
8.242903e+01	1.232890e-02
8.265670e+01	1.233150e-02
8.288637e+01	1.233500e-02
8.311690e+01	1.233470e-02
8.334090e+01	1.234110e-02
8.356933e+01	1.233150e-02
8.379748e+01	1.233950e-02
8.402707e+01	1.234440e-02
8.427672e+01	1.234110e-02
8.450772e+01	1.234010e-02
8.473579e+01	1.233910e-02
8.498376e+01	1.233680e-02
8.521256e+01	1.233890e-02
8.543995e+01	1.234140e-02
8.567019e+01	1.233510e-02
8.589704e+01	1.233460e-02
8.613099e+01	1.233480e-02
8.635478e+01	1.233270e-02
8.658201e+01	1.233280e-02
8.681212e+01	1.233490e-02
8.704276e+01	1.233230e-02
8.727023e+01	1.232890e-02
8.749739e+01	1.232560e-02
8.772524e+01	1.233250e-02
8.795736e+01	1.233400e-02
8.818627e+01	1.233610e-02
8.841520e+01	1.233910e-02
8.864745e+01	1.233390e-02
8.887675e+01	1.233060e-02
8.910738e+01	1.233240e-02
8.934123e+01	1.233390e-02
8.956470e+01	1.233000e-02
8.979293e+01	1.233340e-02
9.002874e+01	1.233270e-02
9.025170e+01	1.233430e-02
9.047815e+01	1.232970e-02
9.070424e+01	1.233470e-02
9.093568e+01	1.233030e-02
9.115870e+01	1.232630e-02
9.138938e+01	1.232120e-02
9.165764e+01	1.232260e-02
9.188928e+01	1.232100e-02
9.211155e+01	1.232620e-02
9.233923e+01	1.232650e-02
9.256800e+01	1.232640e-02
9.279314e+01	1.232900e-02
9.302452e+01	1.232570e-02
9.324769e+01	1.232730e-02
9.347807e+01	1.232160e-02
9.370659e+01	1.232800e-02
9.393759e+01	1.232210e-02
9.416089e+01	1.232560e-02
9.439140e+01	1.232650e-02
9.462268e+01	1.232350e-02
9.484656e+01	1.231810e-02
9.508001e+01	1.232070e-02
9.530405e+01	1.232110e-02
9.553522e+01	1.231630e-02
9.576613e+01	1.232030e-02
9.599180e+01	1.232260e-02
9.622524e+01	1.232420e-02
9.645244e+01	1.231760e-02
9.667937e+01	1.232000e-02
9.690775e+01	1.231760e-02
9.713952e+01	1.231540e-02
9.736781e+01	1.232440e-02
9.759593e+01	1.231860e-02
9.782866e+01	1.232050e-02
9.806142e+01	1.232370e-02
9.828516e+01	1.232190e-02
9.851052e+01	1.232150e-02
9.874099e+01	1.231950e-02
9.896600e+01	1.232310e-02
9.923160e+01	1.232280e-02
9.945785e+01	1.232100e-02
9.968699e+01	1.232090e-02
9.991631e+01	1.231960e-02
1.001478e+02	1.232220e-02
1.003876e+02	1.231910e-02
1.006130e+02	1.232120e-02
1.008426e+02	1.232100e-02
1.010753e+02	1.232020e-02
1.012992e+02	1.232630e-02
1.015335e+02	1.231730e-02
1.017586e+02	1.231820e-02
1.019879e+02	1.231520e-02
1.022259e+02	1.231760e-02
1.024500e+02	1.231450e-02
1.026779e+02	1.231720e-02
1.029057e+02	1.231960e-02
1.031329e+02	1.232120e-02
1.033635e+02	1.231350e-02
1.035887e+02	1.231320e-02
1.038174e+02	1.231290e-02
1.040472e+02	1.230910e-02
1.042970e+02	1.230620e-02
1.045293e+02	1.230740e-02
1.047551e+02	1.231060e-02
1.049827e+02	1.231030e-02
1.052084e+02	1.231150e-02
1.054480e+02	1.231040e-02
1.056736e+02	1.230870e-02
1.059022e+02	1.231160e-02
1.061290e+02	1.231430e-02
1.063624e+02	1.230980e-02
1.065874e+02	1.230780e-02
1.068553e+02	1.230490e-02
1.070845e+02	1.230790e-02
1.073122e+02	1.231420e-02
1.075382e+02	1.230720e-02
1.077704e+02	1.231100e-02
1.080015e+02	1.230700e-02
1.082255e+02	1.230720e-02
1.084533e+02	1.230460e-02
1.086787e+02	1.230490e-02
1.089077e+02	1.230410e-02
1.091409e+02	1.230400e-02
1.093858e+02	1.230540e-02
1.096303e+02	1.229950e-02
1.098533e+02	1.230500e-02
1.100857e+02	1.230550e-02
1.103100e+02	1.230480e-02
1.105512e+02	1.230430e-02
1.107755e+02	1.230400e-02
1.110043e+02	1.230300e-02
1.112373e+02	1.229900e-02
1.114596e+02	1.230060e-02
1.116906e+02	1.229750e-02
1.119159e+02	1.230160e-02
1.121442e+02	1.230170e-02
1.123731e+02	1.229660e-02
1.126050e+02	1.230580e-02
1.128292e+02	1.230310e-02
1.130579e+02	1.229920e-02
1.132847e+02	1.229940e-02
1.135162e+02	1.230100e-02
1.137597e+02	1.229590e-02
1.139845e+02	1.229620e-02
1.142134e+02	1.229850e-02
1.144453e+02	1.229270e-02
1.146701e+02	1.229700e-02
1.148979e+02	1.229750e-02
1.151297e+02	1.229680e-02
1.153545e+02	1.229540e-02
1.155943e+02	1.229970e-02
1.158383e+02	1.229560e-02
1.160631e+02	1.229530e-02
1.163004e+02	1.229460e-02
1.165445e+02	1.229560e-02
1.167681e+02	1.229750e-02
1.169960e+02	1.230320e-02
1.172224e+02	1.230020e-02
1.174510e+02	1.229750e-02
1.176783e+02	1.229580e-02
1.179065e+02	1.229540e-02
1.181407e+02	1.229400e-02
1.183702e+02	1.229650e-02
1.185985e+02	1.229980e-02
1.188270e+02	1.229960e-02
1.190609e+02	1.229510e-02
1.192850e+02	1.229310e-02
1.195130e+02	1.229510e-02
1.197446e+02	1.229590e-02
1.199683e+02	1.229210e-02
1.202017e+02	1.229760e-02
1.204256e+02	1.229000e-02
1.206541e+02	1.229470e-02
1.208847e+02	1.228890e-02
1.211162e+02	1.228900e-02
1.213404e+02	1.228810e-02
1.215674e+02	1.229070e-02
1.217953e+02	1.228910e-02
1.220647e+02	1.228160e-02
1.222939e+02	1.228650e-02
1.225225e+02	1.228620e-02
1.227535e+02	1.227970e-02
1.229854e+02	1.228230e-02
1.232162e+02	1.227920e-02
1.234397e+02	1.228380e-02
1.236661e+02	1.228180e-02
1.238954e+02	1.228320e-02
1.241241e+02	1.228340e-02
1.243573e+02	1.228200e-02
1.245832e+02	1.228420e-02
1.248103e+02	1.228260e-02
1.250401e+02	1.228100e-02
1.252681e+02	1.228280e-02
1.254996e+02	1.228320e-02
1.257253e+02	1.228180e-02
1.259554e+02	1.228360e-02
1.261846e+02	1.228670e-02
1.264189e+02	1.228390e-02
1.266835e+02	1.228240e-02
1.269067e+02	1.228340e-02
1.271405e+02	1.228170e-02
1.273634e+02	1.227930e-02
1.275924e+02	1.227520e-02
1.278205e+02	1.227900e-02
1.280486e+02	1.228320e-02
1.282803e+02	1.228430e-02
1.285045e+02	1.228210e-02
1.287373e+02	1.228190e-02
1.289614e+02	1.228260e-02
1.291891e+02	1.228250e-02
1.294223e+02	1.227910e-02
1.296466e+02	1.228310e-02
1.298796e+02	1.227830e-02
1.301092e+02	1.227880e-02
1.303391e+02	1.227770e-02
1.305654e+02	1.227550e-02
1.307925e+02	1.228010e-02
1.310243e+02	1.227570e-02
1.312686e+02	1.227650e-02
1.315112e+02	1.227870e-02
1.317565e+02	1.227540e-02
1.319813e+02	1.227450e-02
1.322098e+02	1.227200e-02
1.324419e+02	1.227080e-02
1.326658e+02	1.227250e-02
1.329014e+02	1.227370e-02
1.331268e+02	1.227580e-02
1.333566e+02	1.227580e-02
1.335804e+02	1.227730e-02
1.338079e+02	1.228070e-02
1.340391e+02	1.227350e-02
1.342633e+02	1.227860e-02
1.344945e+02	1.227120e-02
1.347202e+02	1.227840e-02
1.349477e+02	1.227190e-02
1.351759e+02	1.227530e-02
1.354074e+02	1.227360e-02
1.356323e+02	1.227010e-02
1.358633e+02	1.226850e-02
1.360885e+02	1.227030e-02
1.363168e+02	1.226680e-02
1.365454e+02	1.227020e-02
1.367813e+02	1.227160e-02
1.370058e+02	1.226920e-02
1.372758e+02	1.226580e-02
1.375072e+02	1.226840e-02
1.377323e+02	1.226660e-02
1.379604e+02	1.226460e-02
1.381925e+02	1.226520e-02
1.384163e+02	1.226290e-02
1.386449e+02	1.226430e-02
1.388727e+02	1.226890e-02
1.391034e+02	1.226560e-02
1.393277e+02	1.226950e-02
1.395582e+02	1.226510e-02
1.397843e+02	1.226290e-02
1.400174e+02	1.226180e-02
1.402418e+02	1.225840e-02
1.404682e+02	1.226000e-02
1.406952e+02	1.225850e-02
1.409239e+02	1.225640e-02
1.411594e+02	1.225240e-02
1.414026e+02	1.225870e-02
1.416271e+02	1.225460e-02
1.418566e+02	1.225670e-02
1.420832e+02	1.225880e-02
1.423136e+02	1.225700e-02
1.425390e+02	1.225900e-02
1.427684e+02	1.226380e-02
1.429948e+02	1.226410e-02
1.432258e+02	1.226580e-02
1.434518e+02	1.226630e-02
1.436786e+02	1.226770e-02
1.439046e+02	1.226340e-02
1.441323e+02	1.226550e-02
1.443643e+02	1.226380e-02
1.445888e+02	1.226100e-02
1.448174e+02	1.226240e-02
1.450488e+02	1.226080e-02
1.452718e+02	1.225780e-02
1.455022e+02	1.226090e-02
1.457258e+02	1.225950e-02
1.459730e+02	1.226240e-02
1.461983e+02	1.225990e-02
1.464268e+02	1.225590e-02
1.466537e+02	1.225610e-02
1.468846e+02	1.225550e-02
1.471086e+02	1.225710e-02
1.473355e+02	1.225280e-02
1.475634e+02	1.225160e-02
1.477915e+02	1.225480e-02
1.480187e+02	1.225870e-02
1.482493e+02	1.225840e-02
1.484734e+02	1.225090e-02
1.487003e+02	1.225750e-02
1.489284e+02	1.225000e-02
1.491549e+02	1.225010e-02
1.493844e+02	1.225700e-02
1.496097e+02	1.225030e-02
1.498374e+02	1.225040e-02
1.500639e+02	1.224580e-02
1.502925e+02	1.224850e-02
1.505244e+02	1.225440e-02
1.507494e+02	1.224470e-02
1.509776e+02	1.225230e-02
1.512082e+02	1.224830e-02
1.514355e+02	1.217110e-02
1.516695e+02	1.214350e-02
1.518923e+02	1.212070e-02
1.521240e+02	1.210100e-02
1.523953e+02	1.208650e-02
1.526183e+02	1.207220e-02
1.528517e+02	1.205710e-02
1.530749e+02	1.204250e-02
1.533034e+02	1.203070e-02
1.535376e+02	1.201820e-02
1.537632e+02	1.200570e-02
1.539911e+02	1.199450e-02
1.542224e+02	1.198140e-02
1.544464e+02	1.197460e-02
1.546814e+02	1.196360e-02
1.549250e+02	1.195380e-02
1.551480e+02	1.194390e-02
1.553833e+02	1.193400e-02
1.556274e+02	1.192900e-02
1.558710e+02	1.191580e-02
1.560958e+02	1.190790e-02
1.563262e+02	1.189780e-02
1.565583e+02	1.189010e-02
1.567823e+02	1.187930e-02
1.570161e+02	1.187230e-02
1.572599e+02	1.186390e-02
1.574844e+02	1.185650e-02
1.577120e+02	1.184900e-02
1.579402e+02	1.184240e-02
1.581737e+02	1.183680e-02
1.583970e+02	1.182750e-02
1.586265e+02	1.182110e-02
1.588560e+02	1.181480e-02
1.590842e+02	1.180640e-02
1.593156e+02	1.179820e-02
1.595468e+02	1.179390e-02
1.597717e+02	1.178700e-02
1.599995e+02	1.178040e-02
1.602328e+02	1.177360e-02
1.604568e+02	1.176170e-02
1.606905e+02	1.175900e-02
1.609352e+02	1.175190e-02
1.611586e+02	1.174470e-02
1.613890e+02	1.173910e-02
1.616183e+02	1.173100e-02
1.618493e+02	1.173020e-02
1.620790e+02	1.172190e-02
1.623143e+02	1.171360e-02
1.625372e+02	1.170560e-02
1.627672e+02	1.170120e-02
1.629975e+02	1.169840e-02
1.632283e+02	1.169050e-02
1.634531e+02	1.168460e-02
1.636831e+02	1.167830e-02
1.639104e+02	1.167160e-02
1.641377e+02	1.166730e-02
1.643683e+02	1.165790e-02
1.646020e+02	1.165090e-02
1.648247e+02	1.164810e-02
1.650523e+02	1.164190e-02
1.652830e+02	1.163280e-02
1.655066e+02	1.163010e-02
1.657342e+02	1.162070e-02
1.659610e+02	1.161730e-02
1.661951e+02	1.161260e-02
1.664393e+02	1.160730e-02
1.666825e+02	1.160270e-02
1.669073e+02	1.159490e-02
1.671355e+02	1.159050e-02
1.673709e+02	1.158390e-02
1.676358e+02	1.157700e-02
1.678683e+02	1.157130e-02
1.680917e+02	1.156570e-02
1.683199e+02	1.156360e-02
1.685492e+02	1.155630e-02
1.687807e+02	1.154710e-02
1.690144e+02	1.154470e-02
1.692397e+02	1.154230e-02
1.694682e+02	1.153850e-02
1.697027e+02	1.153010e-02
1.699251e+02	1.152710e-02
1.701564e+02	1.152630e-02
1.703803e+02	1.151870e-02
1.706089e+02	1.151510e-02
1.708368e+02	1.150950e-02
1.710736e+02	1.150460e-02
1.713179e+02	1.149850e-02
1.715474e+02	1.149340e-02
1.717752e+02	1.148630e-02
1.720079e+02	1.148550e-02
1.722327e+02	1.148210e-02
1.724675e+02	1.147420e-02
1.727133e+02	1.147010e-02
1.729359e+02	1.146200e-02
1.731652e+02	1.145830e-02
1.733974e+02	1.145580e-02
1.736421e+02	1.144960e-02
1.738664e+02	1.144320e-02
1.740961e+02	1.144130e-02
1.743219e+02	1.143560e-02
1.745503e+02	1.143390e-02
1.747775e+02	1.143020e-02
1.750092e+02	1.142340e-02
1.752424e+02	1.142220e-02
1.754669e+02	1.141920e-02
1.756940e+02	1.141510e-02
1.759245e+02	1.141090e-02
1.761562e+02	1.140680e-02
1.763820e+02	1.140100e-02
1.766141e+02	1.140050e-02
1.768390e+02	1.139750e-02
1.770692e+02	1.139240e-02
1.772964e+02	1.138830e-02
1.775285e+02	1.138380e-02
1.777516e+02	1.137790e-02
1.779847e+02	1.137630e-02
1.782087e+02	1.137520e-02
1.784367e+02	1.136890e-02
1.786653e+02	1.136330e-02
1.788895e+02	1.135940e-02
1.791234e+02	1.135390e-02
1.793479e+02	1.135240e-02
1.795822e+02	1.134790e-02
1.798048e+02	1.134220e-02
1.800338e+02	1.133710e-02
1.802670e+02	1.133680e-02
1.804904e+02	1.133250e-02
1.807180e+02	1.133260e-02
1.809490e+02	1.132740e-02
1.811762e+02	1.132410e-02
1.814024e+02	1.132020e-02
1.816305e+02	1.131880e-02
1.818602e+02	1.131510e-02
1.820892e+02	1.131120e-02
1.823158e+02	1.130610e-02
1.825472e+02	1.130270e-02
1.828112e+02	1.130070e-02
1.830412e+02	1.129830e-02
1.832663e+02	1.129460e-02
1.834959e+02	1.128520e-02
1.837235e+02	1.128860e-02
1.839509e+02	1.128580e-02
1.841793e+02	1.127810e-02
1.844074e+02	1.127610e-02
1.846373e+02	1.127290e-02
1.848657e+02	1.126890e-02
1.850914e+02	1.126640e-02
1.853197e+02	1.126560e-02
1.855450e+02	1.126000e-02
1.857734e+02	1.125890e-02
1.860046e+02	1.125450e-02
1.862303e+02	1.125170e-02
1.864623e+02	1.124920e-02
1.866868e+02	1.124610e-02
1.869140e+02	1.124130e-02
1.871443e+02	1.123810e-02
1.873739e+02	1.123730e-02
1.876060e+02	1.123460e-02
1.878357e+02	1.123140e-02
1.880602e+02	1.122630e-02
1.883005e+02	1.122710e-02
1.885667e+02	1.122120e-02
1.887906e+02	1.121740e-02
1.890182e+02	1.121480e-02
1.892462e+02	1.121230e-02
1.894723e+02	1.120740e-02
1.897034e+02	1.120770e-02
1.899323e+02	1.120190e-02
1.901599e+02	1.119900e-02
1.903879e+02	1.120210e-02
1.906183e+02	1.119540e-02
1.908434e+02	1.119230e-02
1.910744e+02	1.119100e-02
1.912997e+02	1.118800e-02
1.915252e+02	1.118600e-02
1.917569e+02	1.118480e-02
1.919806e+02	1.118180e-02
1.922097e+02	1.117770e-02
1.924361e+02	1.117460e-02
1.926653e+02	1.117390e-02
1.928974e+02	1.116990e-02
1.931223e+02	1.116840e-02
1.933526e+02	1.116670e-02
1.936001e+02	1.116540e-02
1.938341e+02	1.116020e-02
1.940780e+02	1.115730e-02
1.943023e+02	1.115420e-02
1.945294e+02	1.115070e-02
1.947620e+02	1.115070e-02
1.950047e+02	1.114950e-02
1.952305e+02	1.114550e-02
1.954586e+02	1.114540e-02
1.956886e+02	1.114190e-02
1.959166e+02	1.113920e-02
1.961454e+02	1.113430e-02
1.963823e+02	1.113620e-02
1.966455e+02	1.113250e-02
1.968695e+02	1.112880e-02
1.970973e+02	1.112700e-02
1.973279e+02	1.112390e-02
1.975581e+02	1.112380e-02
1.977852e+02	1.112120e-02
1.980556e+02	1.111800e-02
1.982830e+02	1.111660e-02
1.985153e+02	1.111080e-02
1.987448e+02	1.110970e-02
1.989729e+02	1.110780e-02
1.992031e+02	1.110210e-02
1.994341e+02	1.110470e-02
1.996622e+02	1.109930e-02
1.998950e+02	1.109320e-02
2.001224e+02	1.109840e-02
2.003527e+02	1.109300e-02
2.005781e+02	1.109390e-02
2.008053e+02	1.109160e-02
2.010322e+02	1.109060e-02
2.012602e+02	1.108880e-02
2.014904e+02	1.108460e-02
2.017354e+02	1.108270e-02
2.019640e+02	1.107970e-02
2.021914e+02	1.107800e-02
2.024217e+02	1.107580e-02
2.026493e+02	1.107510e-02
2.028827e+02	1.107390e-02
2.031070e+02	1.107480e-02
2.033401e+02	1.107270e-02
2.035642e+02	1.106790e-02
2.037913e+02	1.106380e-02
2.040199e+02	1.106230e-02
2.042519e+02	1.105920e-02
2.044947e+02	1.106060e-02
2.047191e+02	1.105710e-02
2.049482e+02	1.105760e-02
2.051809e+02	1.105280e-02
2.054035e+02	1.105130e-02
2.056333e+02	1.104830e-02
2.058651e+02	1.104860e-02
2.060897e+02	1.104940e-02
2.063192e+02	1.104580e-02
2.065463e+02	1.104670e-02
2.067783e+02	1.104570e-02
2.070154e+02	1.104220e-02
2.072587e+02	1.104250e-02
2.074826e+02	1.104220e-02
2.077152e+02	1.103700e-02
2.079403e+02	1.103400e-02
2.081717e+02	1.103710e-02
2.084001e+02	1.103440e-02
2.086328e+02	1.103080e-02
2.088568e+02	1.102970e-02
2.090853e+02	1.102430e-02
2.093202e+02	1.102260e-02
2.095557e+02	1.102100e-02
2.097794e+02	1.102240e-02
2.100094e+02	1.101900e-02
2.102360e+02	1.102080e-02
2.104675e+02	1.101950e-02
2.106948e+02	1.102060e-02
2.109245e+02	1.101910e-02
2.111548e+02	1.101940e-02
2.113833e+02	1.101690e-02
2.116114e+02	1.101290e-02
2.118396e+02	1.100910e-02
2.120714e+02	1.101130e-02
2.123047e+02	1.101180e-02
2.125281e+02	1.100700e-02
2.127581e+02	1.100700e-02
2.129850e+02	1.100470e-02
2.132577e+02	1.100440e-02
2.134829e+02	1.100180e-02
2.137122e+02	1.100090e-02
2.139413e+02	1.099750e-02
2.141777e+02	1.099730e-02
2.144015e+02	1.099070e-02
2.146308e+02	1.099460e-02
2.148608e+02	1.099170e-02
2.150977e+02	1.099030e-02
2.153224e+02	1.098510e-02
2.155503e+02	1.098270e-02
2.157820e+02	1.098450e-02
2.160113e+02	1.098580e-02
2.162395e+02	1.097980e-02
2.164735e+02	1.098410e-02
2.166972e+02	1.097900e-02
2.169264e+02	1.098100e-02
2.171573e+02	1.097960e-02
2.173865e+02	1.097330e-02
2.176155e+02	1.097880e-02
2.178437e+02	1.096950e-02
2.180715e+02	1.097100e-02
2.183072e+02	1.097370e-02
2.185312e+02	1.097180e-02
2.187591e+02	1.097210e-02
2.190084e+02	1.097140e-02
2.192322e+02	1.096930e-02
2.194605e+02	1.096940e-02
2.196923e+02	1.096690e-02
2.199174e+02	1.096610e-02
2.201502e+02	1.096580e-02
2.203744e+02	1.096270e-02
2.206029e+02	1.096050e-02
2.208333e+02	1.095910e-02
2.210790e+02	1.095640e-02
2.213031e+02	1.095600e-02
2.215321e+02	1.095560e-02
2.217654e+02	1.095110e-02
2.219889e+02	1.095290e-02
2.222189e+02	1.094970e-02
2.224465e+02	1.095010e-02
2.226790e+02	1.094940e-02
2.229035e+02	1.094800e-02
2.231325e+02	1.094750e-02
2.233589e+02	1.094850e-02
2.235870e+02	1.094500e-02
2.238152e+02	1.094560e-02
2.240661e+02	1.094690e-02
2.242960e+02	1.094450e-02
2.245252e+02	1.094240e-02
2.247534e+02	1.094190e-02
2.249908e+02	1.093780e-02
2.252357e+02	1.093770e-02
2.254584e+02	1.093800e-02
2.256883e+02	1.094100e-02
2.259237e+02	1.093810e-02
2.261481e+02	1.093660e-02
2.263768e+02	1.093480e-02
2.266049e+02	1.093230e-02
2.268361e+02	1.092910e-02
2.270606e+02	1.093210e-02
2.272921e+02	1.093250e-02
2.275162e+02	1.093080e-02
2.277449e+02	1.092750e-02
2.279784e+02	1.093020e-02
2.282011e+02	1.092850e-02
2.284683e+02	1.092410e-02
2.286940e+02	1.092020e-02
2.289273e+02	1.092040e-02
2.291524e+02	1.092230e-02
2.293821e+02	1.091750e-02
2.296101e+02	1.091970e-02
2.298373e+02	1.091970e-02
2.300698e+02	1.091810e-02
2.303133e+02	1.091440e-02
2.305377e+02	1.091380e-02
2.307664e+02	1.091320e-02
2.309961e+02	1.091470e-02
2.312263e+02	1.091390e-02
2.314516e+02	1.090990e-02
2.316797e+02	1.090950e-02
2.319115e+02	1.090770e-02
2.321513e+02	1.090840e-02
2.323923e+02	1.090580e-02
2.326171e+02	1.090660e-02
2.328448e+02	1.090450e-02
2.330731e+02	1.090460e-02
2.332996e+02	1.090280e-02
2.335335e+02	1.090010e-02
2.337612e+02	1.090030e-02
2.339895e+02	1.090250e-02
2.342160e+02	1.090030e-02
2.344453e+02	1.089840e-02
2.346762e+02	1.090120e-02
2.348998e+02	1.090060e-02
2.351274e+02	1.089900e-02
2.353571e+02	1.089700e-02
2.355893e+02	1.089610e-02
2.358165e+02	1.089220e-02
2.360442e+02	1.089240e-02
2.362750e+02	1.089200e-02
2.365038e+02	1.088970e-02
2.367339e+02	1.089020e-02
2.369579e+02	1.089150e-02
2.372052e+02	1.089140e-02
2.374283e+02	1.088790e-02
2.376580e+02	1.088490e-02
2.378836e+02	1.088860e-02
2.381173e+02	1.088840e-02
2.383413e+02	1.088680e-02
2.385703e+02	1.088270e-02
2.387972e+02	1.088240e-02
2.390255e+02	1.088350e-02
2.392534e+02	1.087840e-02
2.394869e+02	1.088480e-02
2.397117e+02	1.088170e-02
2.399399e+02	1.088070e-02
2.401692e+02	1.088310e-02
2.403962e+02	1.088030e-02
2.406276e+02	1.087730e-02
2.408520e+02	1.087630e-02
2.410815e+02	1.087370e-02
2.413091e+02	1.087540e-02
2.415419e+02	1.087490e-02
2.417728e+02	1.087520e-02
2.419954e+02	1.087140e-02
2.422428e+02	1.087320e-02
2.424676e+02	1.087150e-02
2.426950e+02	1.086880e-02
2.429266e+02	1.086970e-02
2.431656e+02	1.086920e-02
2.434085e+02	1.086800e-02
2.436772e+02	1.086560e-02
2.439062e+02	1.086660e-02
2.441342e+02	1.086900e-02
2.443655e+02	1.087010e-02
2.446093e+02	1.086350e-02
2.448530e+02	1.086390e-02
2.450769e+02	1.086470e-02
2.453072e+02	1.086290e-02
2.455376e+02	1.086360e-02
2.457674e+02	1.086470e-02
2.459954e+02	1.086260e-02
2.462237e+02	1.086190e-02
2.464524e+02	1.086110e-02
2.466833e+02	1.085820e-02
2.469131e+02	1.086030e-02
2.471440e+02	1.085800e-02
2.473870e+02	1.085650e-02
2.476128e+02	1.085790e-02
2.478443e+02	1.085780e-02
2.480681e+02	1.085680e-02
2.482979e+02	1.085430e-02
2.485284e+02	1.085420e-02
2.487595e+02	1.085380e-02
2.489838e+02	1.085120e-02
2.492110e+02	1.085270e-02
2.494450e+02	1.085410e-02
2.496693e+02	1.085310e-02
2.498973e+02	1.085230e-02
2.501281e+02	1.085210e-02
2.503932e+02	1.085000e-02
2.506175e+02	1.085300e-02
2.508468e+02	1.085060e-02
2.510761e+02	1.084650e-02
2.513078e+02	1.084990e-02
2.515350e+02	1.085000e-02
2.517653e+02	1.085060e-02
2.519973e+02	1.084920e-02
2.522263e+02	1.084780e-02
2.524559e+02	1.084750e-02
2.526856e+02	1.084830e-02
2.529110e+02	1.084460e-02
2.531386e+02	1.084370e-02
2.533687e+02	1.084150e-02
2.535941e+02	1.083990e-02
2.538235e+02	1.084300e-02
2.540526e+02	1.084030e-02
2.542826e+02	1.083900e-02
2.545068e+02	1.084170e-02
2.547361e+02	1.083990e-02
2.549655e+02	1.083600e-02
2.551993e+02	1.083500e-02
2.554238e+02	1.083700e-02
2.556610e+02	1.083590e-02
2.559040e+02	1.083650e-02
2.561281e+02	1.083530e-02
2.563656e+02	1.083400e-02
2.565902e+02	1.083350e-02
2.568214e+02	1.083080e-02
2.570461e+02	1.083410e-02
2.572801e+02	1.083340e-02
2.575049e+02	1.083320e-02
2.577347e+02	1.083210e-02
2.579588e+02	1.083230e-02
2.581875e+02	1.083060e-02
2.584152e+02	1.083250e-02
2.586479e+02	1.082850e-02
2.589127e+02	1.083040e-02
2.591422e+02	1.082920e-02
2.593736e+02	1.082580e-02
2.596178e+02	1.082810e-02
2.598417e+02	1.082840e-02
2.600704e+02	1.082830e-02
2.603014e+02	1.083220e-02
2.605316e+02	1.082900e-02
2.607747e+02	1.083010e-02
2.610003e+02	1.083140e-02
2.612293e+02	1.083140e-02
2.614672e+02	1.083140e-02
2.617111e+02	1.082660e-02
2.619356e+02	1.082760e-02
2.621626e+02	1.082850e-02
2.623927e+02	1.082300e-02
2.626202e+02	1.082670e-02
2.628530e+02	1.082270e-02
2.630764e+02	1.082350e-02
2.633083e+02	1.082280e-02
2.635527e+02	1.081920e-02
2.637821e+02	1.081810e-02
2.640121e+02	1.081620e-02
2.642439e+02	1.081560e-02
2.644692e+02	1.081440e-02
2.646974e+02	1.081920e-02
2.649251e+02	1.081560e-02
2.651583e+02	1.081300e-02
2.653832e+02	1.081400e-02
2.656129e+02	1.081300e-02
2.658641e+02	1.081490e-02
2.660884e+02	1.081050e-02
2.663172e+02	1.081080e-02
2.665471e+02	1.081340e-02
2.667766e+02	1.081240e-02
2.670056e+02	1.081240e-02
2.672338e+02	1.081540e-02
2.674613e+02	1.081200e-02
2.676949e+02	1.081210e-02
2.679175e+02	1.081200e-02
2.681446e+02	1.080930e-02
2.683763e+02	1.081270e-02
2.686406e+02	1.081110e-02
2.688646e+02	1.081020e-02
2.690974e+02	1.080950e-02
2.693223e+02	1.080850e-02
2.695532e+02	1.081050e-02
2.697773e+02	1.080810e-02
2.700051e+02	1.080690e-02
2.702330e+02	1.080930e-02
2.704599e+02	1.080780e-02
2.706926e+02	1.080700e-02
2.709171e+02	1.080770e-02
2.711445e+02	1.080590e-02
2.713764e+02	1.080420e-02
2.716079e+02	1.080680e-02
2.718326e+02	1.080860e-02
2.720604e+02	1.080830e-02
2.722933e+02	1.080640e-02
2.725164e+02	1.080340e-02
2.727452e+02	1.080480e-02
2.729778e+02	1.080070e-02
2.732029e+02	1.080040e-02
2.734322e+02	1.079930e-02
2.736666e+02	1.079810e-02
2.738904e+02	1.079840e-02
2.741660e+02	1.079940e-02
2.743918e+02	1.080140e-02
2.746234e+02	1.080300e-02
2.748611e+02	1.080190e-02
2.751052e+02	1.080120e-02
2.753293e+02	1.080030e-02
2.755613e+02	1.079730e-02
2.757868e+02	1.080120e-02
2.760146e+02	1.079910e-02
2.762475e+02	1.079780e-02
2.764726e+02	1.079690e-02
2.767002e+02	1.079840e-02
2.769303e+02	1.079520e-02
2.771619e+02	1.079800e-02
2.774062e+02	1.079720e-02
2.776293e+02	1.079570e-02
2.778592e+02	1.079710e-02
2.780933e+02	1.079570e-02
2.783221e+02	1.079490e-02
2.785502e+02	1.079320e-02
2.787840e+02	1.079380e-02
2.790093e+02	1.079110e-02
2.792365e+02	1.079050e-02
2.794744e+02	1.079110e-02
2.796980e+02	1.079260e-02
2.799260e+02	1.079400e-02
2.801575e+02	1.079230e-02
2.803873e+02	1.079240e-02
2.806190e+02	1.079310e-02
2.808489e+02	1.079300e-02
2.810719e+02	1.079360e-02
2.813107e+02	1.079070e-02
2.815360e+02	1.079390e-02
2.817630e+02	1.079490e-02
2.819997e+02	1.079670e-02
2.822226e+02	1.079670e-02
2.824507e+02	1.078820e-02
2.826813e+02	1.078850e-02
2.829072e+02	1.079030e-02
2.831373e+02	1.078910e-02
2.833667e+02	1.078900e-02
2.836005e+02	1.078590e-02
2.838233e+02	1.078770e-02
2.840525e+02	1.078600e-02
2.842857e+02	1.078920e-02
2.845088e+02	1.078860e-02
2.847420e+02	1.078470e-02
2.849653e+02	1.078770e-02
2.851945e+02	1.078750e-02
2.854218e+02	1.078710e-02
2.856518e+02	1.078820e-02
2.858949e+02	1.078710e-02
2.861274e+02	1.078700e-02
2.863532e+02	1.078550e-02
2.865836e+02	1.078310e-02
2.868114e+02	1.078340e-02
2.870478e+02	1.078750e-02
2.872721e+02	1.078350e-02
2.875055e+02	1.078190e-02
2.877290e+02	1.078360e-02
2.879600e+02	1.078450e-02
2.881838e+02	1.078340e-02
2.884125e+02	1.078060e-02
2.886429e+02	1.078060e-02
2.888764e+02	1.078200e-02
2.890987e+02	1.077810e-02
2.893691e+02	1.077410e-02
2.896004e+02	1.077640e-02
2.898263e+02	1.077460e-02
2.900501e+02	1.077490e-02
2.902801e+02	1.077650e-02
2.905092e+02	1.077730e-02
2.907366e+02	1.077690e-02
2.909634e+02	1.077780e-02
2.911922e+02	1.077570e-02
2.914220e+02	1.077670e-02
2.916493e+02	1.077810e-02
2.918764e+02	1.077740e-02
2.921072e+02	1.077640e-02
2.923319e+02	1.077490e-02
2.925641e+02	1.077310e-02
2.927897e+02	1.077640e-02
2.930221e+02	1.077560e-02
2.932461e+02	1.077450e-02
2.934760e+02	1.077250e-02
2.937056e+02	1.077460e-02
2.939393e+02	1.077210e-02
2.941819e+02	1.077370e-02
2.944072e+02	1.077170e-02
2.946401e+02	1.077330e-02
2.948649e+02	1.077440e-02
2.950923e+02	1.076840e-02
2.953288e+02	1.077080e-02
2.955544e+02	1.077160e-02
2.957852e+02	1.077140e-02
2.960163e+02	1.076510e-02
2.962403e+02	1.076680e-02
2.964708e+02	1.076500e-02
2.967014e+02	1.076980e-02
2.969238e+02	1.076790e-02
2.971571e+02	1.076910e-02
2.974013e+02	1.076930e-02
2.976258e+02	1.076960e-02
2.978586e+02	1.076840e-02
2.981031e+02	1.076540e-02
2.983404e+02	1.076620e-02
2.985644e+02	1.076680e-02
2.987942e+02	1.076800e-02
2.990232e+02	1.076560e-02
2.992485e+02	1.076830e-02
2.994807e+02	1.076450e-02
2.997061e+02	1.076370e-02
2.999351e+02	1.076240e-02
3.001615e+02	1.076480e-02
3.003972e+02	1.076350e-02
3.006219e+02	1.076570e-02
3.008531e+02	1.075890e-02
3.010769e+02	1.076230e-02
3.013170e+02	1.076360e-02
3.015431e+02	1.076220e-02
3.017761e+02	1.076280e-02
3.020013e+02	1.076050e-02
3.022333e+02	1.076400e-02
3.024625e+02	1.076570e-02
3.026986e+02	1.076270e-02
3.029221e+02	1.076200e-02
3.031546e+02	1.076390e-02
3.033797e+02	1.076390e-02
3.036072e+02	1.076380e-02
3.038365e+02	1.076430e-02
3.040691e+02	1.076370e-02
3.043123e+02	1.076290e-02
3.045764e+02	1.076010e-02
3.048100e+02	1.075880e-02
3.050345e+02	1.075760e-02
3.052617e+02	1.075640e-02
3.054952e+02	1.075910e-02
3.057194e+02	1.076060e-02
3.059511e+02	1.076220e-02
3.061757e+02	1.075690e-02
3.064064e+02	1.075990e-02
3.066381e+02	1.076100e-02
3.068629e+02	1.075970e-02
3.070918e+02	1.075970e-02
3.073238e+02	1.075680e-02
3.075477e+02	1.075690e-02
3.077811e+02	1.075740e-02
3.080037e+02	1.076030e-02
3.082344e+02	1.075730e-02
3.084587e+02	1.075720e-02
3.086900e+02	1.075500e-02
3.089222e+02	1.075260e-02
3.091452e+02	1.075210e-02
3.093803e+02	1.075520e-02
3.096049e+02	1.075380e-02
3.098381e+02	1.075310e-02
3.100618e+02	1.075320e-02
3.102945e+02	1.075550e-02
3.105237e+02	1.075310e-02
3.107530e+02	1.075330e-02
3.109829e+02	1.075560e-02
3.112162e+02	1.075570e-02
3.114402e+02	1.075530e-02
3.116675e+02	1.075450e-02
3.118997e+02	1.075290e-02
3.121227e+02	1.075500e-02
3.123551e+02	1.075560e-02
3.125808e+02	1.075530e-02
3.128104e+02	1.075600e-02
3.130439e+02	1.075670e-02
3.132667e+02	1.075560e-02
3.134919e+02	1.075250e-02
3.137231e+02	1.075350e-02
3.139487e+02	1.075310e-02
3.141779e+02	1.075120e-02
3.144053e+02	1.074890e-02
3.146334e+02	1.075120e-02
3.148652e+02	1.074870e-02
3.150892e+02	1.074840e-02
3.153164e+02	1.074880e-02
3.155508e+02	1.075020e-02
3.157760e+02	1.075330e-02
3.160071e+02	1.075060e-02
3.162326e+02	1.074780e-02
3.164611e+02	1.074830e-02
3.166894e+02	1.074760e-02
3.169201e+02	1.074650e-02
3.171653e+02	1.074830e-02
3.174094e+02	1.074930e-02
3.176331e+02	1.074810e-02
3.178642e+02	1.074870e-02
3.180881e+02	1.074940e-02
3.183218e+02	1.074480e-02
3.185466e+02	1.074820e-02
3.187765e+02	1.074630e-02
3.190070e+02	1.074600e-02
3.192509e+02	1.074450e-02
3.194955e+02	1.074550e-02
3.197801e+02	1.074400e-02
3.200048e+02	1.074500e-02
3.202374e+02	1.074580e-02
3.204801e+02	1.074550e-02
3.207059e+02	1.074240e-02
3.209395e+02	1.074390e-02
3.211667e+02	1.074560e-02
3.213984e+02	1.074800e-02
3.216340e+02	1.074770e-02
3.218651e+02	1.074850e-02
3.220892e+02	1.074710e-02
3.223183e+02	1.074570e-02
3.225516e+02	1.074590e-02
3.227743e+02	1.074630e-02
3.230052e+02	1.074390e-02
3.232290e+02	1.074010e-02
3.234778e+02	1.074100e-02
3.237019e+02	1.074330e-02
3.239291e+02	1.073780e-02
3.241592e+02	1.073820e-02
3.243844e+02	1.073950e-02
3.246146e+02	1.073910e-02
3.248400e+02	1.073840e-02
3.250747e+02	1.073880e-02
3.252985e+02	1.073920e-02
3.255289e+02	1.073790e-02
3.257626e+02	1.074000e-02
3.259877e+02	1.074100e-02
3.262189e+02	1.073910e-02
3.264416e+02	1.074300e-02
3.266713e+02	1.073960e-02
3.269020e+02	1.073810e-02
3.271263e+02	1.074330e-02
3.273602e+02	1.074560e-02
3.275857e+02	1.074190e-02
3.278157e+02	1.074240e-02
3.280430e+02	1.074210e-02
3.282743e+02	1.074010e-02
3.285036e+02	1.074020e-02
3.287331e+02	1.074320e-02
3.289642e+02	1.073900e-02
3.291877e+02	1.074180e-02
3.294208e+02	1.074200e-02
3.296443e+02	1.074260e-02
3.298737e+02	1.074000e-02
3.301024e+02	1.074040e-02
3.303328e+02	1.073720e-02
3.305778e+02	1.073890e-02
3.308016e+02	1.074050e-02
3.310314e+02	1.074050e-02
3.312653e+02	1.073820e-02
3.314889e+02	1.073820e-02
3.317225e+02	1.073970e-02
3.319469e+02	1.073920e-02
3.321748e+02	1.073840e-02
3.324058e+02	1.073940e-02
3.326304e+02	1.073890e-02
3.328578e+02	1.074280e-02
3.330874e+02	1.074180e-02
3.333207e+02	1.074130e-02
3.335450e+02	1.073780e-02
3.337738e+02	1.073910e-02
3.340017e+02	1.074070e-02
3.342281e+02	1.073770e-02
3.344551e+02	1.074050e-02
3.346831e+02	1.073960e-02
3.349514e+02	1.073930e-02
3.351806e+02	1.073930e-02
3.354102e+02	1.073620e-02
3.356401e+02	1.073770e-02
3.358656e+02	1.073700e-02
3.360928e+02	1.073860e-02
3.363241e+02	1.073750e-02
3.365513e+02	1.073630e-02
3.367805e+02	1.073770e-02
3.370124e+02	1.073420e-02
3.372371e+02	1.073280e-02
3.374654e+02	1.073230e-02
3.376954e+02	1.073270e-02
3.379293e+02	1.073170e-02
3.381524e+02	1.073440e-02
3.383788e+02	1.073320e-02
3.386097e+02	1.073280e-02
3.388338e+02	1.073130e-02
3.390673e+02	1.073470e-02
3.392921e+02	1.073170e-02
3.395192e+02	1.073320e-02
3.397477e+02	1.073480e-02
3.399767e+02	1.073380e-02
3.402083e+02	1.073220e-02
3.404333e+02	1.073260e-02
3.406633e+02	1.072710e-02
3.408936e+02	1.072610e-02
3.411187e+02	1.072540e-02
3.413499e+02	1.073000e-02
3.415736e+02	1.072790e-02
3.418024e+02	1.072740e-02
3.420322e+02	1.072730e-02
3.422603e+02	1.072640e-02
3.424910e+02	1.072710e-02
3.427151e+02	1.072660e-02
3.429445e+02	1.072760e-02
3.431779e+02	1.072590e-02
3.434017e+02	1.072880e-02
3.436302e+02	1.072420e-02
3.438559e+02	1.072420e-02
3.440849e+02	1.072300e-02
3.443109e+02	1.072310e-02
3.445410e+02	1.072430e-02
3.447722e+02	1.072150e-02
3.449966e+02	1.072310e-02
3.452258e+02	1.072360e-02
3.454592e+02	1.072360e-02
3.456821e+02	1.072210e-02
3.459152e+02	1.072380e-02
3.461383e+02	1.072550e-02
3.463702e+02	1.072410e-02
3.465940e+02	1.071910e-02
3.468228e+02	1.072100e-02
3.470509e+02	1.072220e-02
3.472780e+02	1.072240e-02
3.475110e+02	1.072410e-02
3.477410e+02	1.072980e-02
3.479637e+02	1.073360e-02
3.481938e+02	1.073090e-02
3.484251e+02	1.073220e-02
3.486500e+02	1.073080e-02
3.488771e+02	1.072720e-02
3.491465e+02	1.073010e-02
3.493706e+02	1.073030e-02
3.496013e+02	1.071990e-02
3.498288e+02	1.072040e-02
3.501022e+02	1.071880e-02
3.503307e+02	1.071770e-02
3.505579e+02	1.071960e-02
3.507851e+02	1.072190e-02
3.510147e+02	1.072130e-02
3.512453e+02	1.071950e-02
3.514714e+02	1.072420e-02
3.516984e+02	1.072330e-02
3.519297e+02	1.072190e-02
3.521644e+02	1.071910e-02
3.523882e+02	1.071560e-02
3.526192e+02	1.072090e-02
3.528503e+02	1.071930e-02
3.530812e+02	1.071990e-02
3.533050e+02	1.072030e-02
3.535354e+02	1.072270e-02
3.537602e+02	1.071990e-02
3.539932e+02	1.071880e-02
3.542177e+02	1.071950e-02
3.544492e+02	1.071880e-02
3.546735e+02	1.071670e-02
3.549068e+02	1.072030e-02
3.551502e+02	1.071680e-02
3.553745e+02	1.071770e-02
3.556039e+02	1.071790e-02
3.558342e+02	1.071990e-02
3.560667e+02	1.071880e-02
3.562907e+02	1.071750e-02
3.565211e+02	1.071830e-02
3.567527e+02	1.071400e-02
3.569778e+02	1.071480e-02
3.572079e+02	1.071590e-02
3.574353e+02	1.071390e-02
3.576662e+02	1.071290e-02
3.578901e+02	1.071880e-02
3.581232e+02	1.071650e-02
3.583486e+02	1.071990e-02
3.585783e+02	1.071580e-02
3.588073e+02	1.071600e-02
3.590369e+02	1.071500e-02
3.592705e+02	1.071590e-02
3.594938e+02	1.071200e-02
3.597221e+02	1.071190e-02
3.599553e+02	1.071450e-02
3.601995e+02	1.071330e-02
3.604231e+02	1.071400e-02
3.606545e+02	1.071390e-02
3.608790e+02	1.071180e-02
3.611164e+02	1.071370e-02
3.613607e+02	1.071320e-02
3.615852e+02	1.071210e-02
3.618162e+02	1.071320e-02
3.620409e+02	1.071380e-02
3.622723e+02	1.071350e-02
3.624966e+02	1.071260e-02
3.627249e+02	1.071410e-02
3.629571e+02	1.071230e-02
3.631829e+02	1.071320e-02
3.634157e+02	1.071270e-02
3.636397e+02	1.071380e-02
3.638670e+02	1.071270e-02
3.641022e+02	1.071260e-02
3.643263e+02	1.070730e-02
3.645557e+02	1.070560e-02
3.647864e+02	1.070810e-02
3.650227e+02	1.070620e-02
3.652869e+02	1.070860e-02
3.655174e+02	1.070900e-02
3.657412e+02	1.070840e-02
3.659729e+02	1.070740e-02
3.662060e+02	1.071150e-02
3.664372e+02	1.071060e-02
3.666618e+02	1.070750e-02
3.668892e+02	1.070800e-02
3.671181e+02	1.070640e-02
3.673504e+02	1.070600e-02
3.675749e+02	1.070620e-02
3.678083e+02	1.070780e-02
3.680333e+02	1.070470e-02
3.682620e+02	1.070630e-02
3.684918e+02	1.070970e-02
3.687208e+02	1.070520e-02
3.689528e+02	1.070640e-02
3.692045e+02	1.070690e-02
3.694303e+02	1.070500e-02
3.696609e+02	1.070710e-02
3.698929e+02	1.070630e-02
3.701224e+02	1.070540e-02
3.703502e+02	1.070620e-02
3.705834e+02	1.070260e-02
3.708077e+02	1.070710e-02
3.710381e+02	1.070750e-02
3.712613e+02	1.070550e-02
3.714913e+02	1.070400e-02
3.717359e+02	1.070260e-02
3.719600e+02	1.070240e-02
3.721893e+02	1.070190e-02
3.724202e+02	1.070260e-02
3.726440e+02	1.070120e-02
3.728717e+02	1.070220e-02
3.731052e+02	1.070580e-02
3.733294e+02	1.070280e-02
3.735584e+02	1.070490e-02
3.737872e+02	1.070320e-02
3.740228e+02	1.070350e-02
3.742456e+02	1.070420e-02
3.744790e+02	1.070310e-02
3.747033e+02	1.070150e-02
3.749333e+02	1.070180e-02
3.751661e+02	1.070090e-02
3.753901e+02	1.070160e-02
3.756216e+02	1.070420e-02
3.758470e+02	1.070300e-02
3.760814e+02	1.070330e-02
3.763048e+02	1.070440e-02
3.765324e+02	1.070220e-02
3.767666e+02	1.070210e-02
3.769965e+02	1.070150e-02
3.772202e+02	1.070270e-02
3.774563e+02	1.070290e-02
3.776797e+02	1.070400e-02
3.779080e+02	1.070210e-02
3.781381e+02	1.069800e-02
3.783692e+02	1.070080e-02
3.786002e+02	1.069760e-02
3.788256e+02	1.069890e-02
3.790561e+02	1.070010e-02
3.792889e+02	1.069870e-02
3.795319e+02	1.069600e-02
3.797556e+02	1.069510e-02
3.799842e+02	1.069800e-02
3.802166e+02	1.069840e-02
3.804820e+02	1.069780e-02
3.807130e+02	1.070140e-02
3.809369e+02	1.069930e-02
3.811640e+02	1.069840e-02
3.813978e+02	1.069840e-02
3.816292e+02	1.070020e-02
3.818535e+02	1.069770e-02
3.820811e+02	1.069740e-02
3.823106e+02	1.069780e-02
3.825446e+02	1.069600e-02
3.827681e+02	1.070010e-02
3.830017e+02	1.069970e-02
3.832244e+02	1.069770e-02
3.834583e+02	1.069390e-02
3.837023e+02	1.069720e-02
3.839259e+02	1.069570e-02
3.841591e+02	1.069450e-02
3.843835e+02	1.069300e-02
3.846112e+02	1.069670e-02
3.848442e+02	1.069460e-02
3.850751e+02	1.069530e-02
3.852993e+02	1.069590e-02
3.855273e+02	1.069670e-02
3.857573e+02	1.069480e-02
3.859861e+02	1.069610e-02
3.862155e+02	1.069840e-02
3.864668e+02	1.069820e-02
3.866976e+02	1.069670e-02
3.869267e+02	1.069780e-02
3.871560e+02	1.070230e-02
3.873882e+02	1.069940e-02
3.876263e+02	1.070300e-02
3.878520e+02	1.069860e-02
3.880809e+02	1.070210e-02
3.883141e+02	1.070170e-02
3.885574e+02	1.070180e-02
3.887826e+02	1.070080e-02
3.890101e+02	1.069690e-02
3.892388e+02	1.069940e-02
3.894739e+02	1.070290e-02
3.896981e+02	1.070040e-02
3.899280e+02	1.070020e-02
3.901574e+02	1.070000e-02
3.903879e+02	1.069940e-02
3.906129e+02	1.069720e-02
3.908443e+02	1.069850e-02
3.910678e+02	1.069720e-02
3.912974e+02	1.069690e-02
3.915331e+02	1.069590e-02
3.917571e+02	1.069420e-02
3.919935e+02	1.069760e-02
3.922365e+02	1.069830e-02
3.924611e+02	1.069780e-02
3.926952e+02	1.069450e-02
3.929191e+02	1.069650e-02
3.931506e+02	1.069580e-02
3.933832e+02	1.069790e-02
3.936089e+02	1.070100e-02
3.938446e+02	1.069910e-02
3.940702e+02	1.070020e-02
3.943023e+02	1.069630e-02
3.945247e+02	1.069860e-02
3.947574e+02	1.069750e-02
3.949848e+02	1.069800e-02
3.952172e+02	1.069800e-02
3.954402e+02	1.069990e-02
3.957141e+02	1.069950e-02
3.959378e+02	1.069560e-02
3.961652e+02	1.069680e-02
3.963987e+02	1.069640e-02
3.966434e+02	1.069800e-02
3.968669e+02	1.069490e-02
3.970956e+02	1.069200e-02
3.973281e+02	1.070210e-02
3.975550e+02	1.070330e-02
3.977872e+02	1.070240e-02
3.980117e+02	1.070180e-02
3.982442e+02	1.070670e-02
3.984670e+02	1.070780e-02
3.986995e+02	1.070240e-02
3.989250e+02	1.069640e-02
3.991544e+02	1.069870e-02
3.993892e+02	1.069780e-02
3.996134e+02	1.069790e-02
3.998427e+02	1.069950e-02
4.000724e+02	1.069690e-02
4.003001e+02	1.069720e-02
4.005301e+02	1.069870e-02
4.007592e+02	1.069800e-02
4.009911e+02	1.069750e-02
4.012262e+02	1.069510e-02
4.014514e+02	1.069640e-02
4.017004e+02	1.069490e-02
4.019310e+02	1.069780e-02
4.021536e+02	1.069680e-02
4.023850e+02	1.069530e-02
4.026174e+02	1.069510e-02
4.028470e+02	1.069310e-02
4.030803e+02	1.069440e-02
4.033118e+02	1.069790e-02
4.035355e+02	1.069500e-02
4.037633e+02	1.069550e-02
4.039944e+02	1.069560e-02
4.042198e+02	1.069740e-02
4.044519e+02	1.069430e-02
4.046953e+02	1.069140e-02
4.049192e+02	1.069560e-02
4.051460e+02	1.069680e-02
4.053802e+02	1.069510e-02
4.056117e+02	1.069480e-02
4.058369e+02	1.069620e-02
4.060698e+02	1.069710e-02
4.062929e+02	1.069680e-02
4.065209e+02	1.069620e-02
4.067514e+02	1.069780e-02
4.069764e+02	1.069790e-02
4.072101e+02	1.069750e-02
4.074557e+02	1.069820e-02
4.076787e+02	1.069790e-02
4.079081e+02	1.069420e-02
4.081376e+02	1.069430e-02
4.083728e+02	1.069520e-02
4.085963e+02	1.069490e-02
4.088463e+02	1.069580e-02
4.090699e+02	1.069660e-02
4.092947e+02	1.069470e-02
4.095283e+02	1.069350e-02
4.097532e+02	1.069470e-02
4.099850e+02	1.069170e-02
4.102077e+02	1.069720e-02
4.104459e+02	1.069480e-02
4.106703e+02	1.069470e-02
4.109401e+02	1.069420e-02
4.111647e+02	1.069300e-02
4.113960e+02	1.069520e-02
4.116304e+02	1.069360e-02
4.118942e+02	1.069560e-02
4.121200e+02	1.069300e-02
4.123527e+02	1.069170e-02
4.125770e+02	1.069280e-02
4.128084e+02	1.069160e-02
4.130337e+02	1.069280e-02
4.132641e+02	1.068770e-02
4.134890e+02	1.068960e-02
4.137231e+02	1.068790e-02
4.139677e+02	1.068660e-02
4.141928e+02	1.068720e-02
4.144269e+02	1.068830e-02
4.146520e+02	1.068560e-02
4.148853e+02	1.068300e-02
4.151099e+02	1.068740e-02
4.153405e+02	1.068450e-02
4.155753e+02	1.069060e-02
4.157990e+02	1.069400e-02
4.160280e+02	1.069150e-02
4.162581e+02	1.068960e-02
4.164861e+02	1.069110e-02
4.167192e+02	1.069060e-02
4.169430e+02	1.068750e-02
4.171727e+02	1.068690e-02
4.174052e+02	1.068790e-02
4.176301e+02	1.068900e-02
4.178634e+02	1.068630e-02
4.180887e+02	1.068550e-02
4.183209e+02	1.068600e-02
4.185448e+02	1.068810e-02
4.187789e+02	1.068810e-02
4.190043e+02	1.068620e-02
4.192357e+02	1.068650e-02
4.194677e+02	1.068800e-02
4.196921e+02	1.068400e-02
4.199236e+02	1.068580e-02
4.201491e+02	1.068680e-02
4.203784e+02	1.068510e-02
4.206101e+02	1.068650e-02
4.208339e+02	1.068530e-02
4.210629e+02	1.068360e-02
4.212960e+02	1.068730e-02
4.215201e+02	1.068640e-02
4.217526e+02	1.068700e-02
4.219957e+02	1.068620e-02
4.222212e+02	1.068560e-02
4.224557e+02	1.068740e-02
4.226782e+02	1.068780e-02
4.229116e+02	1.068800e-02
4.231356e+02	1.068810e-02
4.233676e+02	1.068720e-02
4.236118e+02	1.068660e-02
4.238360e+02	1.068510e-02
4.240653e+02	1.068660e-02
4.242963e+02	1.068520e-02
4.245225e+02	1.068590e-02
4.247526e+02	1.068230e-02
4.249854e+02	1.069070e-02
4.252088e+02	1.068460e-02
4.254401e+02	1.068670e-02
4.256635e+02	1.068960e-02
4.258957e+02	1.068770e-02
4.261607e+02	1.068420e-02
4.263966e+02	1.068920e-02
4.266201e+02	1.069030e-02
4.268528e+02	1.068740e-02
4.270982e+02	1.068590e-02
4.273421e+02	1.068470e-02
4.275658e+02	1.068460e-02
4.277948e+02	1.068540e-02
4.280328e+02	1.068110e-02
4.282778e+02	1.068510e-02
4.285021e+02	1.068400e-02
4.287314e+02	1.068460e-02
4.289614e+02	1.068480e-02
4.291864e+02	1.068600e-02
4.294209e+02	1.068460e-02
4.296452e+02	1.068140e-02
4.298790e+02	1.068440e-02
4.301083e+02	1.068350e-02
4.303337e+02	1.068000e-02
4.305663e+02	1.068440e-02
4.307890e+02	1.068430e-02
4.310201e+02	1.068130e-02
4.312445e+02	1.067990e-02
4.314756e+02	1.068290e-02
4.317004e+02	1.068290e-02
4.319310e+02	1.068060e-02
4.321551e+02	1.068540e-02
4.323921e+02	1.068260e-02
4.326150e+02	1.067980e-02
4.328485e+02	1.067850e-02
4.330726e+02	1.068180e-02
4.333017e+02	1.068420e-02
4.335411e+02	1.068150e-02
4.337721e+02	1.068180e-02
4.339960e+02	1.068150e-02
4.342314e+02	1.068330e-02
4.344564e+02	1.068310e-02
4.346851e+02	1.068280e-02
4.349123e+02	1.068280e-02
4.351413e+02	1.068050e-02
4.353701e+02	1.068470e-02
4.356032e+02	1.067970e-02
4.358258e+02	1.067990e-02
4.360596e+02	1.067780e-02
4.362830e+02	1.067930e-02
4.365164e+02	1.067940e-02
4.367391e+02	1.067790e-02
4.369718e+02	1.067710e-02
4.371970e+02	1.067520e-02
4.374271e+02	1.067780e-02
4.376567e+02	1.067570e-02
4.378892e+02	1.067550e-02
4.381141e+02	1.067670e-02
4.383442e+02	1.067620e-02
4.385680e+02	1.067680e-02
4.387983e+02	1.067790e-02
4.390239e+02	1.068000e-02
4.392590e+02	1.067930e-02
4.394938e+02	1.067550e-02
4.397200e+02	1.067330e-02
4.399523e+02	1.067580e-02
4.401756e+02	1.067430e-02
4.403990e+02	1.067600e-02
4.406320e+02	1.067840e-02
4.408557e+02	1.067610e-02
4.410888e+02	1.067700e-02
4.413527e+02	1.067830e-02
4.415878e+02	1.067970e-02
4.418116e+02	1.067870e-02
4.420414e+02	1.067650e-02
4.422703e+02	1.067680e-02
4.424959e+02	1.067960e-02
4.427265e+02	1.067810e-02
4.429575e+02	1.067640e-02
4.431807e+02	1.067790e-02
4.434131e+02	1.067570e-02
4.436386e+02	1.067380e-02
4.438691e+02	1.067260e-02
4.441012e+02	1.067860e-02
4.443462e+02	1.068190e-02
4.445701e+02	1.067910e-02
4.448050e+02	1.068080e-02
4.450297e+02	1.068270e-02
4.452627e+02	1.067940e-02
4.454869e+02	1.068180e-02
4.457273e+02	1.067330e-02
4.459498e+02	1.067650e-02
4.461781e+02	1.067660e-02
4.464084e+02	1.067900e-02
4.466412e+02	1.067550e-02
4.468651e+02	1.067720e-02
4.470949e+02	1.067580e-02
4.473244e+02	1.067520e-02
4.475595e+02	1.067050e-02
4.477908e+02	1.067460e-02
4.480219e+02	1.067040e-02
4.482461e+02	1.067530e-02
4.484768e+02	1.067590e-02
4.487117e+02	1.067750e-02
4.489363e+02	1.067700e-02
4.491691e+02	1.067570e-02
4.493933e+02	1.067550e-02
4.496207e+02	1.067110e-02
4.498537e+02	1.067390e-02
4.500771e+02	1.067320e-02
4.503107e+02	1.067640e-02
4.505346e+02	1.067550e-02
4.507642e+02	1.067950e-02
4.509937e+02	1.067460e-02
4.512232e+02	1.067600e-02
4.514746e+02	1.067430e-02
4.516993e+02	1.067400e-02
4.519302e+02	1.067540e-02
4.521552e+02	1.067170e-02
4.523837e+02	1.067360e-02
4.526180e+02	1.067400e-02
4.528407e+02	1.067300e-02
4.530702e+02	1.067070e-02
4.533011e+02	1.067360e-02
4.535235e+02	1.067220e-02
4.537556e+02	1.066990e-02
4.539784e+02	1.067100e-02
4.542077e+02	1.067200e-02
4.544350e+02	1.067110e-02
4.546636e+02	1.067340e-02
4.548942e+02	1.067500e-02
4.551190e+02	1.067050e-02
4.553530e+02	1.067210e-02
4.555843e+02	1.066990e-02
4.558138e+02	1.067230e-02
4.560509e+02	1.067010e-02
4.562758e+02	1.066910e-02
4.565478e+02	1.067210e-02
4.567813e+02	1.067090e-02
4.570120e+02	1.067230e-02
4.572366e+02	1.067250e-02
4.574701e+02	1.067060e-02
4.577140e+02	1.067190e-02
4.579380e+02	1.067220e-02
4.581700e+02	1.067270e-02
4.584133e+02	1.067410e-02
4.586379e+02	1.067190e-02
4.588679e+02	1.067210e-02
4.590921e+02	1.067070e-02
4.593241e+02	1.067180e-02
4.595550e+02	1.067020e-02
4.598007e+02	1.067140e-02
4.600444e+02	1.067050e-02
4.602681e+02	1.067090e-02
4.604962e+02	1.066940e-02
4.607299e+02	1.066980e-02
4.609530e+02	1.067170e-02
4.611846e+02	1.067130e-02
4.614163e+02	1.067140e-02
4.616449e+02	1.067190e-02
4.618761e+02	1.067090e-02
4.620991e+02	1.066890e-02
4.623278e+02	1.066890e-02
4.625612e+02	1.066730e-02
4.627844e+02	1.066900e-02
4.630173e+02	1.066940e-02
4.632619e+02	1.066750e-02
4.634865e+02	1.067180e-02
4.637209e+02	1.067160e-02
4.639443e+02	1.067240e-02
4.641821e+02	1.067080e-02
4.644049e+02	1.066590e-02
4.646561e+02	1.067190e-02
4.649013e+02	1.066990e-02
4.651236e+02	1.067160e-02
4.653552e+02	1.067260e-02
4.655997e+02	1.067010e-02
4.658238e+02	1.067180e-02
4.660583e+02	1.067230e-02
4.662840e+02	1.066860e-02
4.665183e+02	1.066950e-02
4.667491e+02	1.066950e-02
4.669737e+02	1.066860e-02
4.672058e+02	1.066770e-02
4.674495e+02	1.066730e-02
4.676938e+02	1.066580e-02
4.679197e+02	1.067010e-02
4.681548e+02	1.066770e-02
4.683992e+02	1.066930e-02
4.686244e+02	1.066700e-02
4.688535e+02	1.066610e-02
4.690857e+02	1.066890e-02
4.693296e+02	1.066530e-02
4.695539e+02	1.066520e-02
4.697838e+02	1.066310e-02
4.700093e+02	1.066510e-02
4.702395e+02	1.066280e-02
4.704690e+02	1.066420e-02
4.707145e+02	1.066560e-02
4.709424e+02	1.066360e-02
4.711715e+02	1.066090e-02
4.714081e+02	1.066110e-02
4.716730e+02	1.066380e-02
4.719034e+02	1.066160e-02
4.721323e+02	1.066380e-02
4.723567e+02	1.066170e-02
4.725862e+02	1.066320e-02
4.728191e+02	1.066150e-02
4.730432e+02	1.065870e-02
4.732742e+02	1.066440e-02
4.735002e+02	1.066190e-02
4.737291e+02	1.066130e-02
