6						
236						
	psnf10hex 260:265-500	Psnf 10 260:265-500	pshex 260:265-500	pvthex 260:265-500	pvtcef3 260:265-500	pvt-cef3 260:265-500
X	Y	Y	Y	Y	Y	Y
265	670.119	620.102	470.059	690.126	690.126	660.115
266	730.141	530.074	390.04	570.086	730.141	670.119
267	570.086	570.086	530.074	580.089	700.13	650.112
268	580.089	650.112	510.069	530.074	660.115	520.072
269	650.112	630.105	490.064	590.092	630.105	610.099
270	710.134	620.102	560.083	540.077	560.083	500.066
271	480.061	690.126	490.064	590.092	700.13	590.092
272	630.105	470.059	580.089	480.061	570.086	540.077
273	580.089	670.119	450.054	330.029	510.069	590.092
274	590.092	700.13	620.102	410.045	620.102	460.056
275	760.153	600.095	510.069	580.089	430.049	410.045
276	540.077	610.099	380.038	690.126	540.077	570.086
277	560.083	680.123	670.119	620.102	530.074	600.095
278	690.126	500.066	750.149	540.077	480.061	490.064
279	730.141	490.064	710.134	450.054	580.089	660.115
280	520.072	680.123	840.187	570.086	620.102	480.061
281	550.08	520.072	910.219	730.141	560.083	540.077
282	750.149	600.095	860.196	550.08	590.092	570.086
283	620.102	660.115	1170.36	590.092	520.072	610.099
284	620.102	550.08	1440.55	480.061	630.105	800.17
285	660.115	510.069	1380.5	550.08	680.123	540.077
286	520.072	680.123	1480.58	620.102	630.105	580.089
287	710.134	580.089	1650.72	670.119	580.089	640.109
288	670.119	680.123	1810.87	590.092	660.115	580.089
289	730.141	690.126	2171.25	680.123	750.149	640.109
290	870.201	870.201	3112.56	750.149	830.183	700.13
291	530.074	750.149	3863.95	1140.34	1230.4	570.086
292	750.149	660.115	4004.24	1030.28	1190.38	700.13
293	770.157	700.13	5558.17	1580.66	1250.41	780.161
294	830.183	700.13	6952.77	1830.89	1740.8	1140.34
295	780.161	700.13	8308.23	2611.81	2391.51	1260.42
296	650.112	680.123	9956.17	3623.47	3593.42	2211.29
297	680.123	640.109	11726.3	5267.34	4334.97	2782.05
298	670.119	720.137	12732.7	7755.89	6210.19	3793.81
299	660.115	520.072	14072.2	11062.3	7916.56	5718.65
300	620.102	730.141	15130.3	14303.9	9674.71	6742.01
301	650.112	660.115	16703.4	17722.7	11786.6	8187.71
302	710.134	760.153	17551.1	21703.8	14052	10117
303	780.161	710.134	20338.7	26443.4	16037.7	12279.8
304	600.095	760.153	23393.7	30015.9	18813.1	13810.3
305	780.161	750.149	23575.9	34379	21491.4	16410.9
306	690.126	850.191	25267.5	38415.2	23798.7	18277.9
307	970.249	930.229	28167.9	44751.5	27305.5	21370
308	800.17	620.102	28848	48635	28066.4	23717.7
309	760.153	810.174	31947.1	52536.5	32272.5	25571.5
310	1050.29	800.17	34043	57475.9	35713.3	27102.6
311	830.183	700.13	35285.4	60889.4	38803	28462.3
312	960.244	850.191	37313.6	63895.2	39701.2	30889.8
313	1270.43	860.196	38547.8	66543.3	41938.5	32313.2
314	1300.45	990.26	40160.7	67558	42684.8	32964.2
315	2621.82	1170.36	43042.7	70895.6	46092.9	35570.6
316	4465.27	1320.46	43943	71269.1	46574.4	35550.3
317	9845.59	2131.2	46431	74748.1	48563.2	36610.1
318	17288.7	3663.55	50574.5	76193.5	51005.8	37864.3
319	30046.4	6099.84	55550.1	79774.9	51991.9	38803
320	47353.3	12340.2	63461.1	85075.7	54356.5	40732.7
321	85086.1	29772.2	64867.2	85211.5	53677.7	42664.3
322	135520	59857.5	68334.9	86716.7	56137	42889.3
323	191565	105111	65870.6	89112.8	57280.2	43267.7
324	245650	160914	68407.4	88359.2	57136	44188.5
325	281685	203891	66346.7	91061.1	60074.1	44362.5
326	303684	238025	65105	91333.6	59218	45304.3
327	318101	264061	63533.4	87731.3	59248.9	44526.3
328	328743	284141	63109.7	88934.9	58877.7	44597.9
329	351948	314200	63657.5	86601.7	59135.5	44935.7
330	381739	343177	65736.1	87930.1	61147.4	44065.7
331	403773	366231	66253.5	90076.3	58908.7	43697.4
332	415358	383081	66470.9	87762.7	60301.1	44035
333	432194	399316	64298.4	86967.7	60198	42194
334	469037	429944	66688.3	85984.9	59609.9	41468.3
335	506085	464743	68811.5	84417.5	60497.2	40456.9
336	515127	476001	65943	82089.6	58712.8	40068.8
337	506123	448248	65001.6	82319.2	58279.8	39762.5
338	473761	434581	63058.1	82987.1	56209	39088.7
339	457761	416440	61343.6	80379.4	56734.2	38333.6
340	446180	397193	59352.1	77005	56713.6	37211.6
341	429260	378136	58063.3	75434.3	55035.5	36406.2
342	410965	363995	54490.2	73397.3	54109.6	33890.3
343	386499	339234	53266.4	70097	53071	34358.6
344	369732	325619	51591.2	69609.7	52567.3	33391.6
345	361915	314352	50081.7	68573.2	50482.1	32526.8
346	361499	311968	49353.1	66677.9	50779.9	31906.4
347	370745	311549	49671.2	65125.7	48829.9	30930.5
348	370542	311619	47097	66284.6	48635	30198.8
349	366564	308008	46625.6	62149	48419.6	30005.8
350	360538	299057	45007.4	61508.8	47589	29091.7
351	350316	295200	44853.8	58857.1	46062.2	29701
352	341564	287979	41427.5	57651.1	45611.5	27234.5
353	320375	264801	39660.4	55910.4	42408.7	26433.2
354	297832	239859	37323.8	54130.2	43400.7	25449.9
355	270829	228859	34888.2	51283.1	41570.5	24132.9
356	263026	207092	33116.9	49260.7	39987.1	23363.3
357	249275	203161	31845.4	45939.3	36742.6	22280.4
358	236250	194064	30991.4	44864.1	36508.2	22148.9
359	223112	176249	27437.3	43840.6	36457.2	21663.3
360	209665	165756	26504.2	41877.1	34053.2	20217.5
361	197835	159092	25338.4	39007.1	32679.4	19954.7
362	181970	147941	24588.7	37996.9	32069.1	18045.7
363	177101	140636	22351.2	36498	30026.1	18318.3
364	170043	134728	21804.9	34043	30737.4	17157.5
365	167376	133732	21511.6	33859.8	28766.8	17601.5
366	159754	129829	20217.5	32231.8	27904.1	16471.4
367	159114	124570	19580.8	31357.4	27224.3	15321.8
368	150065	117900	18782.8	30859.3	26413	15775.5
369	141517	111125	17157.5	28756.7	24345.6	15654.5
370	131935	106843	16289.9	27457.6	23818.9	14183
371	123377	99157.4	15826	27488.1	23241.8	14838
372	114165	91071.6	14838	25429.7	22017.3	14142.7
373	105238	86999.1	14092.3	24345.6	22108.4	13457.7
374	99852	79566.5	13357	23991.1	20359	13800.2
375	94837.4	75132.8	12179.1	22715.5	19399	12662.3
376	90767.7	71383.3	11504.9	22432.2	19065.6	12179.1
377	87333.8	68117.3	10971.8	21906.1	18055.8	12048.3
378	81985.3	67972.3	10328.2	20015.3	17631.8	12088.5
379	77983.4	61952.8	9855.64	19621.2	17066.7	11394.3
380	72286.2	60765.5	9604.35	19580.8	16532	11354
381	70584.4	57496.6	9282.75	18277.9	16219.3	11595.5
382	69402.3	55797.2	8910.97	18288	15957.1	11414.4
383	63957.2	52772.9	8358.45	17520.8	15422.6	10891.3
384	63151.1	49332.6	8217.84	17056.6	14989.2	11092.5
385	60765.5	50656.6	7876.39	15543.6	14424.8	10277.9
386	60631.4	47958.1	7223.79	15755.4	13890.9	10127.1
387	58877.7	47138	7304.1	16521.9	13699.5	10006.4
388	55385.5	43400.7	6350.66	15100.1	12974.4	9885.8
389	54407.9	42163.4	6501.17	15190.8	12591.8	9272.7
390	52670.1	43533.7	6380.76	14696.9	12350.2	9132.02
391	51673.4	40610.1	6370.73	14162.9	12249.6	9413.39
392	48983.7	39068.3	5969.42	13719.6	11484.8	8800.45
393	47906.9	37731.7	5768.8	13256.3	11565.3	9061.68
394	45068.8	36457.2	5588.26	13578.6	11374.1	8699.99
395	43308.7	33544.3	5497.99	12209.3	10408.6	7755.89
396	41008.5	32537	5508.02	11494.9	10931.5	8087.28
397	39231.6	31276	5026.68	10740.4	9634.5	8237.92
398	38160.1	31713.2	4314.93	11847	9996.38	7394.45
399	38282.6	28198.4	4665.76	10871.2	9473.69	7464.72
400	35315.9	28878.5	4094.44	10458.9	9232.51	7304.1
401	35275.2	26666.5	4695.83	9855.64	8971.25	6581.45
402	33025.3	26189.9	4685.81	9604.35	8589.49	7053.15
403	32872.7	25287.8	4294.88	9513.9	7976.81	6380.76
404	32526.8	24933.1	3693.61	9976.27	7836.22	6170.06
405	31367.5	24548.2	3904.03	8981.3	8358.45	5818.95
406	30960.9	23525.3	3423.1	9091.83	8006.94	5758.77
407	28645	22189.3	3573.38	8519.17	7705.69	5518.05
408	28543.5	22280.4	3773.77	8509.12	7615.32	5939.33
409	27853.3	21157.6	3994.22	8649.76	7203.71	5427.79
410	28685.6	20783.5	3473.19	8338.36	6942.74	5558.17
411	26129.1	19590.9	3633.49	8298.19	6822.3	4906.37
412	26068.2	19813.2	3312.9	8408.67	6350.66	5136.98
413	25662.8	18005.3	3443.14	7354.29	6360.69	4816.13
414	23869.6	18015.4	2962.32	7253.9	6350.66	4555.49
415	23829.1	17076.8	3322.92	6842.37	6109.87	4435.2
416	23829.1	16209.2	3342.96	6641.66	5377.65	4184.63
417	22826.8	16945.6	2802.08	6822.3	5618.35	4294.88
418	21177.9	15442.8	2972.34	6430.93	5869.11	4264.81
419	20813.9	15241.2	2731.98	5839.01	4816.13	3843.91
420	20915	14878.3	2822.11	6119.9	5177.09	4084.41
421	19813.2	15170.6	2551.72	5277.36	5056.76	3873.97
422	19095.9	13951.3	2441.58	5788.86	5437.82	3583.4
423	19126.2	13276.5	2401.53	5508.02	4655.73	3693.61
424	18631.3	12239.5	2461.6	5066.79	4625.66	3403.06
425	17864	12279.8	2211.29	5177.09	4715.88	3413.08
426	16632.8	12360.3	2391.51	4826.16	4244.77	3222.75
427	17177.7	11726.3	2681.9	4515.39	4806.11	3272.83
428	16471.4	11887.3	2361.48	4936.44	4525.42	3132.6
429	15997.4	10831	2031.09	4515.39	4274.83	2922.26
430	15634.4	11585.4	2201.28	4575.54	3954.14	3062.48
431	14807.8	10720.3	2141.21	4495.35	3944.12	2912.24
432	15019.4	10629.8	1910.97	4355.02	3683.59	2621.82
433	13931.1	9132.02	2101.17	4114.48	3783.79	3182.68
434	13336.9	9996.38	1850.91	4174.61	3403.06	2601.79
435	13447.7	9765.17	1820.88	3573.38	3523.28	2631.83
436	13447.7	9172.21	1690.76	4164.59	3172.66	2291.39
437	12481.1	8539.26	1640.71	3553.34	3513.27	2521.68
438	12632.1	8398.63	1750.81	3673.57	3212.73	2581.76
439	12199.2	8609.58	1600.68	3302.89	2972.34	2641.85
440	11756.5	7936.64	1860.92	3533.3	3182.68	2211.29
441	10901.4	7906.51	1770.83	3232.77	2912.24	2241.33
442	10629.8	7113.37	1610.69	3383.03	2882.2	2111.18
443	9815.43	7394.45	1720.78	3202.71	2952.31	1981.04
444	10187.4	7755.89	1470.57	3483.21	2741.99	1941
445	9373.2	6471.07	1380.5	2922.26	2992.37	1930.99
446	9905.9	6290.46	1640.71	2812.09	2671.89	2311.41
447	8810.5	6079.77	1550.64	2812.09	2481.63	2031.09
448	9403.34	6491.14	1400.52	2962.32	2341.45	2101.17
449	8509.12	5818.95	1390.51	2601.79	2441.58	1941
450	8227.88	5969.42	1420.53	2421.55	2341.45	1730.79
451	7806.1	5497.99	1390.51	2581.76	2591.78	1981.04
452	7243.87	5347.56	1260.42	2241.33	2241.33	1860.92
453	6962.81	5066.79	1280.43	2281.38	2121.19	2141.21
454	7374.37	5066.79	1290.44	2511.67	2161.24	1570.65
455	6912.63	5046.74	1460.56	2291.39	2091.16	1660.73
456	6360.69	5056.76	1420.53	1830.89	2191.27	2011.07
457	6491.14	4525.42	1280.43	2321.43	1900.96	1720.78
458	6200.16	4274.83	1430.54	2071.14	2041.1	1560.65
459	6310.53	4134.52	1040.29	1910.97	1740.8	1580.66
460	6139.97	4355.02	1190.38	1840.9	1690.76	1530.62
461	5548.14	4284.86	1300.45	2181.26	1790.85	1460.56
462	5247.28	3904.03	1320.46	1710.78	1340.48	1380.5
463	5227.23	3803.83	1000.27	2071.14	1850.91	1390.51
464	5347.56	3823.87	1200.38	1920.98	1550.64	1520.61
465	5327.51	3793.81	1170.36	1810.87	1540.63	1160.36
466	5387.68	3493.23	1240.41	1550.64	1790.85	1510.6
467	4826.16	3863.95	1060.3	1560.65	1510.6	1320.46
468	4645.71	3312.9	1140.34	1690.76	1790.85	1320.46
469	4535.44	3212.73	1280.43	1630.7	1820.88	1480.58
470	4505.37	3292.87	1280.43	1770.83	1730.79	1410.53
471	4365.04	3322.92	1100.32	1780.84	1500.6	1360.49
472	4274.83	3373.01	1290.44	1510.6	1610.69	1070.3
473	4194.65	3413.08	1060.3	1450.56	1460.56	1200.38
474	3673.57	3563.36	1160.36	1540.63	1620.7	1160.36
475	3593.42	2782.05	1000.27	1540.63	1540.63	1370.5
476	3603.44	2691.92	970.249	1190.38	1230.4	1330.47
477	3352.98	2581.76	960.244	1270.43	1370.5	1080.31
478	3673.57	2531.7	1170.36	1330.47	1390.51	1000.27
479	3523.28	2571.75	990.26	1360.49	1370.5	1310.45
480	3302.89	2882.2	1120.33	1470.57	1350.48	1160.36
481	2882.2	2621.82	1200.38	1290.44	1330.47	1240.41
482	3292.87	2691.92	1210.39	1330.47	1380.5	1100.32
483	3002.39	2551.72	1290.44	1320.46	1070.3	1060.3
484	3122.58	2181.26	1040.29	1200.38	1170.36	990.26
485	2711.95	2501.66	970.249	1490.59	1420.53	1050.29
486	2802.08	2171.25	880.205	1250.41	1250.41	1150.35
487	2992.37	2151.23	980.255	1240.41	1110.33	1020.28
488	2301.4	2231.32	840.187	1320.46	1360.49	1050.29
489	2171.25	2071.14	910.219	1250.41	1230.4	1150.35
490	2321.43	1840.9	740.145	1260.42	1130.34	1020.28
491	2271.37	2001.06	1060.3	1050.29	1260.42	830.183
492	2171.25	1730.79	990.26	1130.34	1000.27	1130.34
493	2171.25	2001.06	1020.28	1160.36	950.239	770.157
494	2231.32	2201.28	870.201	870.201	1190.38	1080.31
495	2311.41	1910.97	930.229	990.26	1240.41	950.239
496	1951.01	1810.87	900.215	980.255	1270.43	1150.35
497	2061.12	1760.82	880.205	930.229	1000.27	920.224
498	1951.01	1600.68	970.249	980.255	1080.31	1040.29
499	1830.89	1530.62	910.219	1210.39	1130.34	990.26
500	1850.91	1480.58	960.244	930.229	940.234	1080.31
