Long de onda PS1 rendigas 1 mm 260:265-600 PSchiquito 260:265-600 Ps NF 5 260:265-600 Ps NF 10 260:265-600 Pf Nf 15 260:265-600 Pf Nf 20 260:265-600
266 76092.79692 81330.27435 109273.6593 112260.9082 125449.9352 102377.1686
267 84873.6662 77144.11731 94773.46681 105474.0511 108234.5957 121732.6704
268 59186.36867 72443.97004 102918.2024 106949.3867 96274.66302 129563.9687
269 59889.92977 44961.3908 95044.54275 94155.50367 72378.4951 110779.957
270 35019.65003 39245.91318 60316.9778 59691.93864 63109.24399 71102.8835
271 25868.53223 31452.24288 43587.27071 54048.8902 45809.85495 51227.49107
272 22774.48997 22852.58681 34341.65997 45210.50645 36479.3056 44426.54032
273 22788.76331 21854.89932 31035.93257 34665.02405 31336.55088 33626.3054
274 17139.88352 24556.8074 28780.22713 38289.01247 28448.34048 36410.5754
275 15527.12921 17068.53807 21282.0772 29812.37613 27040.64283 32298.57175
276 16022.37848 11928.85801 18609.78969 28151.76845 19897.29296 27479.98193
277 13750.47967 13368.19511 20221.70603 26701.57211 17778.05772 24455.37781
278 10991.35491 14622.909 18745.45736 25243.58456 17470.79609 19809.20434
279 9760.872892 12067.54337 13725.2444 13568.60625 14940.34356 21811.96431
280 6799.008154 8776.41928 14654.76576 16618.0437 12289.56763 15560.76847
281 10563.50436 7088.353315 10324.11711 10902.34939 10666.75699 14614.51428
282 12307.82859 7917.6289 13512.51814 16041.05867 11196.72526 16474.23394
283 7984.611446 6540.38661 13588.2607 12650.93117 11194.23438 11501.29485
284 11895.4288 5607.169373 10807.0247 11493.52155 10506.61943 13750.597
285 13311.26626 6250.143205 11222.3378 9135.719659 12306.32767 11124.1863
286 15017.69297 5611.683857 8489.524619 10552.0834 9146.449918 11124.93924
287 15630.71591 4202.417805 8985.808373 10902.51132 9425.084521 10159.67868
288 17011.38663 3771.833477 7535.278935 8837.620343 7463.492587 8695.880397
289 20908.93189 3863.101153 8858.229974 9427.05275 5876.423765 7964.496552
290 26913.19103 4432.911237 5648.74599 8040.134888 7279.847985 8678.001182
291 33274.19592 4118.689511 5801.998002 6647.215636 6589.156722 8336.540021
292 40738.61699 4370.531524 7080.113532 6545.152482 6223.533456 7607.247321
293 49105.58154 5111.965361 6368.145281 7328.875717 6820.801051 7425.594025
294 65182.46756 3903.618305 6544.523723 6735.675716 6685.687162 5862.343906
295 75842.94149 5695.347573 5232.674395 6135.435092 5907.563682 6854.142462
296 87843.2459 7216.096587 5240.803469 6648.864837 5493.654899 5533.039092
297 101793.1008 10000.92753 4805.416096 5816.041572 4720.690147 5932.196597
298 112943.5965 14298.87641 4700.247316 5528.133777 4168.020981 6314.532954
299 126397.6865 16687.12144 3951.690059 5840.312153 5208.027546 5797.325794
300 136075.3568 20393.1794 4505.230418 4468.227124 4639.941923 5053.020357
301 151026.8968 25966.39821 4428.924622 6279.396453 4828.25337 5766.858823
302 161205.5063 28652.46491 4265.297157 4326.583854 4228.067713 5054.237543
303 176485.0065 33654.9197 5095.660994 5031.161266 3918.860219 4991.970436
304 182553.0683 41341.25326 4113.661615 4521.154686 4752.74011 5069.520617
305 198088.3397 44651.25271 4235.420485 4743.093252 4427.514827 5528.464849
306 205970.2651 48263.27997 4663.45896 4770.191593 4683.947268 5228.664591
307 222460.6328 53587.87121 4914.188435 5068.960074 4087.79195 5269.371869
308 224802.1498 57080.42917 4356.114036 4706.849686 3841.377509 4847.152559
309 235295.0503 61519.84125 4206.374152 5185.392542 3617.691777 4895.115331
310 245237.5223 67082.8988 4230.403122 4977.812052 4045.450822 5214.761498
311 247997.7041 71929.57334 4722.605781 4839.371362 4858.588457 5141.292184
312 252707.4434 73938.2798 5287.341504 5376.862392 4254.019465 4671.029123
313 263175.1251 75888.40621 5797.152348 5320.276916 4608.072313 5914.687522
314 270214.9965 80584.04389 6773.119984 6953.603194 5032.908481 6257.87903
315 270595.5578 81691.0309 8773.16791 7486.536292 5080.840764 5593.190589
316 277538.0562 88885.26501 17043.60099 9569.406763 5553.633942 6681.069432
317 280110.1322 92865.00898 32458.24249 12165.49355 6997.662092 7553.588752
318 282853.3999 98446.06075 63543.19394 18752.19203 8629.106508 9107.883248
319 283863.4286 100262.2077 123785.0134 34911.50918 12804.44492 10260.89932
320 285788.8729 106362.7448 222722.6252 69514.87464 23960.21396 15812.25067
321 284725.6473 110509.3191 376808.5362 169748.976 56133.04427 39121.3648
322 288907.262 113929.7137 643561.8025 336747.9307 151320.9945 96411.30233
323 289812.1549 115062.6233 932315.5692 633022.7967 319572.0237 231025.2339
324 287174.0582 120476.5089 1292362.408 1008847.404 547386.8215 476219.1857
325 292812.9667 124818.9766 1615433.566 1418102.01 861540.1042 831160.6438
326 287659.546 125325.3936 1852422.231 1869917.575 1186231.299 1223894.35
327 288054.9397 125322.6567 1.98E+06 2.15E+06 1432860.197 1612787.533
328 280502.2677 126352.1182 2.04E+06 2.39E+06 1651725.478 1.92E+06
329 274553.6499 128923.805 2.12E+06 2.58E+06 1850947.977 2.24E+06
330 274665.1762 130709.6818 2.20E+06 2.75E+06 2.02E+06 2.53E+06
331 269824.907 133449.6154 2.28E+06 2.91E+06 2.19E+06 2.77E+06
332 267194.7896 130329.5438 2.37E+06 3.04E+06 2.30E+06 2.97E+06
333 264586.5834 133656.6073 2.49E+06 3.20E+06 2.42E+06 3.20E+06
334 268057.675 137275.9541 2.61E+06 3.38E+06 2.55E+06 3.39E+06
335 262802.3371 136534.7837 2.69E+06 3.51E+06 2.68E+06 3.55E+06
336 257195.5696 139694.1832 2.79E+06 3.63E+06 2.77E+06 3.72E+06
337 251488.2796 136746.659 2.80E+06 3.63E+06 2.78E+06 3.74E+06
338 243191.3024 133114.1178 2.72E+06 3.54E+06 2.71E+06 3.69E+06
339 232817.718 129921.8266 2.59E+06 3.39E+06 2.61E+06 3.55E+06
340 228373.0226 128256.8274 2.44E+06 3.22E+06 2.50E+06 3.39E+06
341 217356.1232 122911.041 2.33E+06 3.07E+06 2.38E+06 3.28E+06
342 209949.3737 122073.5203 2.21E+06 2.93E+06 2.28E+06 3.12E+06
343 204541.8426 118646.0656 2.09E+06 2.77E+06 2.15E+06 2.97E+06
344 195807.2763 117859.0101 1.96E+06 2.61E+06 2.01E+06 2.79E+06
345 192467.7464 112311.4511 1.84E+06 2.46E+06 1.93E+06 2.66E+06
346 183472.0596 110165.4943 1.77E+06 2.34E+06 1.83E+06 2.55E+06
347 178117.8053 107291.4163 1.72E+06 2.29E+06 1.80E+06 2.50E+06
348 172557.3324 104963.1038 1.70E+06 2.25E+06 1.77E+06 2.46E+06
349 166515.552 103153.4522 1.66E+06 2.21E+06 1.75E+06 2.42E+06
350 160550.7823 100398.4452 1.62E+06 2.17E+06 1.69E+06 2.38E+06
351 156207.8602 96104.24159 1.57E+06 2.10E+06 1.67E+06 2.30E+06
352 145356.9732 90367.91549 1.52E+06 2.01E+06 1.60E+06 2.22E+06
353 142073.0437 91145.42306 1438982.204 1.91E+06 1.54E+06 2.14E+06
354 136733.5816 87257.99858 1355879.442 1.81E+06 1.45E+06 2.03E+06
355 131589.2097 84540.43463 1268249.145 1.71E+06 1383738.234 1.94E+06
356 123432.5402 83518.97738 1190320.764 1.61E+06 1305291.141 1.83E+06
357 119155.9558 76738.15648 1094900.373 1.48E+06 1206528.561 1.69E+06
358 112124.7589 75865.56974 1006620.346 1371517.999 1116797.952 1.57E+06
359 105827.7585 70342.73583 952163.3837 1300082.771 1062418.26 1.52E+06
360 100474.5708 68751.30198 905646.837 1245199.503 1027301.85 1.45E+06
361 97153.31561 64735.99531 828653.9969 1147789.965 968515.1977 1375523.141
362 88360.30185 64180.25716 776082.8911 1086451.534 907020.5228 1289775.662
363 87252.40671 60726.57099 737278.4819 1029965.027 867065.9175 1231500.458
364 82606.65321 58166.87818 698156.9351 971704.3041 834104.2368 1199684.517
365 78951.14858 57846.79875 662874.1798 926927.4171 805700.4849 1141371.459
366 75371.25225 52026.18413 637593.3898 891390.5348 779611.8206 1116578.781
367 71035.73915 53255.02864 608313.218 869737.608 759941.8204 1085019.006
368 67672.32239 51833.31868 590171.4586 832722.7509 739525.5427 1050051.077
369 65828.12593 50010.76723 557429.6201 793095.5596 710825.5457 1019055.315
370 61526.53299 48661.93387 521805.7691 760364.9284 691259.2252 983042.0022
371 57607.53495 45963.49459 490589.1452 720650.7444 655526.6268 952444.1376
372 57796.65903 42831.20144 463324.5889 680596.8108 629615.5306 901532.4437
373 52970.5051 42574.27105 431445.7788 639440.9843 599744.7083 869187.5174
374 51911.80441 39519.14392 395489.1935 597794.734 576036.4762 826342.8713
375 48702.61113 39421.97887 368499.0948 562038.3593 536953.447 798201.8317
376 44777.53592 38474.60525 340498.2297 534318.1233 515820.551 756520.3172
377 44998.07999 35838.69274 321459.5525 502981.924 503011.1556 728346.3461
378 41826.60255 33816.40349 305186.125 486429.7987 488470.4843 713843.8655
379 39880.7756 33380.59545 292108.2276 465505.6417 474752.3247 695146.0843
380 36743.91036 30884.64338 273892.5068 449731.6009 464121.6092 671946.8402
381 35367.685 30096.95175 263572.7349 424641.8741 449133.4378 653342.3638
382 34577.79383 28574.97021 247291.7131 412349.4225 437022.408 643115.8743
383 33803.82691 26886.51142 235929.8665 390723.6114 422766.3803 620935.1007
384 30478.59857 27650.37019 221531.2535 381030.7255 409105.2373 608790.1507
385 29647.49854 25823.7812 213863.3321 371734.5419 405023.6298 594574.671
386 28746.01714 25349.14781 207179.6937 358679.4096 397669.732 581357.8996
387 28018.71978 24692.3443 199710.0257 348309.8521 391078.2727 575709.0576
388 26344.35827 24518.73171 191380.257 340599.3729 378061.3278 566057.0819
389 24706.92693 22638.39165 185140.9112 325477.8535 376184.3242 555893.2435
390 23829.86176 21752.42656 176279.6232 313587.2607 362852.1947 545960.7771
391 22420.63866 21872.28245 169250.7502 303167.6229 354523.919 531170.9115
392 22256.46961 21229.33454 159873.9538 298083.4044 343488.4639 520954.5299
393 21881.54873 19175.68079 152816.1658 282758.1236 339554.1606 505238.6086
394 20603.06651 19338.28999 146323.5763 274769.494 330194.0639 496342.5386
395 19711.29775 18086.02681 138655.9265 264163.2249 318920.5571 482036.4092
396 19427.15057 18279.33182 134594.1836 259797.2572 316747.4813 467127.7568
397 21218.56058 18024.17754 126501.9711 249954.021 301989.9119 460241.4976
398 21583.55966 16131.54464 125455.5129 241932.771 294349.2432 448961.649
399 21842.68635 15344.14181 119161.298 235978.8017 289377.2906 440407.9395
400 23066.18259 14165.91926 117791.8347 230603.33 284586.9608 421752.3609
401 22840.87084 13946.42856 111833.3871 220275.7874 274079.7339 415272.9577
402 22159.00823 13705.10425 106120.0579 211749.1887 270481.3791 402326.6148
403 21623.03761 12373.0542 105304.5793 208909.1897 261691.6024 394085.1863
404 20858.28396 13259.40627 99923.46042 203644.2597 259369.9 389989.9918
405 20609.83554 12922.76699 95984.42921 201680.7634 252775.4993 381828.6638
406 19119.29437 12624.20534 94965.71078 190361.7203 246013.367 369017.4946
407 18478.61966 10625.43451 92045.37185 183623.814 241408.053 361583.9902
408 17609.05247 11235.26304 87532.049 181912.2193 237925.4471 358217.0634
409 19046.25385 11039.14206 88592.81338 179443.9018 228340.3747 344062.4778
410 17175.67155 10816.25248 82551.50054 170952.6178 222055.2553 338555.7835
411 18323.26513 10875.32738 79077.15601 167908.0703 218909.8463 327587.8285
412 18216.40021 10242.48168 78003.31272 161861.2219 213976.0763 315897.0905
413 17700.01051 9654.446078 76182.14611 159593.0085 207419.9122 310331.064
414 17069.28527 9216.893153 73962.98448 152968.5764 197741.5311 299169.8626
415 16175.67118 9710.257784 71853.76841 147997.7109 193404.6354 294938.411
416 16651.43099 8733.871069 68018.26624 145244.9034 189508.6746 286975.9246
417 16176.64789 9416.106565 66560.15247 136700.1854 183205.9307 278152.9168
418 15762.96386 9866.156092 63397.36228 136440.7032 180936.9135 273161.747
419 14578.72221 8758.193752 61883.07419 128358.4764 172118.7754 263728.7297
420 14696.7495 8496.770029 58101.48039 126897.6599 167571.7253 251739.763
421 14811.98324 8501.562121 56680.28134 123140.2622 165939.8256 249071.2489
422 13315.36918 8891.083343 55950.45521 118431.3411 161776.8952 240039.7744
423 13161.67586 8385.65713 52915.17894 115252.4213 153882.7256 234327.8902
424 11847.10077 7641.125752 50955.23086 110179.765 152277.2756 227264.1413
425 12475.54603 8316.401331 50422.94309 107689.8056 147072.0265 222320.8057
426 11102.22524 8233.587997 47339.03851 102817.786 141694.6649 214498.6953
427 11727.37456 8479.936237 47973.85001 101212.7237 140744.3043 206888.1768
428 11745.3893 7419.116714 44496.72796 98683.26241 133480.4282 204933.7457
429 11613.7123 7530.9754 45745.35135 94693.82311 126230.4415 197268.8123
430 11369.74871 7630.790637 42313.90518 92268.81603 124461.8416 189108.2522
431 11512.47937 7584.935579 41607.1679 91836.21859 121033.4144 187218.4373
432 11088.76532 7506.080131 39854.59549 84807.03621 116716.1746 176153.9967
433 10721.24506 7981.79689 39427.88847 84537.718 113910.1581 173332.2661
434 10253.18528 7758.972977 38237.21682 83107.71884 109438.6224 170538.8211
435 9392.88766 7568.11795 36870.25468 79039.03015 106188.3516 164140.0763
436 9858.718489 7426.890143 36688.03518 73705.47606 103403.421 156658.3078
437 10071.74089 7504.155202 35845.24672 74770.60834 98731.45968 154487.7727
438 9988.814465 7636.846738 33005.9573 71770.5204 97206.99843 151444.6163
439 8917.873055 7358.761432 32976.25342 69623.80612 93637.95317 145913.5874
440 8450.903876 7445.453157 31179.87407 66955.67677 90659.88118 141258.9277
441 8429.887907 7828.668646 30055.96148 63136.0375 87145.99043 135726.7617
442 7930.627203 7179.966877 28829.37796 61314.01014 84119.72145 131978.4741
443 8293.464276 7292.938027 28484.02475 59136.21553 80087.2738 128408.1188
444 7892.66008 7039.109499 26682.96644 58405.85518 79291.02757 123606.9043
445 7948.186098 7023.773141 25550.47021 57480.00671 77987.83082 118060.6212
446 8160.365561 6834.688934 26103.28473 53952.54768 72452.90429 117622.0679
447 7524.905009 7452.866105 25515.50561 50029.14663 71483.5176 112355.365
448 8240.17503 6935.109775 24183.00032 48867.35134 67056.0804 109210.0331
449 8157.918648 7774.385406 23109.3143 50189.78849 64500.4167 103716.5606
450 8233.030734 7236.850593 23653.97907 46470.0073 63662.53391 102115.4236
451 7315.133318 7528.981124 22215.39051 44535.78931 60623.29877 96965.94417
452 8395.968769 7097.294377 20574.76565 42793.23303 58622.71642 92781.20164
453 8463.917126 6964.647376 21838.49886 41431.74096 58178.47051 90334.57116
454 7948.355866 7291.364712 19953.61928 41697.98905 54657.95548 88091.39331
455 8015.001669 6957.533619 20120.96416 40561.5998 54251.92704 85897.1626
456 7768.865966 6998.37629 19566.64978 38953.44579 50209.31855 81141.75267
457 7606.086723 6575.322047 20156.96651 37840.08648 51088.28142 79119.55262
458 7998.348373 6965.065491 19236.2317 36623.51319 48520.49103 80076.53257
459 7830.386224 6524.139677 17443.04705 35420.01331 46698.53407 74283.62711
460 7823.594429 6138.787702 17964.30451 34964.00461 44865.94279 72093.25336
461 7981.63911 6293.36649 17917.96481 33012.54026 44958.43353 70501.48556
462 7893.887367 6580.516968 17352.68862 31686.73907 41207.71569 69446.67185
463 7895.724018 6595.487038 15939.68019 29686.60262 41163.32651 64071.67336
464 7045.151325 6637.831268 15962.23232 29663.74393 38264.06977 62982.41748
465 7416.668504 6539.317421 14930.28815 27114.08977 38655.36324 59978.41729
466 7079.396158 5816.90664 14966.31398 28012.66416 36091.5131 59040.24502
467 8153.864239 5904.827835 14976.75652 27461.75841 36323.79858 57884.44481
468 7708.582851 5874.044703 13698.49484 26362.11645 33406.12375 55630.83492
469 7615.071355 6387.406001 14254.32247 24645.48351 32732.95733 53843.69405
470 7692.380984 5563.422117 14347.71999 25370.12626 32208.66485 54579.93846
471 8799.288242 5768.45174 13333.34377 25640.51324 31679.35099 50110.08065
472 7942.305354 5394.616883 12970.12717 23878.19855 30397.97479 49985.34058
473 7815.85757 5719.935189 13516.74141 23921.03026 29156.46098 46529.34944
474 8048.938109 6232.161837 12743.26573 21581.49817 28695.41266 45667.8453
475 7181.634679 5633.42013 12819.10708 20361.34581 27802.35435 43732.20633
476 7452.72754 5883.682035 12424.66696 20591.74457 23805.12075 44755.30464
477 7999.57299 5663.498844 12020.92919 19777.68597 24864.48707 41788.98857
478 7656.262446 5330.160226 11291.09594 19760.87827 24510.86884 40914.58259
479 7284.595025 5591.895385 10479.09617 18410.46754 23723.83521 37887.59336
480 7159.429616 5979.661029 11494.56299 18580.16081 22599.85209 36154.87826
481 7189.880222 5216.768206 10931.86498 18083.72199 21914.64917 36397.59055
482 7014.841756 5722.823198 10388.07251 17926.4652 20629.22087 35033.53203
483 6999.753232 5229.400353 10923.11127 16737.66106 21161.437 34565.66665
484 6765.561837 5040.967037 9877.560237 16469.66861 19963.64297 34210.3975
485 6335.210965 5061.147432 9764.926973 16143.42475 18394.68632 33227.02807
486 5832.923076 4739.32538 8862.576938 15262.81212 18118.56874 31907.6501
487 6549.408665 4499.081035 8765.76913 14581.34225 17847.54877 29004.9293
488 5808.305414 4794.633329 8800.677057 13699.16232 17332.74976 28873.69643
489 6122.801417 4025.450729 8856.584478 13766.15603 15144.3886 27531.94601
490 6452.412974 4697.162554 7838.917052 13490.2295 16488.89938 26857.2659
491 6870.027716 4670.88792 8475.197304 14673.86491 14892.88589 26597.33057
492 6289.086687 4526.809321 8604.512315 13500.40147 15166.42085 26567.74209
493 5509.365945 4312.654785 8453.05918 12576.423 14352.17327 23894.46287
494 5427.695417 4984.575847 8098.206639 11816.54791 13382.18803 23313.96406
495 5848.65082 4214.007869 8081.584352 11166.59536 13411.33496 23121.19924
496 5385.753439 3701.456027 7617.854124 11137.45607 13745.5227 22687.49835
497 4663.967057 4171.244105 7451.120675 10925.55497 12967.16545 22440.39644
498 4997.835803 4201.830684 7465.098254 10787.57399 11792.5018 20919.33104
499 5441.526238 4228.935499 6855.424701 10638.00109 12212.80951 21717.18423
500 5250.795444 3825.216534 6658.462303 10226.67082 11505.85697 18980.4253
501 4611.836436 3760.431936 6427.761042 9610.499447 11311.88507 18598.83297
502 5163.142236 3306.214678 7016.286454 9406.924266 10712.11496 18102.98141
503 4706.996384 3495.931337 6684.0163 9342.520518 10417.64102 17799.78223
504 5076.565498 3180.863122 7151.734375 9461.098894 10430.40655 17634.49882
505 4527.180711 3558.151591 6240.659378 9080.394212 10619.39538 17477.13937
506 4738.769627 3455.039491 5577.866473 8808.455648 9868.637701 16046.16089
507 4767.650047 3162.439183 5825.943265 8404.975766 9199.92883 16487.81871
508 4949.254417 3450.675247 6127.574065 9136.31937 9188.547255 15677.96608
509 5014.203481 3230.504933 6099.971358 8696.649618 8647.970532 15821.19402
510 4772.696839 2904.186455 5676.748813 7330.147753 8955.536708 15668.13607
511 3936.095336 3260.827856 5656.748814 8043.024207 8314.228166 14908.23363